Time,"p","vorticity:0","vorticity:1","vorticity:2","C:0","C:1","C:2","U:0","U:1","U:2","Points:0","Points:1","Points:2"
194,-0.13501218,-3.5666465e-21,-2.1788969e-19,-0.00017654421,1.0312799,-1.953396,0.050000001,1.1495829,0.014369111,-2.1092189e-22,1.03128,-1.95339,0
194,-0.13048714,-5.742659e-21,3.1305542e-20,-0.00020414901,1.0310751,-2.0000012,0.050000001,1.1472678,0.011333026,3.0624814e-23,1.0310751,-2,0
194,-0.13250121,-2.2797796e-21,3.6063113e-20,-0.00020058444,0.99999911,-1.9999996,0.050000001,1.1492103,0.0096770786,4.0763573e-23,1,-2,0
194,-0.13715187,-2.2913638e-22,-2.1279005e-19,-0.00017032167,0.99999887,-1.9534671,0.050000001,1.1516817,0.012614802,-2.0343482e-22,1,-1.9534646,0
194,-0.12969424,-1.6058424e-20,6.3843744e-19,-0.00015997225,1.1025574,-1.9532275,0.050000001,1.1445053,0.017802279,6.519561e-22,1.10256,-1.95323,0
194,-0.12545319,-1.0664472e-20,7.6709189e-19,-0.00018380093,1.102358,-1.9999987,0.050000001,1.1425465,0.014598759,7.6455606e-22,1.1023604,-2,0
194,-0.12397106,6.0498992e-21,5.024991e-21,-0.00012806145,1.1738293,-1.9530575,0.050000001,1.1391928,0.02063307,1.9466042e-23,1.17383,-1.95306,0
194,-0.12003915,9.7838244e-21,-3.6783388e-19,-0.00016072193,1.1736337,-1.9999986,0.050000001,1.1376132,0.017297622,-3.4617539e-22,1.1736355,-2,0
194,-0.11788382,1.4275244e-21,-2.4399894e-22,-0.00013393651,1.2450994,-1.9528875,0.050000001,1.1337079,0.022827858,-3.7851954e-23,1.2451,-1.95289,0
194,-0.11428472,2.7084575e-21,-1.3063256e-19,-0.00015731138,1.2449079,-1.9999987,0.050000001,1.1325264,0.019400351,-1.6010284e-22,1.2449107,-2,0
194,-0.11147996,6.9697624e-21,-2.0620959e-19,-0.00012902975,1.3163654,-1.9527155,0.050000001,1.1281153,0.0243604,-1.9183172e-22,1.31637,-1.95272,0
194,-0.10823461,1.7840109e-21,-2.0434317e-19,-0.00013953912,1.3161781,-1.9999954,0.050000001,1.1273497,0.020884246,-1.7530725e-22,1.3161801,-2,0
194,-0.10481083,2.9415906e-20,-8.4163994e-19,-7.9660596e-05,1.3876271,-1.9525417,0.050000001,1.1224904,0.025211653,-7.3395407e-22,1.38763,-1.95254,0
194,-0.10193636,2.2584921e-20,-1.0892061e-18,-0.00010944945,1.3874437,-1.9999989,0.050000001,1.1221523,0.021732686,-8.975676e-22,1.3874453,-2,0
194,-0.097930826,-3.3844499e-21,1.9874446e-19,-6.8598092e-05,1.4588956,-1.9523662,0.050000001,1.1169102,0.025370333,1.3317711e-22,1.4589,-1.95237,0
194,-0.095442228,-1.8994123e-21,7.4652682e-20,-0.00010400787,1.4587139,-1.9999983,0.050000001,1.1170044,0.021938007,4.6863087e-23,1.4587147,-2,0
194,-0.090899102,-1.2326247e-20,4.1664638e-19,-6.153396e-05,1.5301577,-1.9521855,0.050000001,1.1114528,0.024835054,2.7699007e-22,1.53016,-1.95219,0
194,-0.088806547,-7.425501e-21,2.9283608e-19,-8.9979301e-05,1.5299799,-1.9999979,0.050000001,1.1119794,0.02149988,2.2593951e-22,1.5299799,-2,0
194,-0.083775334,1.1154021e-20,-4.0915853e-19,-1.4008154e-05,1.6014173,-1.9520078,0.050000001,1.1062003,0.023612892,-3.1217112e-22,1.60142,-1.95201,0
194,-0.082085386,9.0919872e-21,-4.0807534e-19,-6.107831e-05,1.601244,-1.9999987,0.050000001,1.1071548,0.020426968,-2.9354981e-22,1.6012454,-2,0
194,-0.076621056,2.1038617e-20,-1.0296879e-18,2.0193575e-05,1.6726795,-1.9518298,0.050000001,1.1012353,0.021721415,-6.3297295e-22,1.67268,-1.95183,0
194,-0.075336047,1.3462903e-20,-7.8139079e-19,-4.3275555e-05,1.672509,-1.9999996,0.050000001,1.1026057,0.018737225,-4.6218762e-22,1.6725107,-2,0
194,-0.069498144,-6.6190573e-21,4.0066015e-19,6.1461018e-05,1.7439417,-1.9516516,0.050000001,1.0966377,0.019187488,1.9611023e-22,1.74394,-1.95165,0
194,-0.06861598,-6.3379713e-21,5.2541241e-19,-1.0552524e-05,1.7437754,-2.0000005,0.050000001,1.098406,0.016457334,2.7413893e-22,1.7437762,-2,0
194,-0.062467966,-1.4322227e-20,8.1920489e-19,0.00011640279,1.8152076,-1.9514782,0.050000001,1.0924878,0.016048577,4.2987553e-22,1.81521,-1.95148,0
194,-0.061982423,-1.3431616e-20,9.4701323e-19,1.7563989e-05,1.8150445,-1.9999992,0.050000001,1.0946289,0.013623714,5.000585e-22,1.8150456,-2,0
194,-0.055591356,1.1156196e-20,-6.0626833e-19,0.00017893118,1.8864694,-1.9512995,0.050000001,1.0888603,0.012352355,-3.083471e-22,1.88647,-1.9513,0
194,-0.055491619,8.2348221e-21,-7.300587e-19,5.1113213e-05,1.8863091,-1.9999994,0.050000001,1.0913435,0.010281516,-3.6163691e-22,1.8863112,-2,0
194,-0.048926413,5.6629116e-21,-4.0993091e-19,0.0002588151,1.957733,-1.9511259,0.050000001,1.0858252,0.0081546269,-1.8639968e-22,1.9577399,-1.95113,0
194,-0.049197558,5.3068822e-21,-6.5957169e-19,0.00011618451,1.9575763,-1.9999993,0.050000001,1.0886143,0.0064844294,-2.8880397e-22,1.9575806,-2,0
194,-0.042529114,3.0701798e-21,8.0429139e-19,0.00033983644,2.0289972,-1.9509518,0.050000001,1.0834551,0.0035217446,2.4480714e-22,2.029,-1.95095,0
194,-0.043152086,3.6357536e-21,1.8281769e-19,0.00017050139,2.028846,-1.9999994,0.050000001,1.0865046,0.0022946778,3.9137646e-23,2.0288463,-2,0
194,-0.036453154,2.2270176e-21,3.7556767e-21,0.00044943206,2.1002674,-1.9507796,0.050000001,1.0818076,-0.0014720453,2.1764754e-25,2.10027,-1.95078,0
194,-0.037404593,6.7219744e-22,-3.7331669e-19,0.00024155919,2.1001194,-2.0000012,0.050000001,1.0850682,-0.002217399,-1.2182713e-22,2.1001217,-2,0
194,-0.030747851,1.4398732e-21,-6.0383264e-19,0.0006005771,2.1715395,-1.9506115,0.050000001,1.080935,-0.0067432774,-2.0631874e-22,2.17154,-1.95061,0
194,-0.032000702,3.5914073e-22,-4.8242833e-19,0.00032274623,2.1713924,-2.0000005,0.050000001,1.0843521,-0.0069732908,-1.6534619e-22,2.1713912,-2,0
194,-0.025456993,-4.7373821e-21,-4.0340221e-19,0.00078506587,2.2428095,-1.9504455,0.050000001,1.08088,-0.012201627,-8.5488894e-23,2.24281,-1.9504499,0
194,-0.026981104,-4.2466936e-21,-2.7883385e-19,0.00043347589,2.2426655,-1.999997,0.050000001,1.0843936,-0.011888781,-5.5930528e-23,2.242667,-2,0
194,-0.020621246,-1.1262509e-20,-8.0409922e-19,0.00099872611,2.3140814,-1.9502792,0.050000001,1.0816749,-0.017749738,-1.4862329e-22,2.31408,-1.95028,0
194,-0.02238336,-8.2888134e-21,-5.5566494e-19,0.00056997908,2.3139405,-1.9999985,0.050000001,1.085222,-0.016873039,-1.0908603e-22,2.3139429,-2,0
194,-0.01627606,-3.9224658e-21,-1.9863696e-19,0.0012561259,2.3853595,-1.9501178,0.050000001,1.0833449,-0.023284379,-2.3630426e-23,2.38536,-1.95012,0
194,-0.018239653,2.6331213e-21,5.1569393e-20,0.00071823376,2.3852208,-1.9999992,0.050000001,1.0868564,-0.021830181,-1.6390274e-25,2.3852224,-2,0
194,-0.012451456,-1.4480469e-20,-6.0815415e-19,0.0015709426,2.45664,-1.9499558,0.050000001,1.0858974,-0.028696941,-7.0687226e-23,2.45664,-1.94996,0
194,-0.014577497,-1.4804911e-20,-6.0998185e-19,0.00092263392,2.4565017,-1.9999996,0.050000001,1.0893025,-0.026659682,-7.7893161e-23,2.456502,-2,0
194,-0.0091714868,-7.3377673e-21,-4.0669211e-19,0.0019516194,2.5279176,-1.9497977,0.050000001,1.0893375,-0.033875287,-6.5871091e-23,2.52792,-1.9498,0
194,-0.011418396,-9.7820949e-21,-4.0648971e-19,0.0011644955,2.5277815,-1.9999992,0.050000001,1.0925626,-0.031258371,-5.4594697e-23,2.5277815,-2,0
194,-0.0064536515,-3.1097813e-20,-8.2073641e-19,0.0024033741,2.5991995,-1.9496392,0.050000001,1.0936472,-0.038705178,-3.8168117e-23,2.5992,-1.94964,0
194,-0.0087781083,-1.3571617e-20,-3.0464553e-19,0.0014415124,2.599067,-1.9999983,0.050000001,1.0966189,-0.035521347,-4.3000421e-24,2.5990674,-2,0
194,-0.0043088887,-4.2152177e-20,-1.0259512e-18,0.0029239482,2.6704884,-1.9494878,0.050000001,1.0987974,-0.0430713,-2.7898479e-23,2.67049,-1.94949,0
194,-0.0066659693,-2.3556913e-20,-6.3803067e-19,0.0017572526,2.6703563,-1.9999977,0.050000001,1.101439,-0.039343573,-3.2097504e-23,2.670357,-2,0
194,-0.0027409403,1.525111e-20,4.0741843e-19,0.0035243412,2.7417717,-1.94934,0.050000001,1.1047422,-0.04685951,1.8546835e-23,2.74177,-1.94934,0
194,-0.0050849249,1.0927244e-21,1.5305743e-20,0.0021204303,2.7416449,-2.0000012,0.050000001,1.1069806,-0.042620871,2.3205285e-25,2.741643,-2,0
194,-0.0017457564,5.5740037e-20,1.2432698e-18,0.0042054672,2.8130591,-1.94919,0.050000001,1.1114197,-0.04995985,1.6848895e-23,2.81306,-1.94919,0
194,-0.0040305494,3.5871418e-20,8.48678e-19,0.0025446094,2.8129358,-1.9999989,0.050000001,1.1131853,-0.045253951,2.2315149e-23,2.8129389,-2,0
194,-0.0013118825,1.9032633e-20,4.1354931e-19,0.0049821204,2.8843534,-1.9490417,0.050000001,1.1187549,-0.052266773,3.7189897e-24,2.8843601,-1.9490401,0
194,-0.0034919153,9.7093741e-21,2.8217941e-19,0.0030357896,2.8842294,-1.9999977,0.050000001,1.1199825,-0.047147524,1.5005553e-23,2.8842323,-2,0
194,-0.0014199972,-1.7824056e-20,-4.1584939e-19,0.0058510466,2.9556475,-1.9489,0.050000001,1.1266572,-0.053682879,-1.0500302e-23,2.9556501,-1.9489,0
194,-0.0034504062,-2.426187e-20,-5.5062953e-19,0.0035740368,2.9555271,-1.9999985,0.050000001,1.1272863,-0.048214942,-1.1842353e-23,2.9555285,-2,0
194,-0.0020424186,-1.2045566e-20,-2.1176215e-19,0.0067734057,3.0269477,-1.9487578,0.050000001,1.1350272,-0.054122485,9.8443382e-25,3.0269499,-1.94876,0
194,-0.0038804461,-4.1883814e-21,-7.5844959e-20,0.0041336608,3.0268283,-2.0000005,0.050000001,1.1350031,-0.048379339,3.5232323e-25,3.0268281,-2,0
194,-0.0031436568,-2.3812119e-20,-4.2560526e-19,0.007724958,3.0982502,-1.9486192,0.050000001,1.1437422,-0.053511724,-1.0381042e-24,3.0982499,-1.94862,0
194,-0.0047490755,-8.6017979e-21,-1.5148524e-19,0.0047214795,3.0981302,-1.9999998,0.050000001,1.1430211,-0.047576316,-3.6979423e-25,3.0981276,-2,0
194,-0.0046806731,-3.1279945e-20,-6.4566244e-19,0.0087050768,3.1695499,-1.9484875,0.050000001,1.1526722,-0.051792599,-2.0314011e-23,3.1695499,-1.94849,0
194,-0.0060168365,-2.0471277e-20,-5.0649246e-19,0.0053259525,3.1694336,-1.9999992,0.050000001,1.1512216,-0.045755278,-2.498854e-23,3.1694338,-2,0
194,-0.0066033178,-7.6767587e-21,1.2049124e-21,0.0096592251,3.2408519,-1.9483581,0.050000001,1.1616821,-0.048925936,1.472971e-23,3.24085,-1.94836,0
194,-0.0076380079,-1.7129204e-21,1.9415593e-21,0.0059059621,3.2407391,-1.9999993,0.050000001,1.159479,-0.042882316,5.5740632e-24,3.2407401,-2,0
194,-0.0088551072,-8.0589679e-21,-2.2329301e-19,0.010491025,3.3121595,-1.9482278,0.050000001,1.1706246,-0.044891961,-2.0610238e-23,3.31216,-1.94823,0
194,-0.0095611922,-1.0000544e-20,-3.622502e-19,0.0064130691,3.312048,-2.0000005,0.050000001,1.1676539,-0.038941551,-3.5833975e-23,3.3120499,-2,0
194,-0.011374164,-3.4908579e-20,-1.0944597e-18,0.011218477,3.3834693,-1.9480995,0.050000001,1.1793472,-0.039691318,-9.98585e-23,3.3834701,-1.9481,0
194,-0.011730327,-1.8251448e-20,-5.2397777e-19,0.0068658432,3.3833606,-1.9999996,0.050000001,1.1756134,-0.033935856,-4.2331475e-23,3.3833594,-2,0
194,-0.014094505,-1.6231524e-20,-6.6565731e-19,0.01181995,3.4547815,-1.9479783,0.050000001,1.1877021,-0.033347629,-7.6352048e-23,3.4547801,-1.94798,0
194,-0.014085898,3.068732e-21,5.1847629e-20,0.0072467132,3.4546747,-1.9999995,0.050000001,1.1832232,-0.027888251,-4.8345009e-24,3.4546757,-2,0
194,-0.016947737,2.8383309e-21,2.9713026e-21,0.012187455,3.5260978,-1.947854,0.050000001,1.1955473,-0.02590652,1.1211799e-24,3.5260999,-1.94785,0
194,-0.016566198,2.2973978e-21,1.4602416e-19,0.0074845552,3.5259893,-2.0000014,0.050000001,1.1903489,-0.020841021,2.1326831e-23,3.5259888,-2,0
194,-0.019863991,1.1716802e-21,2.2574147e-22,0.012351514,3.5974157,-1.947736,0.050000001,1.2027397,-0.017434191,-1.5978398e-24,3.59742,-1.94774,0
194,-0.019108731,2.6789543e-21,2.9097133e-19,0.0075913169,3.5973084,-1.9999995,0.050000001,1.1968669,-0.012855958,3.9876985e-23,3.5973086,-2,0
194,-0.022773916,-4.6470114e-21,-4.4936297e-19,0.012322695,3.6687341,-1.9476178,0.050000001,1.2091472,-0.0080198329,-7.6453931e-23,3.66873,-1.94762,0
194,-0.021651255,-3.085808e-21,-1.5335123e-19,0.0075821369,3.6686316,-1.999999,0.050000001,1.2026581,-0.0040128315,-2.089684e-23,3.6686316,-2,0
194,-0.025611464,-5.5950941e-21,-2.7726369e-21,0.01208024,3.7400579,-1.947504,0.050000001,1.2146574,0.0022327246,1.9169099e-25,3.7400601,-1.9475,0
194,-0.024133986,-3.166635e-21,1.4973759e-19,0.0074418029,3.739954,-2.0000014,0.050000001,1.2076198,0.0055930372,3.381906e-23,3.7399549,-2,0
194,-0.028313419,7.4731093e-22,-8.7636363e-22,0.011599189,3.8113821,-1.9473917,0.050000001,1.2191725,0.013201571,-1.5914982e-25,3.8113799,-1.94739,0
194,-0.026500748,-1.3298401e-21,-9.3543202e-22,0.0071502426,3.8112803,-1.9999992,0.050000001,1.2116621,0.015851738,-3.741746e-24,3.8112812,-2,0
194,-0.03082294,-1.6380098e-21,3.6211839e-21,0.010910843,3.8827078,-1.9472817,0.050000001,1.22261,0.024753472,1.3810288e-23,3.88271,-1.94728,0
194,-0.028700337,6.4970037e-21,-3.7245596e-19,0.0067357221,3.8826106,-1.9999998,0.050000001,1.214711,0.026643377,-7.4082363e-23,3.882611,-2,0
194,-0.033089742,-3.8146488e-21,1.1338347e-19,0.010105103,3.9540336,-1.9471785,0.050000001,1.2249097,0.03674658,2.5451968e-23,3.95403,-1.94718,0
194,-0.030687543,3.5239522e-21,-1.1041825e-19,0.0062410058,3.9539387,-1.9999995,0.050000001,1.2167162,0.037840191,-2.1014854e-23,3.9539375,-2,0
194,-0.035071939,-3.8890304e-21,-2.2530367e-22,0.0092091756,4.0253654,-1.9470695,0.050000001,1.226035,0.049035929,5.2632437e-24,4.0253701,-1.94707,0
194,-0.032423578,-3.5679846e-21,7.4587044e-20,0.0056951391,4.025269,-1.9999985,0.050000001,1.217643,0.049311362,1.7577041e-23,4.0252705,-2,0
194,-0.03673581,-1.7385212e-21,1.8552857e-21,0.0082100248,4.0966978,-1.9469672,0.050000001,1.22597,0.061473891,5.4359502e-24,4.0967002,-1.94697,0
194,-0.033878211,-7.6725036e-22,-5.9747431e-22,0.005102451,4.0966005,-1.9999975,0.050000001,1.2174742,0.060924519,-2.6993501e-24,4.0966005,-2,0
194,-0.038056862,1.8419601e-20,-3.4392063e-19,0.0071982397,4.1680322,-1.9468672,0.050000001,1.2247201,0.073917992,-1.0064727e-22,4.1680298,-1.94687,0
194,-0.035028361,1.0881067e-20,-1.922234e-19,0.0044981604,4.1679373,-1.9999974,0.050000001,1.2162149,0.072551258,-5.9643918e-23,4.1679368,-2,0
194,-0.03901998,4.8991791e-21,-1.166016e-19,0.0062318854,4.2393675,-1.9467673,0.050000001,1.2223101,0.08623296,-3.4702862e-23,4.2393699,-1.94677,0
194,-0.035859216,6.5491544e-21,-1.1466062e-19,0.0039083739,4.2392755,-1.9999988,0.050000001,1.2138872,0.084068328,-3.3035977e-23,4.2392769,-2,0
194,-0.039618257,2.9341022e-23,-2.3401555e-21,0.0053054956,4.310708,-1.9466742,0.050000001,1.2187852,0.098291971,-8.4048262e-24,4.31071,-1.9466701,0
194,-0.036363855,1.2549709e-20,-1.5021453e-19,0.0033374818,4.3106155,-2.0000014,0.050000001,1.2105296,0.095360637,-4.2033705e-23,4.3106165,-2,0
194,-0.03985275,1.8920648e-20,-2.2709778e-19,0.0044740974,4.3820477,-1.9465821,0.050000001,1.2141976,0.10998034,-7.0365629e-23,4.38205,-1.9465801,0
194,-0.036541924,2.4900684e-20,-2.9862011e-19,0.0028468464,4.3819566,-2.000001,0.050000001,1.2061906,0.10632374,-7.9583374e-23,4.3819561,-2,0
194,-0.039732419,2.17939e-20,-2.2340799e-19,0.0037230381,4.4533896,-1.9464898,0.050000001,1.2086227,0.12119779,-5.7924479e-23,4.4533901,-1.94649,0
194,-0.036399808,2.8135621e-20,-2.9701879e-19,0.0024012763,4.4533029,-2.0000014,0.050000001,1.2009338,0.11686514,-7.5149528e-23,4.4533029,-2,0
194,-0.039272353,-1.5938714e-20,1.1270623e-19,0.0030704886,4.524734,-1.9464003,0.050000001,1.2021452,0.13185912,3.9831253e-23,4.5247302,-1.9464,0
194,-0.035949741,-1.6031432e-20,1.1054676e-19,0.001997856,4.5246477,-2.0000029,0.050000001,1.1948327,0.12690495,3.5849998e-23,4.5246496,-2,0
194,-0.038492635,4.0377956e-20,-3.2768057e-19,0.0025238937,4.5960798,-1.9463122,0.050000001,1.1948477,0.14189363,-8.5308535e-23,4.5960798,-1.94631,0
194,-0.035208806,1.2102064e-20,-1.0504517e-19,0.0016655121,4.5959921,-1.9999994,0.050000001,1.1879624,0.13637699,-2.2291294e-23,4.5959926,-2,0
194,-0.037417162,9.5833191e-20,-7.6719554e-19,0.0020674302,4.6674304,-1.946228,0.050000001,1.18682,0.15124533,-1.9892774e-22,4.6674299,-1.9462301,0
194,-0.034196917,4.6704924e-20,-3.9939245e-19,0.0013850436,4.6673436,-2.0000005,0.050000001,1.1804019,0.14522755,-1.0562025e-22,4.6673427,-2,0
194,-0.036073577,3.2250812e-20,-2.1351406e-19,0.0017014485,4.73878,-1.9461417,0.050000001,1.1781552,0.15987374,-3.9857364e-23,4.73878,-1.9461401,0
194,-0.032937933,4.022822e-20,-2.8762554e-19,0.0011595068,4.7386961,-2.0000002,0.050000001,1.1722344,0.15341654,-6.3265086e-23,4.738699,-2,0
194,-0.034490548,-6.1817857e-20,4.3929955e-19,0.00139606,4.8101296,-1.9460577,0.050000001,1.1689452,0.16775036,1.3533752e-22,4.8101301,-1.9460599,0
194,-0.031457026,2.0070158e-20,-1.4794805e-19,0.00097052957,4.8100471,-1.999999,0.050000001,1.1635441,0.16091523,-2.0211839e-23,4.8100491,-2,0
194,-0.032698087,-4.9126366e-20,3.3070813e-19,0.0011532153,4.8814821,-1.9459778,0.050000001,1.1592802,0.17486033,9.9846737e-23,4.8814802,-1.94598,0
194,-0.0297803,-3.6075424e-20,2.5250166e-19,0.00081448979,4.8814006,-2.0000007,0.050000001,1.1544106,0.16770595,6.843569e-23,4.8813992,-2,0
194,-0.030726187,-1.7247923e-20,1.0493152e-19,0.00095912168,4.9528379,-1.9459003,0.050000001,1.14924,0.18119918,1.9275376e-23,4.9528399,-1.9459,0
194,-0.02793414,-3.7032996e-20,2.5062818e-19,0.00070033164,4.9527583,-2.0000029,0.050000001,1.1449068,0.17378144,5.2953506e-23,4.9527588,-2,0
194,-0.028604273,-1.6639345e-20,1.0720128e-19,0.00082353002,5.0241919,-1.9458218,0.050000001,1.1389003,0.18677001,2.3412347e-23,5.0241899,-1.94582,0
194,-0.025945039,-1.5426954e-20,1.0593628e-19,0.00061644183,5.0241146,-1.9999988,0.050000001,1.1351053,0.17914237,2.0022337e-23,5.0241151,-2,0
194,-0.026360095,1.9233804e-20,-1.0663576e-19,0.00072373654,5.0955496,-1.945748,0.050000001,1.1283351,0.19158538,-3.1815224e-23,5.0955501,-1.94575,0
194,-0.023837984,-3.012311e-20,1.7728423e-19,0.00055641268,5.0954719,-1.9999965,0.050000001,1.1250734,0.18379626,2.9106509e-23,5.0954752,-2,0
194,-0.024020595,1.9016243e-20,-1.0538313e-19,0.00062072696,5.1669073,-1.9456693,0.050000001,1.1176127,0.19566435,-2.6211253e-23,5.1669102,-1.94567,0
194,-0.021636559,-6.2322005e-21,3.7923976e-20,0.00049779686,5.1668305,-1.9999993,0.050000001,1.1148716,0.18775576,5.8968792e-24,5.1668353,-2,0
194,-0.0216101,1.3036986e-19,-7.1534476e-19,0.0005599485,5.2382693,-1.9455996,0.050000001,1.1067877,0.19902728,-1.1874308e-22,5.2382698,-1.9456,0
194,-0.019363785,1.0107686e-19,-5.7665816e-19,0.00044430446,5.2381945,-1.9999995,0.050000001,1.1045539,0.1910401,-9.0999062e-23,5.2381949,-2,0
194,-0.019150758,1.132531e-19,-6.0861514e-19,0.00051873573,5.309638,-1.9455322,0.050000001,1.0959076,0.20170206,-8.9742817e-23,5.3096399,-1.9455301,0
194,-0.01703972,6.0525406e-20,-3.3192057e-19,0.00040612894,5.3095632,-1.9999981,0.050000001,1.0941656,0.19367117,-4.69445e-23,5.3095651,-2,0
194,-0.016662905,-1.8419491e-20,1.0733775e-19,0.00046710539,5.3810024,-1.9454595,0.050000001,1.0850177,0.20371707,3.2029349e-23,5.381,-1.94546,0
194,-0.014682858,1.8750682e-20,-9.9010256e-20,0.00036252147,5.3809271,-1.9999983,0.050000001,1.0837479,0.19567183,5.2356387e-24,5.3809247,-2,0
194,-0.014164205,-7.7669597e-20,4.0421582e-19,0.00042347168,5.4523683,-1.9453936,0.050000001,1.074155,0.20510025,6.2386263e-23,5.4523702,-1.94539,0
194,-0.012309871,-4.9481925e-20,2.6496265e-19,0.00034063833,5.4522943,-2.0000024,0.050000001,1.0733398,0.19706705,3.5784974e-23,5.4522948,-2,0
194,-0.011670106,-5.8175961e-20,3.0024679e-19,0.00038815325,5.5237317,-1.9453303,0.050000001,1.0633552,0.20588247,3.8626833e-23,5.5237298,-1.94533,0
194,-0.0099355709,-6.5922514e-20,3.6815656e-19,0.00031304473,5.5236626,-1.9999989,0.050000001,1.0629753,0.19788447,3.6894709e-23,5.5236616,-2,0
194,-0.0091939298,1.8175556e-20,-9.6885998e-20,0.00034341172,5.5951023,-1.9452617,0.050000001,1.0526401,0.20609388,-4.7282784e-24,5.5950999,-1.94526,0
194,-0.0075721075,3.0460099e-20,-1.6425973e-19,0.00027426812,5.5950322,-2.0000036,0.050000001,1.0526743,0.19814754,-9.5089152e-24,5.5950313,-2,0
194,-0.0067468528,3.6142868e-20,-1.9377096e-19,0.00032544383,5.6664748,-1.9451977,0.050000001,1.0420276,0.20576099,-7.5725488e-24,5.6664701,-1.9452,0
194,-0.005230756,4.7700188e-20,-2.5973942e-19,0.00025538262,5.6664033,-2.000001,0.050000001,1.0424597,0.19788297,-8.4510716e-24,5.6664014,-2,0
194,-0.0043384037,1.6008806e-20,-9.6801697e-20,0.00033391739,5.7378421,-1.945138,0.050000001,1.0315377,0.20491169,6.6782948e-25,5.7378402,-1.94514,0
194,-0.002920561,4.2796396e-20,-2.2808779e-19,0.0002449927,5.7377734,-2.000001,0.050000001,1.032353,0.19711417,-5.6058803e-24,5.7377715,-2,0
194,-0.0019762246,-2.1552849e-21,-1.1185393e-22,0.00029146924,5.8092122,-1.9450803,0.050000001,1.0211827,0.20357025,3.5085204e-24,5.8092098,-1.94508,0
194,-0.00064903538,2.3948643e-20,-1.3082306e-19,0.00023299339,5.809145,-2.0000026,0.050000001,1.0223633,0.1958629,8.6264859e-25,5.8091412,-2,0
194,0.00033361313,-1.4799951e-21,-9.8237159e-22,0.00027145576,5.8805842,-1.94502,0.050000001,1.0109726,0.2017598,1.2810219e-24,5.8805799,-1.94502,0
194,0.0015776062,1.1086219e-20,-6.5365014e-20,0.00022756706,5.880518,-1.9999987,0.050000001,1.0125036,0.19415076,1.9685564e-24,5.880518,-2,0
194,0.0025863098,5.2725791e-20,-2.7842077e-19,0.00028308691,5.9519577,-1.94496,0.050000001,1.0009151,0.19950075,1.184806e-23,5.9519601,-1.94496,0
194,0.0037544523,2.8728096e-20,-1.5002243e-19,0.00022580594,5.9518919,-2.0000002,0.050000001,1.0027854,0.19199526,6.9153906e-24,5.9518909,-2,0
194,0.0047782175,1.8951937e-20,-9.3961753e-20,0.00027139939,6.0233321,-1.9449015,0.050000001,0.99101436,0.19681019,-5.7188846e-25,6.0233302,-1.9449,0
194,0.0058776638,-6.1070454e-21,3.364373e-20,0.00021936811,6.0232668,-2,0.050000001,0.99321085,0.18941285,-4.6076782e-24,6.0232682,-2,0
194,0.0069068796,-3.5886274e-20,1.8185833e-19,0.0002629871,6.0947094,-1.9448478,0.050000001,0.98127288,0.19370276,-1.1547179e-23,6.0947099,-1.94485,0
194,0.0079442365,-2.3465427e-20,1.1996805e-19,0.00021612397,6.094646,-1.9999961,0.050000001,0.98378581,0.18641831,-6.8221874e-24,6.0946479,-2,0
194,0.0089703882,3.5288824e-20,-1.8040473e-19,0.0002640615,6.16609,-1.9447937,0.050000001,0.97169304,0.19019219,1.4994891e-23,6.16609,-1.94479,0
194,0.0099521931,2.3075051e-20,-1.1891803e-19,0.00021825741,6.166028,-1.9999996,0.050000001,0.97451609,0.18302254,9.0842256e-24,6.1660275,-2,0
194,0.010967751,3.2643591e-20,-1.7960622e-19,0.00026867955,6.2374678,-1.944742,0.050000001,0.96227676,0.18628733,2.0599987e-23,6.2374701,-1.9447401,0
194,0.011900022,2.1586317e-20,-1.1654782e-19,0.00022452489,6.2374072,-1.9999993,0.050000001,0.96540368,0.17923555,1.4197865e-23,6.2374077,-2,0
194,0.012898354,-3.5685951e-20,1.7657831e-19,0.00027788526,6.3088455,-1.9446875,0.050000001,0.95302498,0.18199599,-1.9165183e-23,6.3088498,-1.94469,0
194,0.013786861,-2.2093395e-20,1.1520908e-19,0.00023183583,6.3087864,-2.0000002,0.050000001,0.95645225,0.17506365,-1.4814447e-23,6.3087878,-2,0
194,0.014762162,-1.6145058e-20,8.8354832e-20,0.00029786385,6.380228,-1.944638,0.050000001,0.94393903,0.17732294,-1.1344099e-23,6.3802299,-1.94464,0
194,0.01561209,-2.6462962e-20,1.4927003e-19,0.00024956604,6.3801684,-2.0000002,0.050000001,0.9476642,0.17051275,-2.19766e-23,6.3801675,-2,0
194,0.016559273,1.5903177e-20,-8.7908064e-20,0.00031795661,6.4516101,-1.9445902,0.050000001,0.93502033,0.17227075,1.2900744e-23,6.4516101,-1.94459,0
194,0.017375506,1.6098043e-20,-8.816659e-20,0.00027041128,6.4515505,-1.9999988,0.050000001,0.93904233,0.1655858,1.2922614e-23,6.4515476,-2,0
194,0.018290138,-9.5656592e-23,9.0297052e-23,0.00034294958,6.5229921,-1.94454,0.050000001,0.92627037,0.16683979,0,6.5229902,-1.94454,0
194,0.019077281,1.007236e-20,-6.0666492e-20,0.00029102183,6.5229335,-2.0000002,0.050000001,0.93059051,0.16028289,1.0620397e-23,6.5229344,-2,0
194,0.019955147,6.8778003e-26,6.8709217e-23,0.00037582731,6.594378,-1.9444895,0.050000001,0.91769224,0.16102804,0,6.5943799,-1.94449,0
194,0.020717362,9.8837332e-26,9.5393844e-23,0.00032238656,6.5943184,-1.9999995,0.050000001,0.92231333,0.15460323,0,6.5943174,-2,0
194,0.021554677,-6.6239501e-21,4.2423237e-20,0.00042045783,6.6657619,-1.9444417,0.050000001,0.90929204,0.1548319,-9.8086492e-24,6.66576,-1.94444,0
194,0.022295766,-2.0996273e-21,1.2900936e-20,0.00036385545,6.6657038,-1.9999979,0.050000001,0.914217,0.14854489,-2.9827178e-24,6.6657043,-2,0
194,0.023089146,-6.6182539e-21,4.2249206e-20,0.0004721997,6.7371483,-1.944398,0.050000001,0.90107554,0.14824589,-9.8001531e-24,6.7371502,-1.9444,0
194,0.023812609,-2.1026669e-21,1.287801e-20,0.00040966546,6.7370882,-2.0000007,0.050000001,0.90630943,0.14210352,-2.9870926e-24,6.7370872,-2,0
194,0.024558429,-2.3470959e-25,-2.2588528e-22,0.00052621408,6.8085322,-1.9443517,0.050000001,0.89305001,0.1412639,0,6.8085299,-1.94435,0
194,0.025267661,-7.7297959e-26,-6.8631744e-23,0.00046167686,6.808475,-1.9999992,0.050000001,0.89859837,0.13527369,0,6.8084745,-2,0
194,0.025962679,1.2222801e-20,-8.114888e-20,0.00059769815,6.87992,-1.9443101,0.050000001,0.88522655,0.13387625,2.2450066e-23,6.87992,-1.9443099,0
194,0.026660692,3.8025097e-21,-2.4595416e-20,0.00052441168,6.8798642,-2.0000029,0.050000001,0.891096,0.12804808,6.8044065e-24,6.8798642,-2,0
194,0.02730119,1.1464516e-20,-8.0027204e-20,0.00068990106,6.9513102,-1.944266,0.050000001,0.87761712,0.1260754,2.3538035e-23,6.9513102,-1.94427,0
194,0.027990824,3.5717602e-21,-2.4215367e-20,0.00060439453,6.9512539,-2.0000002,0.050000001,0.88381457,0.12042111,7.1223719e-24,6.9512544,-2,0
194,0.028573075,-1.2222902e-20,8.1311208e-20,0.00082086178,7.0226979,-1.9442195,0.050000001,0.87023598,0.11785304,-2.2470436e-23,7.0226998,-1.9442199,0
194,0.029257182,-3.7900523e-21,2.4560062e-20,0.00070987729,7.0226436,-1.9999999,0.050000001,0.87677002,0.11238481,-6.7872133e-24,7.022644,-2,0
194,0.029777234,-1.1237613e-20,8.0178048e-20,0.001049328,7.0940857,-1.94418,0.050000001,0.86310101,0.10919996,-2.3559407e-23,7.09409,-1.94418,0
194,0.030458424,-3.6728734e-21,2.4108646e-20,0.00087661232,7.0940309,-2,0.050000001,0.8699795,0.10393251,-7.1043898e-24,7.0940342,-2,0
194,0.030911684,-1.5795632e-23,-3.5592697e-22,0.0015090449,7.1654754,-1.94414,0.050000001,0.85622776,0.10011273,0,7.1654801,-1.94414,0
194,0.031592693,2.372228e-21,-2.7869906e-20,0.0011948488,7.1654205,-1.9999999,0.050000001,0.8634612,0.095060103,9.8675542e-24,7.1654243,-2,0
194,0.031974077,7.9066495e-21,-7.7880677e-20,0.0024528375,7.2368679,-1.9440998,0.050000001,0.84962922,0.09059605,2.725876e-23,7.2368698,-1.9441,0
194,0.032657709,-1.7195045e-22,4.892552e-21,0.0018294012,7.236815,-1.9999998,0.050000001,0.85723144,0.085769065,-1.5865202e-24,7.236814,-2,0
194,0.032961346,6.2073233e-21,-7.8159734e-20,0.0042647505,7.30826,-1.9440595,0.050000001,0.84330976,0.08066792,2.8997517e-23,7.30826,-1.94406,0
194,0.033650607,5.091768e-21,-7.77724e-20,0.0030688876,7.3082094,-2.0000012,0.050000001,0.85130155,0.076070465,3.0133019e-23,7.3082108,-2,0
194,0.033869561,-2.1580857e-21,1.3841532e-21,0.0074645351,7.379652,-1.9440219,0.050000001,0.83726001,0.070365034,1.3968546e-24,7.3796501,-1.94402,0
194,0.034567665,2.5364702e-21,-5.4572491e-20,0.0053255116,7.3796015,-1.9999994,0.050000001,0.84567273,0.065991223,2.172265e-23,7.379601,-2,0
194,0.034694001,7.9578036e-22,-3.5695361e-20,0.012605851,7.4510484,-1.9439861,0.050000001,0.83145094,0.059746198,1.5508535e-23,7.4510498,-1.94399,0
194,0.035404682,-4.9917826e-21,4.5795481e-20,0.0090982141,7.4509964,-1.9999988,0.050000001,0.84033108,0.055575497,-1.5267522e-23,7.450994,-2,0
194,0.035428904,-8.0996589e-21,1.1580384e-19,0.020111412,7.5224404,-1.9439476,0.050000001,0.82583457,0.048891429,-4.399713e-23,7.52244,-1.9439501,0
194,0.036156714,-4.0643495e-21,3.4792738e-20,0.014879819,7.5223913,-2.0000002,0.050000001,0.835244,0.044887654,-1.2262298e-23,7.5223908,-2,0
194,0.036067817,-5.7290101e-21,4.0251652e-20,0.030053245,7.593832,-1.9439119,0.050000001,0.82035452,0.037888091,-1.3791381e-23,7.5938301,-1.94391,0
194,0.036817793,-2.2491269e-21,-4.1829205e-20,0.022970494,7.5937829,-1.9999993,0.050000001,0.83036357,0.034007847,1.9175667e-23,7.593781,-2,0
194,0.036603514,4.9241904e-22,-3.570359e-20,0.041936044,7.6652298,-1.9438781,0.050000001,0.81495869,0.026816314,1.4866686e-23,7.6652298,-1.94388,0
194,0.037381556,-1.2132641e-21,-9.8214329e-21,0.03330195,7.6651807,-2.0000007,0.050000001,0.82563764,0.023018206,5.0634252e-24,7.6651807,-2,0
194,0.037028994,-4.3178174e-21,3.8810885e-20,0.054585464,7.7366281,-1.9438418,0.050000001,0.80962539,0.015729157,-1.377954e-23,7.73663,-1.94384,0
194,0.037841465,-3.8837745e-21,6.7207727e-20,0.04527403,7.7365785,-2.0000002,0.050000001,0.82102287,0.011991722,-2.6273255e-23,7.7365808,-2,0
194,0.037337959,-2.5770818e-21,7.4378769e-20,0.06621445,7.8080244,-1.9438102,0.050000001,0.80439019,0.0046312748,-2.9867243e-23,7.8080201,-1.94381,0
194,0.038191017,-2.0588712e-22,1.5620927e-19,0.057696465,7.8079762,-2,0.050000001,0.81650978,0.00097169221,-6.6247681e-23,7.8079777,-2,0
194,0.03752457,-2.4043303e-21,1.4881571e-19,0.074685685,7.8794198,-1.9437783,0.050000001,0.79935724,-0.0065296795,-6.2195889e-23,7.8794198,-1.9437799,0
194,0.038424067,-4.223795e-21,1.6530574e-20,0.068904623,7.8793716,-1.9999967,0.050000001,0.81213921,-0.010041965,-5.9429822e-24,7.8793707,-2,0
194,0.037585087,-2.4943315e-23,1.0934225e-19,0.077946521,7.9508152,-1.9437416,0.050000001,0.7947138,-0.017858943,-4.6153525e-23,7.95082,-1.94374,0
194,0.038536336,-1.8115199e-21,-4.6882723e-20,0.077017441,7.9507689,-2.0000002,0.050000001,0.80802143,-0.021098226,2.082172e-23,7.9507709,-2,0
194,0.037538812,4.3915164e-21,1.3635765e-19,0.075557813,7.9999971,-1.9437197,0.050000001,0.79196012,-0.025874598,-5.8857442e-23,8,-1.9437193,0
194,0.038528256,3.9457864e-21,1.0644461e-19,0.079286054,8,-2,0.050000001,0.80547529,-0.028810877,-4.6031362e-23,8,-2,0
194,-0.14576794,1.3658991e-20,-3.7417251e-19,-0.00011414312,0.9999969,-1.8738441,0.050000001,1.1562881,0.018323025,-3.974254e-22,1,-1.8738455,0
194,-0.14337845,1.8809913e-20,-8.521397e-19,-0.00010662845,1.0316262,-1.8737677,0.050000001,1.1538827,0.020263603,-9.2835706e-22,1.03163,-1.87377,0
194,-0.13750215,7.0924938e-21,-4.3938981e-19,-8.4434956e-05,1.1028914,-1.8735895,0.050000001,1.1481179,0.024011031,-4.8995224e-22,1.10289,-1.87359,0
194,-0.13117334,-4.3767063e-21,4.2045694e-19,-4.5978955e-05,1.1741576,-1.8734093,0.050000001,1.1420704,0.027086716,4.1155674e-22,1.17416,-1.87341,0
194,-0.12443866,-6.8437313e-21,2.1449533e-19,-1.8675093e-05,1.245417,-1.8732293,0.050000001,1.1358179,0.029449662,2.0271987e-22,1.24542,-1.87323,0
194,-0.11735055,2.4159474e-21,-2.9676284e-21,-1.7451592e-06,1.3166752,-1.8730501,0.050000001,1.1294303,0.031066677,-7.1577122e-25,1.31668,-1.87305,0
194,-0.10996687,-8.848431e-21,6.2364864e-19,5.5250512e-05,1.3879315,-1.8728683,0.050000001,1.1229855,0.031913064,5.2096162e-22,1.38793,-1.87287,0
194,-0.10234975,-2.8554741e-21,2.1773105e-19,0.00010231909,1.4591895,-1.8726795,0.050000001,1.1165804,0.031974431,1.5220299e-22,1.45919,-1.8726799,0
194,-0.094565324,1.5973871e-20,-6.2425946e-19,0.00015389205,1.5304456,-1.8724912,0.050000001,1.1103003,0.031245423,-5.3707897e-22,1.53045,-1.87249,0
194,-0.086681552,9.5833898e-21,-2.1095959e-19,0.00025141577,1.6016974,-1.872308,0.050000001,1.1042354,0.029732147,-1.6429205e-22,1.6016999,-1.87231,0
194,-0.078768209,4.2399687e-21,-1.7860332e-21,0.00034614844,1.672956,-1.8721218,0.050000001,1.0984852,0.027452754,-4.0005188e-25,1.67296,-1.87212,0
194,-0.070895821,-3.6367141e-21,1.2757209e-21,0.00044649446,1.7442119,-1.87194,0.050000001,1.0931404,0.024435394,7.422269e-25,1.74421,-1.87194,0
194,-0.063133568,-1.8355088e-22,1.2470186e-21,0.00056645286,1.8154677,-1.8717583,0.050000001,1.0882903,0.020720566,-1.0561035e-24,1.81547,-1.87176,0
194,-0.05555002,4.3300134e-21,2.3557585e-21,0.00070776144,1.8867258,-1.8715715,0.050000001,1.0840226,0.016359836,-7.2147202e-25,1.88673,-1.87157,0
194,-0.04821166,4.691644e-21,-2.0103076e-19,0.0008777671,1.9579817,-1.8713897,0.050000001,1.0804203,0.011415568,-7.254091e-23,1.95798,-1.87139,0
194,-0.041180905,1.2846191e-21,8.0174874e-19,0.0011083386,2.0292392,-1.8712097,0.050000001,1.0775627,0.0059604878,2.2556113e-22,2.0292399,-1.87121,0
194,-0.034517415,1.3517734e-21,6.0268173e-19,0.001396285,2.1005054,-1.8710338,0.050000001,1.0755178,7.7124692e-05,1.5646429e-22,2.1005099,-1.87104,0
194,-0.028276848,3.9888939e-21,-5.9856263e-19,0.001760314,2.1717718,-1.8708572,0.050000001,1.0743451,-0.0061412342,-1.9778048e-22,2.1717701,-1.87086,0
194,-0.022509586,-7.0153039e-22,-4.0033236e-19,0.0021947531,2.2430375,-1.8706855,0.050000001,1.0740976,-0.012593705,-9.9072953e-23,2.2430401,-1.87069,0
194,-0.01726146,-5.315358e-21,-3.9959862e-19,0.00269696,2.3143053,-1.8705156,0.050000001,1.0748175,-0.019170644,-6.0301531e-23,2.3143101,-1.87052,0
194,-0.012572568,8.6347429e-21,2.0071213e-19,0.0033142783,2.3855777,-1.8703452,0.050000001,1.0765325,-0.025755307,3.4130828e-24,2.3855801,-1.87035,0
194,-0.0084770015,-2.2046813e-20,-5.9906421e-19,0.0040595098,2.456852,-1.8701793,0.050000001,1.0792549,-0.032224711,-1.22122e-23,2.4568501,-1.87018,0
194,-0.0050023389,-2.8619099e-20,-8.0450444e-19,0.0049881078,2.5281255,-1.8700175,0.050000001,1.0829924,-0.038450938,-2.6432018e-23,2.5281301,-1.87002,0
194,-0.0021691297,-5.8854683e-22,-1.1400669e-20,0.0060750004,2.5994015,-1.8698575,0.050000001,1.0877298,-0.044302806,-9.7653549e-24,2.5994,-1.8698601,0
194,9.9901999e-06,-8.8482836e-23,-4.9159837e-21,0.00733819,2.6706882,-1.869702,0.050000001,1.0934348,-0.04964792,-6.0549224e-24,2.6706901,-1.8697,0
194,0.001529735,2.562659e-20,6.1402816e-19,0.0087992037,2.7419674,-1.8695483,0.050000001,1.1000599,-0.054353558,1.3377773e-23,2.7419701,-1.86955,0
194,0.0023943048,3.1536581e-20,6.1633558e-19,0.010445173,2.8132491,-1.8693941,0.050000001,1.1075395,-0.058291636,-9.6886579e-24,2.8132501,-1.86939,0
194,0.0026160269,2.2772402e-20,4.1483992e-19,0.012273782,2.8845396,-1.869244,0.050000001,1.1157897,-0.06133749,-1.0164662e-23,2.8845401,-1.86924,0
194,0.0022164893,3.679006e-20,6.2869506e-19,0.014277535,2.9558315,-1.8690981,0.050000001,1.1247071,-0.063376762,-1.2604373e-23,2.9558301,-1.8691,0
194,0.0012271635,1.401116e-20,2.0972539e-19,0.016428035,3.0271277,-1.8689518,0.050000001,1.1341822,-0.064307272,-9.7422815e-24,3.0271299,-1.86895,0
194,-0.000311426,-2.5498125e-20,-4.2582077e-19,0.018615661,3.0984259,-1.8688121,0.050000001,1.1440798,-0.064039573,3.0946006e-24,3.0984299,-1.8688101,0
194,-0.0023493569,-1.3490258e-20,-2.1604957e-19,0.020805964,3.169724,-1.8686738,0.050000001,1.1542495,-0.062503874,-2.0093313e-24,3.1697199,-1.86867,0
194,-0.0048286607,-9.9389749e-22,-1.0159192e-21,0.022908593,3.2410257,-1.8685398,0.050000001,1.1645397,-0.059650041,-1.457491e-25,3.24103,-1.86854,0
194,-0.0076829209,-3.9291487e-21,-1.8070756e-22,0.024824832,3.31233,-1.8684077,0.050000001,1.1747847,-0.055452477,2.9567183e-24,3.31233,-1.86841,0
194,-0.010839577,-2.8313714e-20,-6.6611247e-19,0.02644079,3.3836381,-1.8682778,0.050000001,1.1848097,-0.0499091,-6.2648847e-23,3.3836401,-1.8682801,0
194,-0.014220621,-2.6305072e-20,-6.6616706e-19,0.027673947,3.4549456,-1.8681498,0.050000001,1.1944423,-0.043045431,-6.9517698e-23,3.4549501,-1.86815,0
194,-0.01774486,4.9828827e-21,2.2202414e-19,0.028461464,3.526258,-1.8680235,0.050000001,1.2035198,-0.034912203,3.0784379e-23,3.5262599,-1.8680201,0
194,-0.021329455,6.815793e-21,2.2682872e-19,0.028770456,3.5975718,-1.8679023,0.050000001,1.2118747,-0.025586372,3.5083604e-23,3.5975699,-1.8679,0
194,-0.024892567,5.3079984e-22,-2.250926e-19,0.028565597,3.6688876,-1.8677793,0.050000001,1.2193524,-0.015170463,-4.0582842e-23,3.66889,-1.86778,0
194,-0.028355097,7.3937138e-22,-4.5566873e-19,0.027831772,3.7402081,-1.8676658,0.050000001,1.2258197,-0.0037872538,-9.6147516e-23,3.7402101,-1.8676701,0
194,-0.031642787,-5.6651956e-21,4.5598388e-19,0.026640033,3.8115299,-1.8675525,0.050000001,1.2311623,0.0084200539,1.1200334e-22,3.8115301,-1.86755,0
194,-0.034688409,-1.2797786e-20,9.1885042e-19,0.025031773,3.8828518,-1.8674402,0.050000001,1.2352823,0.021294374,2.2657123e-22,3.8828499,-1.86744,0
194,-0.037433557,8.8818569e-22,1.1892215e-21,0.023090232,3.9541774,-1.8673297,0.050000001,1.2381049,0.034668285,-6.7011768e-26,3.95418,-1.86733,0
194,-0.03982934,-4.3622537e-21,-3.877641e-23,0.020903099,4.0255055,-1.867219,0.050000001,1.2395875,0.048369113,6.7575332e-24,4.0255098,-1.86722,0
194,-0.041837484,-2.0827852e-20,3.4228824e-19,0.018580161,4.096838,-1.8671155,0.050000001,1.2397149,0.062223557,9.8631311e-23,4.0968399,-1.86712,0
194,-0.043431353,-9.6558546e-21,1.1492929e-19,0.016233876,4.16817,-1.867016,0.050000001,1.2384899,0.076063529,4.0379328e-23,4.16817,-1.86702,0
194,-0.044596154,-1.9441927e-20,2.2947371e-19,0.01395778,4.239502,-1.8669137,0.050000001,1.2359428,0.089730471,7.7158226e-23,4.2395,-1.86691,0
194,-0.04532649,1.0657409e-21,-5.1933447e-22,0.011822648,4.3108397,-1.8668183,0.050000001,1.2321299,0.10307778,-1.0363906e-23,4.3108401,-1.86682,0
194,-0.045627315,5.6532799e-20,-5.730821e-19,0.0098394006,4.3821774,-1.8667197,0.050000001,1.2271202,0.11597379,-2.0500929e-22,4.3821802,-1.86672,0
194,-0.04551189,1.5599092e-21,-5.1166351e-21,0.0080630584,4.4535174,-1.8666255,0.050000001,1.221005,0.12830451,-1.0807039e-23,4.4535198,-1.86663,0
194,-0.04500163,-1.0124421e-20,1.1722902e-19,0.0065560862,4.5248623,-1.8665317,0.050000001,1.2138828,0.13997661,4.5697829e-23,4.5248599,-1.8665299,0
194,-0.044123143,-3.5652813e-21,4.4522835e-21,0.0052739223,4.5962081,-1.8664415,0.050000001,1.2058553,0.15091254,1.9699275e-23,4.59621,-1.8664401,0
194,-0.042907432,5.0044644e-20,-3.2520743e-19,0.0042151483,4.667552,-1.8663583,0.050000001,1.1970326,0.16105321,-8.9542636e-23,4.6675501,-1.8663599,0
194,-0.041389283,-1.7418916e-20,1.0710534e-19,0.0033561168,4.7389026,-1.8662722,0.050000001,1.1875252,0.17036018,3.6524086e-23,4.7389002,-1.8662699,0
194,-0.039604694,-7.6424593e-20,5.511917e-19,0.002646391,4.8102522,-1.8661883,0.050000001,1.1774451,0.17880753,1.6058196e-22,4.8102498,-1.86619,0
194,-0.037590697,-1.6712173e-20,1.0409099e-19,0.0021187942,4.8816023,-1.8661015,0.050000001,1.1668929,0.18638554,1.6699912e-23,4.8815999,-1.8661,0
194,-0.035383251,1.7429547e-20,-1.0394321e-19,0.0017119459,4.9529543,-1.8660195,0.050000001,1.1559628,0.1930957,-2.3838514e-23,4.95295,-1.86602,0
194,-0.033017352,9.4043689e-20,-5.3439802e-19,0.0013830994,5.0243077,-1.8659418,0.050000001,1.1447426,0.19894986,-1.5016558e-22,5.0243101,-1.86594,0
194,-0.030525865,-2.3815144e-21,-9.585648e-22,0.0011194922,5.0956621,-1.8658683,0.050000001,1.1333152,0.20396808,6.9823538e-24,5.0956602,-1.86587,0
194,-0.027939782,-2.1446947e-20,1.1016597e-19,0.00092896441,5.1670198,-1.8657898,0.050000001,1.1217551,0.20817877,4.2012198e-23,5.1670198,-1.86579,0
194,-0.025287218,5.9710989e-20,-3.0419681e-19,0.00080443855,5.2383795,-1.8657178,0.050000001,1.1101202,0.21161169,-4.9600734e-23,5.23838,-1.86572,0
194,-0.022593349,-6.1011502e-22,4.0749251e-21,0.00070559606,5.309742,-1.8656483,0.050000001,1.0984627,0.21430236,1.5046381e-23,5.3097401,-1.8656501,0
194,-0.019880652,-6.1714181e-20,3.0887591e-19,0.00063297752,5.3811078,-1.8655738,0.050000001,1.0868301,0.21628748,6.7586327e-23,5.3811102,-1.8655699,0
194,-0.017168425,-6.0984866e-20,3.0249778e-19,0.00055674725,5.4524698,-1.8655083,0.050000001,1.075265,0.21760163,4.8600351e-23,5.4524698,-1.86551,0
194,-0.01447351,-5.8705952e-20,2.980711e-19,0.00050966331,5.5238318,-1.8654405,0.050000001,1.0637977,0.21828419,3.4657799e-23,5.5238299,-1.86544,0
194,-0.011809858,-1.9097427e-20,9.8429426e-20,0.00047441976,5.5952024,-1.8653694,0.050000001,1.0524477,0.21837011,8.6828019e-24,5.5952001,-1.86537,0
194,-0.0091891168,1.6155039e-21,7.6199399e-22,0.0004329689,5.6665726,-1.8653055,0.050000001,1.0412326,0.21789195,-1.898789e-24,5.6665702,-1.86531,0
194,-0.0066210516,-5.8593326e-20,2.8595383e-19,0.0004056945,5.7379375,-1.8652415,0.050000001,1.0301701,0.21688268,1.1598089e-23,5.7379398,-1.86524,0
194,-0.0041130553,-1.8644963e-20,9.7149662e-20,0.0003720363,5.8093081,-1.8651798,0.050000001,1.0192775,0.21536981,4.8460676e-24,5.80931,-1.86518,0
194,-0.0016708855,2.2561015e-20,-9.5654811e-20,0.00035216787,5.8806801,-1.8651201,0.050000001,1.0085526,0.21338002,-1.0085535e-23,5.8806801,-1.8651201,0
194,0.00070112402,-1.9902253e-20,9.1327913e-20,0.00034296347,5.9520521,-1.86506,0.050000001,0.9979986,0.21093655,-1.7195044e-24,5.9520502,-1.86506,0
194,0.0029999148,-2.0780249e-20,8.8704458e-20,0.00033832382,6.023428,-1.8650018,0.050000001,0.98762298,0.20805861,-4.0514531e-24,6.0234299,-1.865,0
194,0.0052235667,-1.850262e-20,8.9328999e-20,0.00033396643,6.0947995,-1.8649483,0.050000001,0.97742242,0.20476294,-6.9944139e-24,6.0948,-1.8649499,0
194,0.007371088,5.6779409e-20,-2.6875271e-19,0.000332136,6.1661754,-1.864892,0.050000001,0.96739572,0.20106359,1.7784279e-23,6.1661801,-1.86489,0
194,0.0094420388,1.9153333e-20,-9.0869028e-20,0.00033926903,6.237555,-1.8648357,0.050000001,0.95754206,0.1969704,3.5168137e-24,6.2375598,-1.86484,0
194,0.011436576,-8.2486435e-21,4.5527998e-20,0.00034814246,6.3089314,-1.8647795,0.050000001,0.94785941,0.19249165,-4.0573475e-24,6.3089299,-1.8647799,0
194,0.013355603,2.7856648e-20,-1.3132354e-19,0.00036540968,6.3803096,-1.86473,0.050000001,0.93834585,0.18763031,1.3435989e-23,6.3803101,-1.86473,0
194,0.015199801,-1.4769203e-22,9.4012808e-23,0.00039091939,6.4516916,-1.8646801,0.050000001,0.9289999,0.18238933,0,6.4516902,-1.8646801,0
194,0.016970281,-6.7137642e-23,-4.7028288e-26,0.0004212998,6.523078,-1.8646297,0.050000001,0.91982049,0.17676775,0,6.5230799,-1.86463,0
194,0.018667923,0,0,0.0004543715,6.59446,-1.8645798,0.050000001,0.91080928,0.17076229,0,6.59446,-1.86458,0
194,0.0202938,1.6411807e-22,1.0634805e-25,0.00050261663,6.6658416,-1.8645297,0.050000001,0.9019689,0.16436763,0,6.6658401,-1.86453,0
194,0.021848818,6.1357551e-23,3.4374321e-26,0.00056325219,6.7372279,-1.8644817,0.050000001,0.89330292,0.15757608,0,6.7372298,-1.86448,0
194,0.023333397,-1.0304415e-22,-1.5745426e-22,0.00062480866,6.8086119,-1.8644381,0.050000001,0.88481843,0.15037853,0,6.80861,-1.86444,0
194,0.024747862,1.2010095e-20,-8.1215009e-20,0.00070976111,6.8799977,-1.8643914,0.050000001,0.87652344,0.14276412,2.2468403e-23,6.8800001,-1.86439,0
194,0.026091984,1.1218511e-20,-7.9963227e-20,0.00083169463,6.9513817,-1.8643476,0.050000001,0.8684299,0.13472189,2.3521395e-23,6.9513798,-1.86435,0
194,0.027365098,-1.1949838e-20,8.1119431e-20,0.0010315186,7.0227718,-1.8643014,0.050000001,0.86054975,0.12624095,-2.2489276e-23,7.0227699,-1.8643,0
194,0.028566159,5.0092204e-21,-3.6761587e-20,0.0014421565,7.094162,-1.8642595,0.050000001,0.8528983,0.1173124,1.247307e-23,7.0941601,-1.86426,0
194,0.02969322,5.7897223e-21,-3.890949e-20,0.0023037766,7.1655498,-1.8642198,0.050000001,0.84548628,0.1079362,1.1643232e-23,7.1655502,-1.86422,0
194,0.030743651,-2.9122479e-21,1.2968231e-22,0.0040193042,7.2369399,-1.86418,0.050000001,0.83831656,0.098126277,2.8607408e-24,7.2369399,-1.86418,0
194,0.031713951,7.5093548e-21,-7.5817772e-20,0.0071292035,7.3083301,-1.86414,0.050000001,0.8313778,0.087916896,2.6809201e-23,7.3083301,-1.86414,0
194,0.032599613,-1.9645598e-21,1.223804e-21,0.012239153,7.379724,-1.8640997,0.050000001,0.82463908,0.077365831,1.4816476e-24,7.3797202,-1.8641,0
194,0.033395,-2.9638881e-21,6.7082112e-24,0.019798024,7.4511204,-1.8640594,0.050000001,0.81804919,0.066553324,2.4546738e-24,7.4511199,-1.86406,0
194,0.034093261,-7.5478469e-22,2.839973e-21,0.029845232,7.5225101,-1.8640215,0.050000001,0.81154817,0.05557147,-1.8768147e-25,7.5225101,-1.86402,0
194,0.034686912,-5.7402138e-21,7.4253503e-20,0.041775502,7.5939021,-1.863988,0.050000001,0.80508453,0.044499993,-2.7982714e-23,7.5939002,-1.8639899,0
194,0.035168104,-3.1748705e-21,-8.8163478e-22,0.054173529,7.665298,-1.8639523,0.050000001,0.79864049,0.033383287,2.0400205e-24,7.6652999,-1.86395,0
194,0.035529807,3.2313063e-21,-1.4427338e-19,0.064939916,7.736692,-1.863914,0.050000001,0.79226941,0.022206411,5.9040906e-23,7.73669,-1.86391,0
194,0.03576643,-1.7732119e-21,3.4414318e-22,0.071638159,7.8080897,-1.86388,0.050000001,0.78611183,0.010882918,9.7601845e-25,7.8080902,-1.86388,0
194,0.03587408,-1.9325514e-21,3.7993407e-20,0.071970053,7.8794885,-1.8638486,0.050000001,0.78039819,-0.00073505234,-1.5130799e-23,7.8794899,-1.86385,0
194,0.03585159,5.82659e-21,1.7993608e-19,0.064386569,7.950882,-1.8638117,0.050000001,0.77543634,-0.012832649,-7.6081457e-23,7.9508801,-1.8638099,0
194,0.035747565,3.7011773e-22,5.6041603e-20,0.053440992,8.000001,-1.8637899,0.050000001,0.77277762,-0.021612084,-2.4074243e-23,8,-1.8637893,0
194,-0.15512928,-6.8542617e-21,5.11185e-19,2.5063693e-05,0.99999696,-1.7942153,0.050000001,1.1613369,0.02478618,6.5173027e-22,1,-1.7942152,0
194,-0.15246597,-5.33383e-23,2.3019795e-19,5.7712914e-05,1.0319663,-1.7941309,0.050000001,1.1585879,0.026944516,3.1398807e-22,1.03197,-1.79413,0
194,-0.14597788,-1.053937e-21,-6.7060187e-21,0.00013155173,1.1032215,-1.7939476,0.050000001,1.1520555,0.031062778,-5.8886807e-23,1.10322,-1.79395,0
194,-0.13898259,-9.3482815e-21,2.1853422e-19,0.00020055805,1.1744775,-1.7937573,0.050000001,1.1451879,0.034432467,2.2761813e-22,1.17448,-1.7937599,0
194,-0.13153233,1.1553049e-20,-4.2833842e-19,0.00031072515,1.2457271,-1.7935656,0.050000001,1.138068,0.037003472,-4.8069104e-22,1.24573,-1.79357,0
194,-0.12368519,-7.2353844e-21,2.0194318e-19,0.00040147163,1.3169773,-1.7933718,0.050000001,1.130778,0.038734663,1.9114144e-22,1.31698,-1.79337,0
194,-0.11550614,-2.9949276e-20,8.3593622e-19,0.00047970135,1.3882297,-1.79318,0.050000001,1.1234055,0.039594363,7.2075467e-22,1.38823,-1.79318,0
194,-0.10706706,-2.2587491e-21,2.1485088e-19,0.00061327079,1.4594777,-1.7929856,0.050000001,1.1160579,0.039563127,1.7603489e-22,1.45948,-1.79299,0
194,-0.098442882,2.2222487e-20,-6.2017189e-19,0.0007638688,1.5307213,-1.7927896,0.050000001,1.1088356,0.038632378,-4.921553e-22,1.53072,-1.7927901,0
194,-0.089710325,-1.4911207e-20,4.0400207e-19,0.00094922911,1.6019691,-1.7925978,0.050000001,1.101838,0.036806107,2.9085685e-22,1.60197,-1.7926,0
194,-0.080949388,9.4002382e-22,1.2709071e-20,0.0011796781,1.6732196,-1.7924055,0.050000001,1.0951804,0.034102242,4.1120091e-23,1.67322,-1.79241,0
194,-0.072240002,1.9187025e-20,-6.107152e-19,0.0014312667,1.7444695,-1.7922161,0.050000001,1.0889679,0.030551553,-3.7911653e-22,1.74447,-1.79222,0
194,-0.063660912,-3.1166299e-21,1.9978741e-19,0.0017313618,1.81572,-1.7920238,0.050000001,1.0833027,0.026197448,1.1673519e-22,1.81572,-1.79202,0
194,-0.05528941,-2.8639693e-21,2.0209456e-19,0.0021029501,1.88697,-1.7918363,0.050000001,1.0782853,0.021095455,9.9733463e-23,1.88697,-1.79184,0
194,-0.047200385,-4.8467194e-21,5.9402099e-19,0.0025326896,1.9582214,-1.7916483,0.050000001,1.0740079,0.015315695,1.9864625e-22,1.95822,-1.7916501,0
194,-0.039464392,-2.3619094e-21,4.0511442e-19,0.003064173,2.0294774,-1.7914616,0.050000001,1.0705601,0.0089376159,1.2725772e-22,2.02948,-1.79146,0
194,-0.032147963,5.9386608e-21,-1.9633667e-19,0.0037465624,2.1007378,-1.7912798,0.050000001,1.0680226,0.0020529649,-9.5230134e-23,2.10074,-1.79128,0
194,-0.025313666,4.592634e-21,-3.7021147e-21,0.004570486,2.1719978,-1.7910998,0.050000001,1.0664651,-0.0052344096,-3.9394789e-23,2.1719999,-1.7911,0
194,-0.019019365,1.6129693e-21,-2.0084357e-21,0.0055342177,2.2432578,-1.790922,0.050000001,1.06595,-0.012811334,-1.7286585e-23,2.2432599,-1.79092,0
194,-0.013316259,4.9240672e-21,1.9947451e-19,0.0067170789,2.314522,-1.7907435,0.050000001,1.0665274,-0.020554936,2.4790318e-23,2.3145199,-1.79074,0
194,-0.0082497662,1.5546708e-20,6.0436649e-19,0.008169869,2.3857877,-1.790567,0.050000001,1.0682299,-0.028333761,6.1229231e-23,2.3857901,-1.79057,0
194,-0.0038587605,-9.8927772e-21,-2.0361932e-19,0.0098937452,2.4570553,-1.7903973,0.050000001,1.071075,-0.03600838,8.049827e-24,2.4570601,-1.7904,0
194,-0.00017492242,-4.056159e-20,-1.0042672e-18,0.011981145,2.5283253,-1.7902294,0.050000001,1.0750674,-0.043433245,-1.2274915e-23,2.5283301,-1.79023,0
194,0.0027775615,-2.1518332e-21,9.4737101e-22,0.014452083,2.599597,-1.7900678,0.050000001,1.0801998,-0.050458103,1.5468755e-23,2.5996001,-1.7900701,0
194,0.0049835024,1.4751357e-20,4.0668867e-19,0.017318625,2.6708775,-1.7899103,0.050000001,1.0864398,-0.056930788,1.7347012e-23,2.6708801,-1.78991,0
194,0.006436375,-2.8573864e-21,2.7123735e-21,0.02059689,2.7421575,-1.789748,0.050000001,1.0937349,-0.062698632,1.7836989e-23,2.7421601,-1.78975,0
194,0.007139476,4.1261837e-21,-2.1505508e-21,0.024290806,2.8134377,-1.7895898,0.050000001,1.1020148,-0.067611247,-1.6599068e-23,2.8134401,-1.78959,0
194,0.0071059484,3.8114948e-21,-2.3549422e-21,0.028383415,2.8847258,-1.7894405,0.050000001,1.1111873,-0.071523659,-1.6601109e-23,2.8847301,-1.78944,0
194,0.0063599828,2.918774e-20,4.1979698e-19,0.032787323,2.956012,-1.7892903,0.050000001,1.1211421,-0.074301861,-2.2153746e-23,2.9560101,-1.78929,0
194,0.0049368571,1.1675731e-20,2.0916733e-19,0.037421718,3.0272996,-1.7891418,0.050000001,1.1317546,-0.075822972,-4.8584551e-24,3.0272999,-1.78914,0
194,0.0028826396,-3.5195427e-20,-4.2387591e-19,0.042152267,3.0985956,-1.789001,0.050000001,1.1428822,-0.075981088,2.5738756e-23,3.0985999,-1.789,0
194,0.00025480645,6.5077857e-21,2.1626057e-19,0.046814136,3.1698916,-1.7888608,0.050000001,1.1543571,-0.074691974,1.6150902e-23,3.1698899,-1.78886,0
194,-0.0028790513,3.4906356e-20,6.483969e-19,0.051226337,3.2411895,-1.7887177,0.050000001,1.1660095,-0.071893461,1.8003196e-23,3.24119,-1.78872,0
194,-0.006441664,1.0897793e-20,2.1705713e-19,0.055196214,3.3124917,-1.7885795,0.050000001,1.1776545,-0.067550927,1.026113e-23,3.31249,-1.7885799,0
194,-0.010347735,-4.0119451e-21,-1.0376959e-21,0.058503862,3.3837979,-1.7884477,0.050000001,1.1890997,-0.061657567,1.6805302e-25,3.3838,-1.78845,0
194,-0.014504929,5.6903758e-21,2.2399456e-19,0.060968742,3.455102,-1.788318,0.050000001,1.200152,-0.054239631,3.2453028e-23,3.4551001,-1.7883199,0
194,-0.018817017,-1.0140505e-20,-2.2437016e-19,0.062475689,3.5264096,-1.7881925,0.050000001,1.2106196,-0.045352947,-3.7893899e-23,3.5264101,-1.78819,0
194,-0.023185631,-2.563424e-20,-6.8367827e-19,0.062946148,3.5977218,-1.7880663,0.050000001,1.2203095,-0.035084557,-1.1889814e-22,3.5977199,-1.78807,0
194,-0.027513484,5.1414364e-21,4.568168e-19,0.062305715,3.6690378,-1.7879393,0.050000001,1.2290448,-0.02355217,1.003563e-22,3.66904,-1.78794,0
194,-0.031705756,9.0233506e-21,2.2809296e-19,0.06057433,3.7403517,-1.7878215,0.050000001,1.2366673,-0.010899497,3.7001596e-23,3.74035,-1.78782,0
194,-0.035674755,-4.1959181e-21,-2.304307e-19,0.057895392,3.8116693,-1.787708,0.050000001,1.2430321,0.0027072614,-5.5807921e-23,3.8116701,-1.78771,0
194,-0.039341278,-2.8918155e-21,2.278597e-19,0.054346327,3.8829958,-1.7875918,0.050000001,1.2480224,0.017083209,5.5681198e-23,3.8829999,-1.78759,0
194,-0.042635266,-1.4447018e-20,4.6903767e-19,0.050066575,3.9543202,-1.78748,0.050000001,1.2515473,0.032029342,1.6520625e-22,3.95432,-1.78748,0
194,-0.045500465,-6.345584e-21,2.3775518e-19,0.045294724,4.0256414,-1.7873701,0.050000001,1.2535498,0.047340795,8.468418e-23,4.02564,-1.78737,0
194,-0.047894198,7.7955504e-21,-2.363065e-19,0.040274061,4.0969696,-1.7872617,0.050000001,1.2540026,0.062813237,-9.2178826e-23,4.0969701,-1.7872601,0
194,-0.049786951,-2.8447097e-22,-3.8869879e-21,0.035157874,4.1682997,-1.7871605,0.050000001,1.2529074,0.078247309,-1.1263422e-23,4.1683002,-1.78716,0
194,-0.051163908,-2.0544806e-20,2.3186731e-19,0.030138895,4.2396359,-1.7870586,0.050000001,1.2502998,0.093455873,8.6934365e-23,4.2396402,-1.78706,0
194,-0.052023426,3.3414498e-21,1.0034131e-21,0.025427192,4.3109698,-1.7869537,0.050000001,1.2462453,0.10826615,-6.1193376e-24,4.3109698,-1.78695,0
194,-0.052374151,1.5009002e-20,-1.1350313e-19,0.021080032,4.3823051,-1.7868556,0.050000001,1.2408299,0.12252625,-3.1076298e-23,4.3823099,-1.78686,0
194,-0.052236699,-3.5666849e-20,3.4962513e-19,0.017213723,4.4536438,-1.78676,0.050000001,1.2341627,0.13610658,1.4342038e-22,4.45364,-1.78676,0
194,-0.051639643,4.6620332e-20,-3.3514618e-19,0.013874229,4.5249867,-1.786666,0.050000001,1.2263576,0.14890175,-1.2445799e-22,4.5249801,-1.78667,0
194,-0.050618924,3.1832886e-20,-2.2887705e-19,0.011011899,4.5963302,-1.7865692,0.050000001,1.2175478,0.1608292,-9.5789013e-23,4.5963302,-1.78657,0
194,-0.049214341,7.034003e-21,4.1604289e-21,0.008644429,4.6676693,-1.7864815,0.050000001,1.2078629,0.17182641,1.1634455e-23,4.6676698,-1.7864799,0
194,-0.047469176,-3.9563509e-20,2.2341639e-19,0.0067321355,4.7390175,-1.7863955,0.050000001,1.197435,0.18185683,9.1048521e-23,4.7390199,-1.7864,0
194,-0.045429029,-5.16964e-22,5.9339772e-21,0.0052140825,4.8103681,-1.7863097,0.050000001,1.1864001,0.19090103,1.854517e-23,4.81037,-1.78631,0
194,-0.04313856,-4.4617072e-20,2.1313731e-19,0.0040354347,4.8817182,-1.7862285,0.050000001,1.1748725,0.19895507,7.2683132e-23,4.8817201,-1.78623,0
194,-0.040642075,-3.6428572e-20,2.2180267e-19,0.0031137879,4.9530702,-1.7861418,0.050000001,1.1629677,0.20603134,7.8161803e-23,4.9530702,-1.78614,0
194,-0.037980784,1.3690629e-19,-7.4990524e-19,0.0024072756,5.0244198,-1.7860595,0.050000001,1.1507877,0.21215054,-2.2641262e-22,5.0244198,-1.78606,0
194,-0.035193406,2.522047e-20,-1.0724897e-19,0.0018902636,5.0957718,-1.7859818,0.050000001,1.1384254,0.21734457,-4.156262e-23,5.0957699,-1.78598,0
194,-0.032315344,-1.7965928e-20,1.0821893e-19,0.0015304346,5.16713,-1.7859081,0.050000001,1.1259576,0.22165215,3.3354983e-23,5.16713,-1.78591,0
194,-0.029379304,1.3884115e-21,4.7887303e-21,0.0012541235,5.2384877,-1.7858318,0.050000001,1.1134527,0.2251159,1.0125982e-23,5.2384901,-1.78583,0
194,-0.026413191,-6.0757799e-20,3.0745215e-19,0.0010211505,5.3098478,-1.7857603,0.050000001,1.1009675,0.22777899,6.2494937e-23,5.3098502,-1.78576,0
194,-0.023441877,-4.4309212e-20,2.0637871e-19,0.00084994035,5.3812099,-1.7856883,0.050000001,1.0885501,0.22968912,4.9337251e-23,5.3812099,-1.7856899,0
194,-0.020486716,4.2368159e-20,-1.9931359e-19,0.00074280275,5.45257,-1.7856139,0.050000001,1.0762452,0.2308917,-3.4173051e-23,5.45257,-1.78561,0
194,-0.017564941,2.2559341e-20,-9.9702335e-20,0.00067956664,5.523932,-1.7855486,0.050000001,1.0640777,0.23143035,-1.8770325e-23,5.5239301,-1.78555,0
194,-0.014691571,-1.7409826e-22,-8.5987334e-23,0.00061033154,5.5953002,-1.7854803,0.050000001,1.0520701,0.23134974,0,5.5953002,-1.78548,0
194,-0.011878518,2.0715058e-20,-9.5635753e-20,0.00053927721,5.6666679,-1.785412,0.050000001,1.0402399,0.23068811,-6.5215656e-24,5.6666698,-1.78541,0
194,-0.0091351876,-4.8774778e-22,-5.5911629e-22,0.0004818209,5.7380319,-1.785346,0.050000001,1.0285977,0.22948213,-8.8140434e-26,5.73803,-1.78535,0
194,-0.0064687794,-5.8901358e-22,2.6211377e-22,0.0004745828,5.8093991,-1.7852795,0.050000001,1.0171527,0.22776613,2.0445557e-24,5.8094001,-1.78528,0
194,-0.0038842335,-6.2492566e-22,-2.2070063e-21,0.00045880466,5.8807716,-1.78522,0.050000001,1.0059052,0.2255688,-2.2930703e-24,5.8807702,-1.78522,0
194,-0.0013852139,1.0874298e-21,5.3591575e-22,0.00041927819,5.952148,-1.7851597,0.050000001,0.99485546,0.22291629,-1.7320581e-24,5.9521499,-1.7851599,0
194,0.001025781,2.2411774e-20,-9.1909356e-20,0.00041501675,6.02352,-1.7850995,0.050000001,0.98400402,0.21983086,-3.7232444e-24,6.02352,-1.7851,0
194,0.0033478667,-1.0205116e-21,-5.6529313e-22,0.00041137022,6.0948896,-1.7850415,0.050000001,0.97334558,0.21633071,1.7397858e-24,6.0948901,-1.78504,0
194,0.0055811312,-1.253385e-21,-3.7835546e-22,0.0004125656,6.1662655,-1.7849855,0.050000001,0.96287477,0.21242942,1.6542461e-24,6.1662698,-1.78499,0
194,0.0077257771,-3.5675759e-22,-6.8410942e-22,0.00041344468,6.2376418,-1.7849255,0.050000001,0.95258594,0.20813976,-1.724766e-25,6.2376399,-1.78493,0
194,0.0097832419,2.7966589e-20,-1.3180342e-19,0.00041830106,6.3090177,-1.7848693,0.050000001,0.94247377,0.20346788,1.2502534e-23,6.30902,-1.78487,0
194,0.011755083,2.8065934e-20,-1.3073438e-19,0.00043638673,6.3803954,-1.7848197,0.050000001,0.93253398,0.19841653,1.2656935e-23,6.3804002,-1.78482,0
194,0.013642825,-1.8707463e-20,8.4694041e-20,0.00046362355,6.4517775,-1.78477,0.050000001,0.92276102,0.19298801,-1.0721077e-23,6.4517798,-1.78477,0
194,0.015448302,-1.8678048e-20,8.4532986e-20,0.00049679156,6.52316,-1.7847203,0.050000001,0.91315132,0.18718049,-1.073095e-23,6.52316,-1.7847199,0
194,0.017173288,-1.9038489e-25,-1.9019441e-22,0.00053590274,6.5945401,-1.7846682,0.050000001,0.90370363,0.18098867,0,6.5945401,-1.78467,0
194,0.018819449,1.6099715e-20,-8.1734233e-20,0.00059035199,6.6659198,-1.784618,0.050000001,0.89441717,0.17440525,1.6421913e-23,6.6659198,-1.78462,0
194,0.020388195,1.3681216e-23,1.6065137e-22,0.0006568461,6.7373056,-1.784568,0.050000001,0.8852933,0.1674204,5.7366504e-27,6.7373099,-1.78457,0
194,0.021880591,-1.6114202e-20,8.1742609e-20,0.00073201489,6.8086896,-1.7845197,0.050000001,0.87633753,0.16002208,-1.6444995e-23,6.8086901,-1.78452,0
194,0.02329736,7.1902675e-21,-3.9774595e-20,0.00083470461,6.8800759,-1.784476,0.050000001,0.8675561,0.15219606,9.3446577e-24,6.8800802,-1.78448,0
194,0.024638444,7.1902182e-21,-3.9562982e-20,0.0010100289,6.9514594,-1.7844299,0.050000001,0.85895813,0.14393033,9.3528043e-24,6.9514599,-1.78443,0
194,0.025903704,1.4059965e-22,-1.054666e-22,0.0013598738,7.0228477,-1.784386,0.050000001,0.85055441,0.13521135,0,7.02285,-1.78439,0
194,0.027091909,1.0384642e-20,-7.8178946e-20,0.0021197819,7.0942383,-1.7843398,0.050000001,0.84235317,0.12603445,2.4416543e-23,7.0942402,-1.78434,0
194,0.028201167,1.0321794e-20,-7.5679724e-20,0.0036887638,7.1656218,-1.7843,0.050000001,0.83435714,0.11640788,2.3838042e-23,7.1656199,-1.7843,0
194,0.029228577,-1.0465633e-20,7.7810231e-20,0.0066288882,7.2370095,-1.7842603,0.050000001,0.82655263,0.1063608,-2.4390956e-23,7.23701,-1.78426,0
194,0.030169994,5.5381265e-21,-7.4575657e-20,0.01158097,7.3084002,-1.7842182,0.050000001,0.8189072,0.095949158,2.8334319e-23,7.3084002,-1.78422,0
194,0.031019887,1.4467657e-22,3.6048861e-22,0.019039959,7.3797922,-1.784178,0.050000001,0.81136698,0.085253656,-2.32313e-26,7.3797898,-1.78418,0
194,0.031771503,-9.5545136e-21,7.7026884e-20,0.029046886,7.4511881,-1.7841382,0.050000001,0.80386692,0.074367151,-2.5728523e-23,7.45119,-1.78414,0
194,0.032416947,9.7275091e-21,-1.4621067e-19,0.040899664,7.5225801,-1.7840958,0.050000001,0.79635423,0.063370965,5.5580874e-23,7.5225801,-1.7841001,0
194,0.032948006,-9.6872648e-21,1.4728336e-19,0.052993488,7.5939693,-1.78406,0.050000001,0.78881687,0.052301891,-5.5599024e-23,7.5939698,-1.78406,0
194,0.033357237,-9.8843899e-21,1.4540116e-19,0.062920257,7.6653624,-1.7840242,0.050000001,0.78132123,0.041123848,-5.556723e-23,7.66536,-1.7840199,0
194,0.033638585,4.834798e-21,-1.8219765e-19,0.067902878,7.7367578,-1.783986,0.050000001,0.77403724,0.029714812,7.3548897e-23,7.7367601,-1.78399,0
194,0.0337882,-9.7870786e-23,6.8732279e-20,0.06543868,7.8081517,-1.7839497,0.050000001,0.76723832,0.017878911,-2.6954339e-23,7.8081498,-1.78395,0
194,0.033806179,-1.7830526e-21,-3.5675217e-20,0.05393561,7.87955,-1.783914,0.050000001,0.76128525,0.0053757452,1.5169866e-23,7.87955,-1.78391,0
194,0.033695463,3.6265662e-21,-7.0455361e-20,0.033188261,7.9509482,-1.7838802,0.050000001,0.75657743,-0.0080242148,2.7840858e-23,7.9509501,-1.78388,0
194,0.033534527,-1.5857203e-21,-4.5282784e-20,0.013474667,8.000001,-1.7838581,0.050000001,0.75445545,-0.017960796,1.7302761e-23,8,-1.7838594,0
194,-0.16533954,-1.1598802e-21,2.9737802e-19,0.00062778936,0.99999881,-1.7145878,0.050000001,1.1668892,0.032084763,3.342048e-22,1,-1.7145907,0
194,-0.16237642,6.9235817e-21,-2.3153926e-21,0.00070057652,1.0322995,-1.7144972,0.050000001,1.1637555,0.034498855,-8.6974168e-23,1.0323,-1.7145,0
194,-0.15521988,-2.7896244e-21,-3.2432841e-21,0.00086287304,1.103547,-1.7143,0.050000001,1.1563655,0.039058041,-9.5653916e-23,1.10355,-1.7143,0
194,-0.14749111,7.3232424e-21,-2.1890386e-19,0.0010597577,1.1747894,-1.7140981,0.050000001,1.1485755,0.042782806,-3.0454633e-22,1.17479,-1.7141,0
194,-0.13924855,5.7966277e-22,-2.1583957e-19,0.0012918881,1.2460294,-1.7138915,0.050000001,1.1404731,0.04561244,-2.3964721e-22,1.24603,-1.71389,0
194,-0.13055779,3.4662689e-21,-2.0754205e-19,0.0015249641,1.3172715,-1.7136873,0.050000001,1.132158,0.047495253,-2.0550699e-22,1.31727,-1.71369,0
194,-0.12149306,9.3066462e-21,-2.1992618e-19,0.0017747865,1.3885154,-1.7134856,0.050000001,1.1237304,0.048392564,-2.4146639e-22,1.38852,-1.71349,0
194,-0.11213662,-3.8925058e-20,8.2773917e-19,0.0021062177,1.4597555,-1.7132795,0.050000001,1.1153029,0.048278414,7.2997432e-22,1.45976,-1.71328,0
194,-0.10257323,7.3409291e-21,-1.9519515e-19,0.0024655887,1.5309956,-1.7130775,0.050000001,1.1069955,0.047140095,-1.3301511e-22,1.531,-1.71308,0
194,-0.092891969,1.0956899e-20,-2.0903398e-19,0.002864087,1.6022356,-1.7128795,0.050000001,1.0989228,0.044979967,-2.2830382e-22,1.60224,-1.71288,0
194,-0.083183832,-9.6968903e-22,4.3088103e-22,0.0033563415,1.6734754,-1.7126795,0.050000001,1.0912129,0.041815545,4.178097e-23,1.67348,-1.71268,0
194,-0.073539414,9.3662234e-21,-2.0641747e-19,0.0039236392,1.7447177,-1.7124795,0.050000001,1.0839878,0.037679724,-1.398662e-22,1.74472,-1.7124799,0
194,-0.064048298,-1.5945184e-20,6.0507512e-19,0.0046188044,1.8159617,-1.7122816,0.050000001,1.0773629,0.032619279,3.4478399e-22,1.81596,-1.71228,0
194,-0.054797575,-5.9119265e-21,2.0160238e-19,0.0054696314,1.8872073,-1.7120878,0.050000001,1.0714504,0.026695373,9.9648455e-23,1.88721,-1.71209,0
194,-0.045871638,-1.2170084e-20,7.9460386e-19,0.0064638001,1.9584558,-1.7118958,0.050000001,1.0663604,0.01998448,2.6869688e-22,1.95846,-1.7119,0
194,-0.03735036,-6.4753734e-21,3.966588e-19,0.0076662614,2.0297055,-1.7117038,0.050000001,1.0621926,0.012575798,1.3807523e-22,2.0297101,-1.7117,0
194,-0.02930925,5.1628413e-21,-3.951168e-19,0.0091555677,2.1009574,-1.7115185,0.050000001,1.0590329,0.0045713363,-1.2911712e-22,2.10096,-1.71152,0
194,-0.021818161,-4.9838145e-21,-3.9098271e-19,0.010941575,2.1722095,-1.7113326,0.050000001,1.0569652,-0.0039137783,-4.2720251e-23,2.17221,-1.7113301,0
194,-0.014941176,-8.4698189e-21,-3.9313553e-19,0.013096533,2.2434676,-1.711151,0.050000001,1.0560653,-0.01275384,-2.1299636e-23,2.24347,-1.7111501,0
194,-0.0087362947,-2.409954e-21,1.9789716e-19,0.015724927,2.3147302,-1.710971,0.050000001,1.0563828,-0.02181056,5.8734613e-23,2.3147299,-1.71097,0
194,-0.0032550285,-9.79978e-21,-1.499489e-21,0.018881589,2.3859897,-1.7107903,0.050000001,1.057955,-0.030935712,5.1023044e-23,2.3859899,-1.71079,0
194,0.0014583641,2.8645106e-20,7.8725322e-19,0.022635316,2.4572513,-1.7106118,0.050000001,1.0608099,-0.039972045,-1.1374798e-23,2.4572501,-1.71061,0
194,0.0053672721,1.9563269e-20,5.8922975e-19,0.027070653,2.5285194,-1.7104375,0.050000001,1.0649524,-0.048754644,-4.0635236e-25,2.5285201,-1.71044,0
194,0.0084435614,-1.9858341e-20,-3.9438038e-19,0.032282893,2.5997891,-1.7102695,0.050000001,1.0703722,-0.057112072,2.9406813e-23,2.5997901,-1.71027,0
194,0.010668315,-1.2993503e-20,-1.9772523e-19,0.038331065,2.6710629,-1.710108,0.050000001,1.0770375,-0.064869747,2.7230649e-23,2.6710701,-1.7101099,0
194,0.012033455,-2.8182644e-20,-4.0174609e-19,0.045225244,2.7423396,-1.7099415,0.050000001,1.0848947,-0.071852379,4.8704989e-23,2.7423401,-1.70994,0
194,0.012541144,-2.8892236e-20,-4.1009689e-19,0.052912228,2.8136199,-1.7097815,0.050000001,1.0938697,-0.077885769,3.7195584e-23,2.8136201,-1.70978,0
194,0.012205026,2.2838984e-21,-3.1938516e-21,0.061317425,2.8849022,-1.7096282,0.050000001,1.1038623,-0.082803018,-1.3492282e-23,2.8849001,-1.70963,0
194,0.011051898,2.0802752e-20,2.0168152e-19,0.070295341,2.9561858,-1.7094719,0.050000001,1.1147598,-0.086448342,-4.0817298e-23,2.9561901,-1.70947,0
194,0.0091210082,4.673278e-21,-3.7756118e-21,0.079629399,3.0274694,-1.7093217,0.050000001,1.1264296,-0.0886764,-1.5816791e-23,3.0274701,-1.7093199,0
194,0.0064644618,1.8993747e-20,2.1105552e-19,0.08907102,3.0987616,-1.7091783,0.050000001,1.1387196,-0.089363232,-1.4338782e-23,3.0987599,-1.70918,0
194,0.0031480636,6.9497776e-20,8.5768672e-19,0.098236538,3.1700575,-1.7090319,0.050000001,1.1514572,-0.088408113,-1.9866373e-23,3.1700599,-1.70903,0
194,-0.00074980746,3.0951412e-20,4.3216323e-19,0.10676199,3.2413521,-1.7088876,0.050000001,1.1644596,-0.0857336,9.5124526e-25,3.2413499,-1.70889,0
194,-0.0051395115,-8.3974237e-21,8.490122e-21,0.11429785,3.31265,-1.7087475,0.050000001,1.1775321,-0.08129447,2.9120816e-23,3.31265,-1.70875,0
194,-0.0099209035,6.5266332e-21,2.2304783e-19,0.12046038,3.3839524,-1.7086117,0.050000001,1.1904671,-0.075077206,2.7054726e-23,3.38395,-1.7086101,0
194,-0.014985525,1.4205808e-20,4.5180646e-19,0.12496687,3.455256,-1.70848,0.050000001,1.2030523,-0.067103446,6.4644602e-23,3.45526,-1.70848,0
194,-0.020218883,-9.9913991e-21,-2.2831769e-19,0.12759167,3.5265596,-1.7083498,0.050000001,1.215072,-0.057433441,-4.936423e-23,3.5265601,-1.7083499,0
194,-0.02550439,-3.34529e-20,-9.0841192e-19,0.12815726,3.5978699,-1.7082212,0.050000001,1.2263047,-0.046161696,-1.5761544e-22,3.5978701,-1.70822,0
194,-0.030725472,2.5703909e-21,2.3014972e-19,0.12659197,3.6691818,-1.7080978,0.050000001,1.2365445,-0.033419047,5.6108079e-23,3.6691799,-1.7081,0
194,-0.035769787,4.9098436e-21,2.3000509e-19,0.12297333,3.7404954,-1.707976,0.050000001,1.2455996,-0.019369954,4.8156819e-23,3.7405,-1.70798,0
194,-0.040532105,-1.0994192e-21,-4.6176773e-19,0.11749137,3.8118093,-1.707858,0.050000001,1.2532871,-0.0042084376,-1.186637e-22,3.81181,-1.70786,0
194,-0.044917833,1.4545385e-21,-2.3349709e-19,0.1103493,3.8831322,-1.7077422,0.050000001,1.2594622,0.011851679,-6.2637487e-23,3.8831301,-1.7077399,0
194,-0.048844133,-1.646742e-20,4.7078266e-19,0.10185156,3.9544539,-1.7076287,0.050000001,1.2640045,0.02857721,1.7826675e-22,3.9544499,-1.70763,0
194,-0.052245546,-7.2392836e-21,2.3837846e-19,0.092376314,4.0257754,-1.7075118,0.050000001,1.2668275,0.045724113,9.7046836e-23,4.0257802,-1.70751,0
194,-0.055072818,8.8235526e-21,-2.3334243e-19,0.082318999,4.0970993,-1.7074018,0.050000001,1.2678825,0.063047193,-8.0914555e-23,4.0970998,-1.7074,0
194,-0.057294119,6.7807856e-21,-1.1538115e-19,0.072052635,4.1684294,-1.7072983,0.050000001,1.2671673,0.080309756,-4.2063487e-23,4.1684299,-1.7072999,0
194,-0.058895357,3.8261178e-20,-4.6873999e-19,0.061934739,4.2397618,-1.7071919,0.050000001,1.2647126,0.09728799,-2.0538809e-22,4.2397599,-1.70719,0
194,-0.059877738,4.7480271e-20,-4.7351649e-19,0.052298408,4.3110957,-1.70709,0.050000001,1.2605824,0.11377678,-2.1405015e-22,4.3111,-1.70709,0
194,-0.060257182,-7.1402457e-20,6.9737814e-19,0.043415416,4.3824296,-1.7069877,0.050000001,1.2548826,0.12959683,3.0027325e-22,4.3824301,-1.70699,0
194,-0.060062472,-1.6416028e-20,2.3760913e-19,0.035451252,4.4537702,-1.7068897,0.050000001,1.2477376,0.14459908,8.1444183e-23,4.4537702,-1.70689,0
194,-0.059332784,8.7770015e-20,-6.9095394e-19,0.028473606,4.5251107,-1.7067938,0.050000001,1.2392902,0.15866178,-2.9665429e-22,4.5251098,-1.70679,0
194,-0.058114354,1.8034649e-20,-1.1101459e-19,0.022533411,4.5964484,-1.7066976,0.050000001,1.2297026,0.17169394,-2.4479908e-23,4.5964499,-1.7067,0
194,-0.056459207,-8.7313024e-20,5.6595889e-19,0.017563293,4.6677876,-1.7066056,0.050000001,1.2191325,0.18363351,2.3914443e-22,4.6677899,-1.70661,0
194,-0.054422285,-1.6926502e-20,1.1931235e-19,0.013530785,4.7391319,-1.7065175,0.050000001,1.2077403,0.19444652,5.1078318e-23,4.73913,-1.70652,0
194,-0.05205977,7.470937e-20,-4.4914263e-19,0.010336754,4.8104796,-1.7064317,0.050000001,1.1956879,0.20412022,-1.8836499e-22,4.8104801,-1.70643,0
194,-0.049426466,-7.87183e-20,4.3524714e-19,0.0078249611,4.8818302,-1.7063483,0.050000001,1.1831175,0.21266131,1.5727172e-22,4.8818302,-1.70635,0
194,-0.046575788,-8.2203316e-20,4.3801007e-19,0.0059111756,4.9531803,-1.706262,0.050000001,1.1701677,0.22009534,1.6302665e-22,4.9531798,-1.70626,0
194,-0.043556876,4.380566e-20,-2.1156958e-19,0.0044639609,5.0245299,-1.7061782,0.050000001,1.1569551,0.2264571,-6.8331182e-23,5.0245299,-1.70618,0
194,-0.040415194,6.3691893e-20,-3.154003e-19,0.0033918296,5.0958819,-1.706098,0.050000001,1.1435827,0.23179287,-8.5729629e-23,5.09588,-1.7061,0
194,-0.037191898,2.0422597e-20,-1.0102206e-19,0.0026012505,5.1672354,-1.7060198,0.050000001,1.1301426,0.23615557,-1.5734067e-23,5.1672401,-1.70602,0
194,-0.033923678,2.0204094e-21,6.8793422e-22,0.0020337247,5.2385893,-1.7059418,0.050000001,1.1167128,0.23960038,-2.0692066e-24,5.2385898,-1.70594,0
194,-0.030641591,2.3567104e-20,-1.0120657e-19,0.0016049556,5.3099499,-1.7058682,0.050000001,1.1033552,0.24218437,-2.7769567e-23,5.3099499,-1.70587,0
194,-0.027372975,6.8952968e-20,-3.0327817e-19,0.0012635478,5.38131,-1.705792,0.050000001,1.0901152,0.24396762,-7.1023173e-23,5.38131,-1.70579,0
194,-0.0241406,4.5900895e-20,-2.018032e-19,0.0010404172,5.4526696,-1.7057176,0.050000001,1.0770352,0.24500452,-4.318129e-23,5.4526701,-1.7057199,0
194,-0.020962989,1.4761575e-21,-6.2278016e-22,0.00090346608,5.5240293,-1.70565,0.050000001,1.0641427,0.24534903,-2.8688609e-24,5.5240302,-1.70565,0
194,-0.017855071,2.4361886e-20,-9.8098309e-20,0.00078633666,5.5953956,-1.7055823,0.050000001,1.05146,0.24505357,-1.912122e-23,5.5953999,-1.70558,0
194,-0.014828973,-5.798324e-22,-2.2074217e-21,0.00070201524,5.6667624,-1.7055118,0.050000001,1.0390002,0.24416317,-2.5589082e-24,5.66676,-1.70551,0
194,-0.011893283,-2.4030913e-20,9.5721599e-20,0.00064623938,5.7381277,-1.7054458,0.050000001,1.0267676,0.24272016,1.3710492e-23,5.7381301,-1.7054501,0
194,-0.0090546831,-2.1164316e-20,9.4006265e-20,0.00058719789,5.8094954,-1.7053795,0.050000001,1.0147675,0.2407646,4.3018885e-24,5.8095002,-1.70538,0
194,-0.0063172816,-4.231647e-20,1.8613249e-19,0.00054389017,5.880868,-1.70532,0.050000001,1.0029993,0.23832801,6.3673381e-24,5.8808699,-1.70532,0
194,-0.003683697,2.0920021e-20,-9.1298878e-20,0.0005166601,5.9522381,-1.7052603,0.050000001,0.99145848,0.23543946,-1.298084e-26,5.95224,-1.70526,0
194,-0.0011550755,4.0324422e-20,-1.8350898e-19,0.00050050422,6.0236077,-1.7051985,0.050000001,0.98013657,0.23212385,1.6013132e-24,6.0236101,-1.7052,0
194,0.001268695,2.1390655e-20,-8.839601e-20,0.0004878646,6.0949798,-1.7051355,0.050000001,0.96902585,0.22840121,2.0258084e-24,6.0949798,-1.70514,0
194,0.0035887281,3.7805264e-21,2.6790991e-22,0.00048640204,6.1663518,-1.7050775,0.050000001,0.95811695,0.22428583,-7.2290764e-24,6.1663499,-1.70508,0
194,0.0058068242,-1.9503269e-20,8.8806201e-20,0.00048953434,6.2377276,-1.70502,0.050000001,0.94739956,0.21978976,-5.5756271e-24,6.23773,-1.70502,0
194,0.0079252124,9.7605475e-22,5.7485443e-22,0.0004994201,6.3091035,-1.7049615,0.050000001,0.93686485,0.21491985,-1.6227526e-24,6.3091102,-1.70496,0
194,0.0099463891,-1.9329233e-20,8.5460107e-20,0.00051972619,6.3804793,-1.70491,0.050000001,0.92650461,0.20967832,-9.0835598e-24,6.3804798,-1.70491,0
194,0.011873072,-2.0180816e-20,8.4966106e-20,0.00054391212,6.45186,-1.7048583,0.050000001,0.91630864,0.20406593,-7.4791248e-24,6.45186,-1.70486,0
194,0.013707924,1.5222544e-22,-1.3422831e-22,0.00057935459,6.5232401,-1.7048039,0.050000001,0.90627044,0.19807966,9.3342906e-27,6.5232401,-1.7048,0
194,0.015453657,-1.1517632e-25,-1.150706e-22,0.00062485883,6.5946198,-1.704752,0.050000001,0.89638555,0.19171186,0,6.5946202,-1.7047499,0
194,0.017112603,1.5908499e-20,-8.1807575e-20,0.00068612566,6.6659994,-1.7046995,0.050000001,0.88664979,0.18495287,1.6436662e-23,6.6659999,-1.7047,0
194,0.018686809,-1.3455132e-23,2.9984467e-22,0.00076104054,6.7373819,-1.7046498,0.050000001,0.87706238,0.17779061,-2.2236593e-26,6.73738,-1.70465,0
194,0.020178091,-1.5797198e-20,8.1736211e-20,0.0008554032,6.8087678,-1.7046018,0.050000001,0.86762542,0.17020933,-1.6430562e-23,6.8087702,-1.7046,0
194,0.021587512,4.0429715e-23,-1.494616e-22,0.0009945709,6.8801522,-1.7045583,0.050000001,0.85834396,0.16219272,7.9375639e-27,6.8801498,-1.70456,0
194,0.022915348,-1.7351517e-22,3.4452907e-23,0.0012809237,6.9515376,-1.7045095,0.050000001,0.84922248,0.15372679,-8.3375595e-27,6.95154,-1.70451,0
194,0.024161642,1.1984247e-23,-6.8247986e-23,0.001931811,7.022922,-1.7044612,0.050000001,0.84026819,0.14480047,0,7.0229201,-1.70446,0
194,0.025325412,6.5625089e-21,-3.7019657e-20,0.0033121712,7.0943103,-1.7044202,0.050000001,0.83148032,0.13541496,9.7333145e-24,7.0943098,-1.70442,0
194,0.026404306,1.0441253e-20,-7.4588647e-20,0.0059992787,7.1656957,-1.7043782,0.050000001,0.82284439,0.12559509,2.2686063e-23,7.1657,-1.70438,0
194,0.027394919,-6.0237821e-21,3.8450412e-20,0.010674694,7.2370796,-1.7043338,0.050000001,0.81432694,0.11539271,-1.1008933e-23,7.2370801,-1.70433,0
194,0.028292339,7.3151168e-21,-7.2113296e-20,0.017888276,7.3084698,-1.7042919,0.050000001,0.80587202,0.10488582,2.5109096e-23,7.3084698,-1.70429,0
194,0.02908984,8.3309592e-21,-7.2299683e-20,0.027711958,7.3798594,-1.704252,0.050000001,0.79741055,0.09416946,2.4139707e-23,7.3798599,-1.70425,0
194,0.02977957,-4.0043607e-21,3.2751871e-21,0.039400969,7.451252,-1.7042123,0.050000001,0.78888488,0.083324581,2.1623792e-24,7.4512501,-1.70421,0
194,0.030352913,-3.4275493e-21,2.7637231e-22,0.051187877,7.522646,-1.7041675,0.050000001,0.78028327,0.072382331,2.7560625e-24,7.5226498,-1.70417,0
194,0.030801743,-7.8871752e-21,7.5111541e-20,0.060382389,7.594038,-1.7041278,0.050000001,0.77168161,0.061289478,-2.6024954e-23,7.5940399,-1.7041301,0
194,0.031120094,-4.8886047e-21,7.2501773e-20,0.063892908,7.6654296,-1.704092,0.050000001,0.7632727,0.049887963,-2.6980867e-23,7.6654301,-1.70409,0
194,0.031304982,-8.6388263e-21,1.3843989e-19,0.058947984,7.7368221,-1.7040558,0.050000001,0.75537127,0.037928175,-5.0619964e-23,7.7368202,-1.70406,0
194,0.03135664,2.7821072e-22,3.6685486e-20,0.043871537,7.808218,-1.7040178,0.050000001,0.74838322,0.025111912,-1.6651702e-23,7.8082199,-1.70402,0
194,0.03128016,2.2711276e-21,-6.8509186e-20,0.018662609,7.879612,-1.7039818,0.050000001,0.74276078,0.011153902,2.5429624e-23,7.8796101,-1.70398,0
194,0.031083535,7.1925379e-22,3.1026181e-20,-0.014953751,7.9510098,-1.7039483,0.050000001,0.73892683,-0.004150413,-8.2035097e-24,7.9510102,-1.70395,0
194,0.030872324,2.0872373e-23,9.5886696e-21,-0.041663479,7.9999986,-1.7039233,0.050000001,0.73774594,-0.015622724,-2.5914081e-24,8,-1.7039225,0
194,-0.17652503,-3.1698162e-20,7.5240648e-19,0.0026483824,0.99999696,-1.634955,0.050000001,1.1729788,0.040311061,1.0472986e-21,1,-1.6349562,0
194,-0.17323412,-2.0018485e-20,4.5918492e-19,0.0028304446,1.0326259,-1.6348573,0.050000001,1.169413,0.043027494,6.2645451e-22,1.03263,-1.63486,0
194,-0.16534711,4.0552416e-20,-8.6181549e-19,0.0032286353,1.1038615,-1.6346415,0.050000001,1.1610632,0.048112679,-1.176266e-21,1.10386,-1.63464,0
194,-0.15681033,2.8716179e-20,-4.4254287e-19,0.0036826008,1.1750953,-1.6344258,0.050000001,1.1522281,0.052268222,-6.397202e-22,1.1751,-1.63442,0
194,-0.14768946,4.5613799e-20,-8.4175259e-19,0.0041678064,1.2463274,-1.6342123,0.050000001,1.1430105,0.055418968,-9.802275e-22,1.24633,-1.63421,0
194,-0.1380602,4.7453474e-20,-8.6749109e-19,0.0047203391,1.3175596,-1.633998,0.050000001,1.1335231,0.057503067,-1.0243917e-21,1.31756,-1.6339999,0
194,-0.12800811,-1.809528e-20,4.1908198e-19,0.0053490377,1.3887895,-1.6337813,0.050000001,1.1238781,0.058471903,4.790647e-22,1.38879,-1.63378,0
194,-0.11762612,-2.2186212e-21,7.5945496e-21,0.006043796,1.4600215,-1.6335673,0.050000001,1.1142032,0.058291093,-4.3141509e-23,1.4600199,-1.63357,0
194,-0.10701241,3.0475728e-20,-6.1841579e-19,0.0068257754,1.5312576,-1.6333575,0.050000001,1.104638,0.056944583,-5.6122195e-22,1.53126,-1.63336,0
194,-0.096269876,2.1667962e-20,-4.1820701e-19,0.0076981597,1.6024897,-1.633152,0.050000001,1.0953156,0.054432243,-3.6713728e-22,1.6024899,-1.63315,0
194,-0.085502036,-1.0109041e-20,2.0017272e-19,0.0087262746,1.6737219,-1.6329463,0.050000001,1.0863757,0.050771635,1.4842408e-22,1.67372,-1.6329499,0
194,-0.074812174,-2.3199308e-20,5.9687921e-19,0.0099424561,1.7449577,-1.6327375,0.050000001,1.077958,0.045998272,3.3118741e-22,1.74496,-1.63274,0
194,-0.064302407,-2.1877237e-20,5.9956119e-19,0.011396252,1.8161951,-1.6325336,0.050000001,1.0701905,0.040162992,2.9582993e-22,1.8162,-1.63254,0
194,-0.054071698,5.4965093e-21,-1.9878095e-19,0.013135497,1.8874375,-1.632329,0.050000001,1.0632004,0.033334695,-1.3641355e-22,1.88744,-1.6323299,0
194,-0.044214904,1.6609213e-21,-2.0504899e-19,0.015232071,1.9586799,-1.6321316,0.050000001,1.0571128,0.025596369,-1.0826323e-22,1.95868,-1.63213,0
194,-0.034822155,-8.8325691e-21,3.8506312e-19,0.017782014,2.0299218,-1.6319386,0.050000001,1.0520381,0.017047582,9.3241257e-23,2.0299201,-1.63194,0
194,-0.025977086,-4.203513e-21,3.9185164e-19,0.020818785,2.1011698,-1.6317445,0.050000001,1.0480702,0.0078026662,1.0093044e-22,2.1011701,-1.63174,0
194,-0.017758602,-9.5467572e-21,-7.82257e-19,0.024482772,2.1724198,-1.631552,0.050000001,1.0453053,-0.0020112956,-8.4747674e-23,2.17242,-1.63155,0
194,-0.010238333,-8.813838e-21,-3.9765405e-19,0.028953051,2.2436717,-1.6313615,0.050000001,1.04382,-0.012253769,-3.6874315e-23,2.24367,-1.6313601,0
194,-0.003480956,-8.701789e-21,1.9439727e-19,0.03430403,2.3149278,-1.63118,0.050000001,1.0436727,-0.022770192,7.6818985e-23,2.31493,-1.63118,0
194,0.0024551414,-2.0850839e-20,-3.8393751e-19,0.040661428,2.3861856,-1.6310008,0.050000001,1.0449078,-0.033393096,6.5405133e-23,2.3861899,-1.631,0
194,0.0075196102,4.6371353e-21,2.016165e-19,0.048223756,2.4574456,-1.6308182,0.050000001,1.0475503,-0.043945178,2.1849792e-23,2.4574499,-1.63082,0
194,0.011670593,1.356987e-20,3.9542749e-19,0.057119668,2.5287077,-1.6306373,0.050000001,1.0516075,-0.054239824,4.3783532e-24,2.5287099,-1.63064,0
194,0.014874893,8.2229532e-21,2.0138684e-19,0.067441866,2.5999753,-1.6304678,0.050000001,1.0570676,-0.064083196,-4.4242924e-25,2.5999801,-1.63047,0
194,0.017110134,8.3846605e-21,2.0129348e-19,0.079296447,2.6712453,-1.630298,0.050000001,1.0638926,-0.073277339,-7.8988926e-24,2.6712501,-1.6303,0
194,0.018365603,-1.7502529e-20,-2.004263e-19,0.092688628,2.7425179,-1.6301298,0.050000001,1.0720274,-0.081622384,3.7194943e-23,2.7425201,-1.6301301,0
194,0.018642252,-4.9660098e-20,-6.1008055e-19,0.10746725,2.8137941,-1.6299706,0.050000001,1.0813999,-0.088920981,8.1122757e-23,2.8137901,-1.62997,0
194,0.017954612,2.1516855e-20,1.9989537e-19,0.12341622,2.885072,-1.6298102,0.050000001,1.0919124,-0.094984598,-4.4052117e-23,2.8850701,-1.62981,0
194,0.016331561,6.1408008e-20,6.0139437e-19,0.1402085,2.9563496,-1.6296498,0.050000001,1.1034522,-0.099633314,-1.1729688e-22,2.9563501,-1.62965,0
194,0.013816084,2.1932078e-20,2.0467831e-19,0.15741001,3.0276351,-1.6294982,0.050000001,1.11589,-0.10270292,-3.1078677e-23,3.0276401,-1.6295,0
194,0.010467223,5.3921607e-20,6.3516557e-19,0.17446579,3.0989254,-1.6293478,0.050000001,1.1290774,-0.10405052,-3.5053025e-23,3.0989299,-1.6293499,0
194,0.0063596987,1.2043443e-20,2.1896081e-19,0.19074869,3.1702182,-1.6291975,0.050000001,1.1428549,-0.10355531,3.1778575e-24,3.1702199,-1.6292,0
194,0.0015830153,-4.8955643e-21,8.3976951e-21,0.20563556,3.2415102,-1.6290514,0.050000001,1.1570445,-0.10112494,3.1166945e-23,3.2415099,-1.62905,0
194,-0.0037592906,1.938116e-20,2.1933836e-19,0.21851301,3.3128018,-1.6289096,0.050000001,1.1714494,-0.096698649,1.4956247e-23,3.3127999,-1.6289099,0
194,-0.0095508695,-3.3437716e-21,3.871839e-21,0.22883745,3.3841021,-1.6287718,0.050000001,1.1858619,-0.090250663,1.321077e-23,3.3841,-1.62877,0
194,-0.015664527,-2.2627863e-21,1.077681e-21,0.23615018,3.4554043,-1.6286378,0.050000001,1.2000544,-0.081793182,4.4497731e-24,3.4554,-1.6286401,0
194,-0.021965796,9.7168672e-21,2.2656725e-19,0.24014106,3.5267076,-1.6285057,0.050000001,1.2137896,-0.071381636,3.8055975e-23,3.52671,-1.62851,0
194,-0.028315814,1.038503e-20,2.2700292e-19,0.2405704,3.5980158,-1.6283758,0.050000001,1.2268196,-0.059113618,3.8142747e-23,3.5980201,-1.6283799,0
194,-0.034575764,9.6472217e-21,2.3043502e-19,0.23737749,3.6693242,-1.6282477,0.050000001,1.2389019,-0.045128409,7.1067917e-23,3.6693201,-1.62825,0
194,-0.040611994,2.9427277e-21,-8.8568749e-22,0.23065643,3.7406359,-1.6281215,0.050000001,1.2497996,-0.02960554,-1.1558174e-23,3.7406399,-1.6281199,0
194,-0.046298187,-6.0398983e-21,-2.3297676e-19,0.22063957,3.8119473,-1.6279998,0.050000001,1.2592795,-0.012765253,-8.2906599e-23,3.81195,-1.628,0
194,-0.051521484,3.9218385e-22,1.0340532e-23,0.20773764,3.8832679,-1.627882,0.050000001,1.2671472,0.0051455707,0,3.88327,-1.62788,0
194,-0.056182586,4.3885151e-21,-2.3450457e-19,0.19244997,3.9545879,-1.6277683,0.050000001,1.2732321,0.023856862,-8.4283016e-23,3.9545901,-1.6277699,0
194,-0.060202286,4.8614216e-21,-2.3560911e-19,0.1753457,4.0259075,-1.6276495,0.050000001,1.2774047,0.043079175,-8.447606e-23,4.0259099,-1.62765,0
194,-0.063523866,8.3405397e-21,-1.1992715e-19,0.15704334,4.0972319,-1.6275375,0.050000001,1.2795798,0.062518083,-7.0833455e-23,4.09723,-1.62754,0
194,-0.066113338,2.9168767e-20,-3.5965717e-19,0.13825038,4.1685576,-1.62743,0.050000001,1.2797248,0.081888109,-2.0325477e-22,4.16856,-1.62743,0
194,-0.067956313,3.7654334e-20,-3.5544788e-19,0.1195675,4.2398853,-1.627324,0.050000001,1.277855,0.10091779,-1.6771582e-22,4.2398901,-1.6273201,0
194,-0.069057941,1.8420737e-20,-1.1585318e-19,0.10153517,4.3112173,-1.6272225,0.050000001,1.2740325,0.11935835,-4.4861841e-23,4.3112202,-1.62722,0
194,-0.069442779,-2.9210468e-20,2.3180814e-19,0.084718272,4.3825521,-1.6271178,0.050000001,1.2683625,0.13699421,8.6807131e-23,4.3825498,-1.62712,0
194,-0.069150642,2.5905256e-20,-2.3407805e-19,0.069449246,4.4538879,-1.627018,0.050000001,1.2609899,0.15364675,-1.1748014e-22,4.4538898,-1.62702,0
194,-0.068233453,4.1011282e-20,-3.5440476e-19,0.055937417,4.5252242,-1.6269202,0.050000001,1.2520876,0.16917352,-1.7528263e-22,4.5252199,-1.62692,0
194,-0.066752106,-3.5904227e-20,2.2300187e-19,0.04433389,4.5965595,-1.6268193,0.050000001,1.2418453,0.18347256,8.2117208e-23,4.59656,-1.62682,0
194,-0.064772747,-2.37567e-21,-4.4986492e-21,0.034573413,4.6678996,-1.6267275,0.050000001,1.2304652,0.19647829,-3.4500065e-23,4.6679001,-1.62673,0
194,-0.062365174,9.5994006e-20,-5.6653859e-19,0.026565857,4.7392459,-1.6266402,0.050000001,1.21814,0.20816143,-2.6750498e-22,4.7392502,-1.62664,0
194,-0.059599757,1.2016022e-19,-6.6794964e-19,0.02016259,4.8105898,-1.6265498,0.050000001,1.2050703,0.21851841,-2.7029073e-22,4.8105898,-1.62655,0
194,-0.056543827,-9.0877948e-22,4.0974254e-21,0.015126234,4.881938,-1.6264617,0.050000001,1.1914351,0.22757064,2.3491935e-23,4.8819399,-1.62646,0
194,-0.053261157,-4.1592651e-20,2.2769883e-19,0.011279891,4.9532838,-1.6263783,0.050000001,1.1773953,0.23535995,1.1180572e-22,4.95328,-1.62638,0
194,-0.049811091,3.7382897e-21,5.4153923e-21,0.0083743595,5.0246339,-1.626292,0.050000001,1.1630979,0.241943,1.1917444e-23,5.0246301,-1.62629,0
194,-0.046246387,-4.2374915e-20,2.1543536e-19,0.0061796582,5.0959854,-1.6262097,0.050000001,1.1486676,0.24738258,7.7694696e-23,5.0959902,-1.62621,0
194,-0.042614773,-4.4650056e-20,2.1296845e-19,0.0045763808,5.167335,-1.6261272,0.050000001,1.1342101,0.25175032,7.1613115e-23,5.1673398,-1.62613,0
194,-0.038957346,-2.2480044e-20,1.0374679e-19,0.0034287293,5.2386894,-1.6260473,0.050000001,1.1198078,0.25512004,2.6870168e-23,5.2386899,-1.62605,0
194,-0.035308816,1.0361202e-21,1.522888e-21,0.0026184865,5.31005,-1.6259717,0.050000001,1.1055326,0.25756568,2.6402814e-24,5.31005,-1.62597,0
194,-0.031698376,4.8259992e-20,-2.0192314e-19,0.002016176,5.3814101,-1.6258978,0.050000001,1.0914376,0.25915897,-4.9250795e-23,5.3814101,-1.6259,0
194,-0.028150642,-2.3979144e-20,9.9006727e-20,0.0015704896,5.4527702,-1.6258215,0.050000001,1.0775601,0.25996947,2.2070672e-23,5.4527702,-1.62582,0
194,-0.024684431,-1.2132592e-19,4.9366997e-19,0.001288215,5.5241303,-1.6257496,0.050000001,1.063925,0.26006114,1.0481311e-22,5.5241299,-1.6257499,0
194,-0.021314571,-4.8897441e-20,1.9602459e-19,0.0010793478,5.5954924,-1.6256775,0.050000001,1.0505551,0.25949505,3.8590037e-23,5.59549,-1.62568,0
194,-0.018052479,2.3558824e-20,-9.9505259e-20,0.00092212198,5.6668582,-1.6256095,0.050000001,1.0374575,0.25832462,-2.1746541e-23,5.6668601,-1.62561,0
194,-0.014906189,2.4284771e-20,-9.6325208e-20,0.00082049437,5.7382221,-1.625546,0.050000001,1.0246327,0.25659913,-1.6440809e-23,5.7382202,-1.62555,0
194,-0.011880912,2.4273969e-20,-9.515447e-20,0.00071566069,5.8095903,-1.6254776,0.050000001,1.0120851,0.25436327,-1.3733294e-23,5.8095899,-1.6254801,0
194,-0.0089797927,8.1087429e-22,-3.7147859e-22,0.00065166922,5.8809581,-1.625414,0.050000001,0.99980372,0.25165269,-2.3820791e-24,5.88096,-1.62541,0
194,-0.0062038498,4.8629955e-20,-1.8246887e-19,0.00062739494,5.9523215,-1.6253523,0.050000001,0.98777771,0.24849913,-1.4929729e-23,5.9523201,-1.62535,0
194,-0.0035524124,2.6036759e-20,-9.2665115e-20,0.0005979336,6.0236917,-1.62529,0.050000001,0.9759962,0.24492933,-1.2706219e-23,6.0236902,-1.62529,0
194,-0.0010240338,2.3369311e-20,-8.8732976e-20,0.00057793024,6.0950656,-1.6252275,0.050000001,0.9644447,0.24096498,-1.8828615e-24,6.0950699,-1.62523,0
194,0.0013835552,2.3028978e-20,-9.1070808e-20,0.00056753907,6.1664376,-1.6251675,0.050000001,0.9531098,0.23662177,-3.8686532e-24,6.16644,-1.62517,0
194,0.0036736955,2.2443593e-20,-8.6245631e-20,0.00056567421,6.237812,-1.6251123,0.050000001,0.94197661,0.23191111,2.0567531e-24,6.2378101,-1.62511,0
194,0.0058499514,1.2778611e-20,-4.5058942e-20,0.00057717739,6.3091879,-1.6250542,0.050000001,0.93103099,0.22683938,-3.4206831e-24,6.3091898,-1.6250499,0
194,0.0079160193,-3.1768259e-20,1.2861256e-19,0.00059951597,6.3805618,-1.6249983,0.050000001,0.92025971,0.22140871,-7.6284869e-24,6.3805599,-1.625,0
194,0.0098758601,1.8790981e-20,-8.4818887e-20,0.00062382402,6.4519401,-1.6249419,0.050000001,0.90964878,0.2156181,1.07362e-23,6.4519401,-1.62494,0
194,0.011733325,1.8660986e-20,-8.4455683e-20,0.00066569739,6.5233202,-1.6248878,0.050000001,0.89918858,0.20946148,1.0720101e-23,6.5233202,-1.62489,0
194,0.013491851,6.1592884e-23,7.5135795e-23,0.00071704306,6.5946999,-1.624836,0.050000001,0.88886964,0.20293038,0,6.5946999,-1.62484,0
194,0.0151545,-1.6152222e-22,-1.2999163e-25,0.00078175648,6.66608,-1.6247817,0.050000001,0.87868452,0.1960129,0,6.66608,-1.6247801,0
194,0.016724305,-1.2033788e-22,-1.0891216e-22,0.00086323178,6.7374597,-1.624732,0.050000001,0.86863005,0.18869288,0,6.7374601,-1.62473,0
194,0.018203642,1.6728327e-20,-7.8395971e-20,0.00098549481,6.8088417,-1.6246842,0.050000001,0.85870534,0.1809517,1.5534897e-23,6.8088398,-1.62468,0
194,0.019594209,1.6924812e-20,-7.6260947e-20,0.0012192789,6.8802257,-1.6246383,0.050000001,0.84891158,0.17277084,1.4804572e-23,6.8802299,-1.62464,0
194,0.020896465,-1.5521519e-20,7.926477e-20,0.0017349755,6.9516101,-1.6245878,0.050000001,0.83924854,0.16413745,-1.7360913e-23,6.9516101,-1.62459,0
194,0.0221106,-1.8332479e-21,1.481318e-21,0.0029038091,7.022994,-1.6245395,0.050000001,0.82971412,0.15504596,1.923221e-24,7.0229902,-1.62454,0
194,0.023235738,2.5241491e-20,-1.5040469e-19,0.0052855057,7.0943794,-1.624498,0.050000001,0.82029396,0.14551124,4.0819106e-23,7.0943799,-1.6245,0
194,0.024268974,-1.4151682e-20,7.6035489e-20,0.0095772678,7.1657681,-1.624452,0.050000001,0.81095165,0.13558073,-1.8621238e-23,7.1657701,-1.62445,0
194,0.025206158,-1.3957671e-20,7.7261131e-20,0.016402364,7.2371521,-1.6244103,0.050000001,0.80163169,0.12533005,-1.996848e-23,7.2371502,-1.62441,0
194,0.026041018,1.9215167e-20,-1.456229e-19,0.025903447,7.3085399,-1.6243688,0.050000001,0.79225934,0.11485385,4.5094827e-23,7.3085399,-1.62437,0
194,0.026765691,5.9431299e-21,-7.0117147e-20,0.037350085,7.37993,-1.6243244,0.050000001,0.78277004,0.10423619,2.5198208e-23,7.37993,-1.62432,0
194,0.0273718,-1.2201262e-20,7.3932893e-20,0.048874941,7.4513197,-1.6242822,0.050000001,0.77314985,0.093504027,-2.0498996e-23,7.4513202,-1.62428,0
194,0.027850825,-1.0394675e-20,7.4113632e-20,0.057552014,7.5227098,-1.6242373,0.050000001,0.76347536,0.082589552,-2.3612371e-23,7.5227098,-1.62424,0
194,0.028196434,4.0375631e-21,-6.6832568e-20,0.059945911,7.5941019,-1.6241975,0.050000001,0.75395316,0.071302071,2.3327546e-23,7.5941,-1.6242,0
194,0.028405927,-2.1233557e-21,2.3330383e-21,0.052985299,7.6654954,-1.6241623,0.050000001,0.74492717,0.059339374,1.085797e-25,7.6655002,-1.6241601,0
194,0.02848148,-1.3496823e-20,2.0656471e-19,0.034864895,7.7368875,-1.6241242,0.050000001,0.73685253,0.046337858,-7.3375771e-23,7.7368898,-1.62412,0
194,0.028429991,-1.7520521e-21,-6.7980934e-20,0.0056608263,7.8082824,-1.6240858,0.050000001,0.73023009,0.031947233,2.5060891e-23,7.80828,-1.62409,0
194,0.02826187,2.4165746e-21,-1.3422068e-19,-0.032522365,7.8796754,-1.6240498,0.050000001,0.72552729,0.015915111,4.7624565e-23,7.8796802,-1.62405,0
194,0.02798989,-1.1347638e-21,2.0282916e-19,-0.076017439,7.9510694,-1.624014,0.050000001,0.72310692,-0.0018499559,-7.2624024e-23,7.9510698,-1.62401,0
194,0.027740484,6.4226586e-22,1.3232923e-19,-0.10646507,7.9999986,-1.6239893,0.050000001,0.72315079,-0.015146089,-4.6986837e-23,8,-1.6239895,0
194,-0.18883385,-2.6457834e-20,4.3791092e-19,0.0085635744,0.99999928,-1.555318,0.050000001,1.1795496,0.049575858,5.2933304e-22,1,-1.5553163,0
194,-0.18518752,-3.5142028e-20,6.5376437e-19,0.0089914436,1.0329411,-1.5552089,0.050000001,1.1754934,0.052651115,8.6744296e-22,1.03294,-1.55521,0
194,-0.17650269,-3.6196422e-21,-1.5785265e-20,0.0099358894,1.1041672,-1.554975,0.050000001,1.1660506,0.058366518,-8.9608402e-23,1.10417,-1.55498,0
194,-0.16707624,-3.7330916e-20,8.668705e-19,0.010893702,1.1753894,-1.5547478,0.050000001,1.1560231,0.063045658,1.098244e-21,1.17539,-1.55475,0
194,-0.15698221,4.7502349e-20,-6.2919695e-19,0.011900653,1.2466111,-1.5545198,0.050000001,1.1455258,0.066598006,-7.2056948e-22,1.24661,-1.55452,0
194,-0.1463073,2.6238088e-20,-2.2482423e-19,0.013022187,1.3178353,-1.5542915,0.050000001,1.1346806,0.068946838,-3.3273123e-22,1.31784,-1.5542901,0
194,-0.135151,-3.1821845e-20,6.2947767e-19,0.014236615,1.3890576,-1.5540698,0.050000001,1.1236206,0.070031457,6.3866785e-22,1.38906,-1.55407,0
194,-0.12362142,3.9236579e-20,-6.1781846e-19,0.015563894,1.4602816,-1.5538473,0.050000001,1.1124958,0.069810815,-6.7225459e-22,1.4602799,-1.5538501,0
194,-0.11183199,6.364526e-20,-8.249296e-19,0.017091889,1.5315076,-1.5536275,0.050000001,1.1014582,0.068263352,-7.9471746e-22,1.53151,-1.55363,0
194,-0.099901341,-2.7509317e-21,1.9342802e-19,0.018822908,1.6027315,-1.5534121,0.050000001,1.0906633,0.065386899,8.0246585e-23,1.60273,-1.5534101,0
194,-0.087948017,2.0156526e-20,-3.9273408e-19,0.020834658,1.6739597,-1.5531977,0.050000001,1.0802656,0.061199125,-2.6302089e-22,1.67396,-1.5532,0
194,-0.076090671,9.3509941e-21,-1.6566046e-20,0.023215756,1.7451875,-1.5529853,0.050000001,1.0704206,0.055738941,-1.647868e-22,1.74519,-1.55299,0
194,-0.064445391,-8.1170717e-21,2.0623562e-19,0.026042309,1.8164194,-1.5527757,0.050000001,1.0612732,0.049063828,1.0454986e-22,1.81642,-1.55278,0
194,-0.05312407,4.6540648e-20,-9.8646044e-19,0.029404562,1.8876579,-1.5525681,0.050000001,1.052963,0.04125046,-5.521055e-22,1.88766,-1.55257,0
194,-0.042234134,1.5867399e-20,-5.9130013e-19,0.033449698,1.9588919,-1.5523621,0.050000001,1.0456254,0.032392293,-2.2652061e-22,1.95889,-1.5523601,0
194,-0.031875983,1.2340008e-20,-5.8008538e-19,0.038323395,2.0301297,-1.55216,0.050000001,1.039378,0.022599593,-1.5735232e-22,2.0301299,-1.55216,0
194,-0.022143163,1.4023322e-21,-1.9061996e-19,0.044154245,2.1013758,-1.551962,0.050000001,1.0343302,0.011999817,-2.1523112e-23,2.1013801,-1.55196,0
194,-0.013124064,-4.3597863e-21,-3.839736e-19,0.051192582,2.1726222,-1.5517665,0.050000001,1.0305758,0.00073656271,-1.3481332e-23,2.1726201,-1.55177,0
194,-0.0048972522,-1.1908595e-21,-1.7950748e-21,0.059657425,2.2438703,-1.5515696,0.050000001,1.0281903,-0.01103366,5.1459453e-25,2.24387,-1.5515701,0
194,0.002465005,1.3798302e-20,7.6168337e-19,0.069749996,2.31512,-1.5513815,0.050000001,1.0272425,-0.023138221,-3.6076195e-24,2.31512,-1.55138,0
194,0.0088970037,3.882289e-21,1.89991e-19,0.081740156,2.3863716,-1.5511982,0.050000001,1.0277755,-0.035388447,-9.4996421e-24,2.3863699,-1.5512,0
194,0.014342501,-1.5256779e-20,-3.8258722e-19,0.095881365,2.4576299,-1.5510118,0.050000001,1.0298051,-0.047585715,4.0570356e-23,2.4576299,-1.55101,0
194,0.018752651,-3.4513226e-20,-5.7215328e-19,0.11237639,2.5288899,-1.5508316,0.050000001,1.033335,-0.059519533,1.0903338e-22,2.5288899,-1.55083,0
194,0.022089329,-2.2776949e-21,7.5187527e-21,0.13135253,2.600152,-1.5506581,0.050000001,1.0383528,-0.07097286,2.2428502e-23,2.6001501,-1.55066,0
194,0.024327321,3.9140506e-20,5.8362865e-19,0.15285677,2.6714177,-1.5504793,0.050000001,1.0448151,-0.081725806,-1.0128327e-22,2.6714201,-1.55048,0
194,0.025452811,-5.3524293e-21,4.186017e-21,0.17672724,2.7426879,-1.5503095,0.050000001,1.0526676,-0.091555677,2.1482781e-23,2.7426901,-1.55031,0
194,0.025465557,-6.06498e-20,-5.8606082e-19,0.20266205,2.8139622,-1.5501482,0.050000001,1.0618478,-0.10024551,1.4567649e-22,2.8139601,-1.55015,0
194,0.02438133,-2.0860172e-20,-1.9090004e-19,0.23018146,2.885236,-1.5499817,0.050000001,1.07227,-0.10758863,5.4400271e-23,2.8852401,-1.54998,0
194,0.022230884,1.458831e-21,-4.6532242e-21,0.2585544,2.9565094,-1.5498217,0.050000001,1.0838447,-0.1133865,-9.4548727e-24,2.9565101,-1.5498199,0
194,0.01906115,5.9513819e-21,-2.515452e-21,0.28692648,3.0277929,-1.5496681,0.050000001,1.0964702,-0.11745989,-3.2593035e-24,3.0278001,-1.54967,0
194,0.014938291,2.6994952e-20,2.0175718e-19,0.3143869,3.0990794,-1.5495093,0.050000001,1.1100321,-0.11964866,-2.786814e-23,3.0990801,-1.54951,0
194,0.0099453256,-3.7097729e-20,-4.2907743e-19,0.33999783,3.1703701,-1.5493594,0.050000001,1.1244023,-0.11981117,2.1442751e-23,3.1703701,-1.54936,0
194,0.0041829962,3.4060054e-21,5.3927017e-23,0.36287826,3.2416601,-1.5492163,0.050000001,1.1394302,-0.11783583,1.5961845e-23,3.2416601,-1.54922,0
194,-0.0022305276,2.1631463e-20,2.0803355e-19,0.38219219,3.3129499,-1.5490677,0.050000001,1.1549423,-0.1136414,-1.9234977e-23,3.3129499,-1.54907,0
194,-0.0091623636,-1.2562688e-22,-7.0543855e-22,0.39726436,3.3842478,-1.548928,0.050000001,1.1707374,-0.10717805,-3.3881872e-26,3.3842499,-1.54893,0
194,-0.016465664,1.8935029e-20,2.2127777e-19,0.40756434,3.45555,-1.548792,0.050000001,1.1865844,-0.09843836,2.0697429e-23,3.45555,-1.54879,0
194,-0.023983408,-2.7740229e-20,-2.0890299e-19,0.41268522,3.5268497,-1.5486578,0.050000001,1.202227,-0.087459035,-4.4818981e-23,3.52685,-1.54866,0
194,-0.031553004,-2.5092918e-20,-2.166428e-19,0.41244557,3.5981517,-1.5485215,0.050000001,1.2173841,-0.074328154,-5.0854186e-23,3.59815,-1.54852,0
194,-0.039010115,1.1128128e-20,2.2649381e-19,0.4067716,3.6694601,-1.5483916,0.050000001,1.2317667,-0.059179485,8.0299704e-23,3.6694601,-1.54839,0
194,-0.046194091,3.174559e-21,-2.1901152e-21,0.39578232,3.7407701,-1.5482658,0.050000001,1.2450795,-0.042201839,-1.3962451e-23,3.7407701,-1.54827,0
194,-0.052954916,-7.8465036e-21,-2.2941691e-19,0.37975258,3.8120794,-1.5481392,0.050000001,1.2570267,-0.02363467,-9.4021744e-23,3.8120799,-1.54814,0
194,-0.059156373,7.2423862e-23,8.9002665e-22,0.35915628,3.8833976,-1.5480195,0.050000001,1.2673419,-0.0037562388,0,3.8834,-1.54802,0
194,-0.06467998,1.2674634e-20,-4.7396922e-19,0.33467859,3.9547179,-1.5479017,0.050000001,1.2757795,0.017118352,-2.2096299e-22,3.95472,-1.5479,0
194,-0.069426976,1.6052186e-20,-4.7719093e-19,0.30708519,4.0260377,-1.5477858,0.050000001,1.2821344,0.038652539,-2.2801337e-22,4.0260401,-1.5477901,0
194,-0.073329017,2.3361645e-20,-2.413058e-19,0.27725884,4.0973601,-1.5476693,0.050000001,1.286262,0.060495012,-1.3033838e-22,4.0973601,-1.54767,0
194,-0.076347165,2.8598794e-20,-2.4351163e-19,0.24618652,4.1686797,-1.5475597,0.050000001,1.2880746,0.0822969,-1.3041392e-22,4.1686802,-1.54756,0
194,-0.078466959,-6.0795901e-20,8.3324829e-19,0.21484102,4.240005,-1.5474517,0.050000001,1.2875497,0.10372479,4.5242332e-22,4.2400098,-1.5474499,0
194,-0.079697475,-7.1953863e-20,8.3804413e-19,0.18416192,4.3113375,-1.5473458,0.050000001,1.2847272,0.12447046,4.4116909e-22,4.3113399,-1.54735,0
194,-0.080073044,7.9650166e-21,-1.2018804e-19,0.15502925,4.3826704,-1.5472393,0.050000001,1.2796999,0.14426593,-9.5350337e-23,4.3826699,-1.54724,0
194,-0.079645894,-4.6683226e-21,-5.9378191e-21,0.12814566,4.454,-1.54714,0.050000001,1.2726225,0.16288783,-2.1548146e-23,4.454,-1.54714,0
194,-0.078484446,-1.1301122e-21,-3.4948211e-21,0.10401705,4.5253358,-1.54704,0.050000001,1.2636899,0.18016334,-2.1409385e-23,4.5253401,-1.54704,0
194,-0.076668218,5.1706488e-20,-3.5079106e-19,0.082941145,4.5966721,-1.5469393,0.050000001,1.2531277,0.19596946,-2.1167476e-22,4.5966702,-1.54694,0
194,-0.074282117,1.187956e-19,-6.91009e-19,0.065017961,4.6680098,-1.5468478,0.050000001,1.2411827,0.21023366,-3.6698006e-22,4.6680102,-1.54685,0
194,-0.071414344,6.1400848e-20,-3.4177903e-19,0.050123587,4.7393517,-1.5467583,0.050000001,1.2280977,0.22292984,-1.600276e-22,4.7393498,-1.54676,0
194,-0.068152852,2.6176824e-20,-1.0336903e-19,0.038081229,4.810698,-1.5466638,0.050000001,1.2141203,0.23406844,-2.249219e-23,4.8106999,-1.5466599,0
194,-0.064580441,2.4794283e-20,-1.0514796e-19,0.028553994,4.8820419,-1.5465783,0.050000001,1.1994802,0.24368669,-3.325203e-23,4.88204,-1.54658,0
194,-0.060775299,-2.2498164e-20,1.1724263e-19,0.021141173,4.9533873,-1.5464902,0.050000001,1.1843777,0.25185263,7.9497319e-23,4.9533901,-1.54649,0
194,-0.05680795,-7.4104384e-20,3.2877325e-19,0.015507015,5.0247378,-1.5464017,0.050000001,1.1689976,0.2586464,1.5863667e-22,5.0247402,-1.5464,0
194,-0.052740589,-4.5574052e-20,2.1979233e-19,0.011301808,5.0960875,-1.5463178,0.050000001,1.1534977,0.2641567,9.2065034e-23,5.0960898,-1.54632,0
194,-0.048627645,2.9828828e-20,-1.0650844e-19,0.0082406504,5.1674352,-1.5462358,0.050000001,1.1379976,0.2684806,-5.7826502e-23,5.1674399,-1.54624,0
194,-0.044515535,2.7556125e-21,-1.7591218e-21,0.0060037794,5.2387896,-1.5461555,0.050000001,1.1226002,0.2717154,-1.0105672e-23,5.23879,-1.54616,0
194,-0.040442765,-7.7258185e-20,3.0508489e-19,0.00439326,5.3101478,-1.5460777,0.050000001,1.107385,0.27395549,9.651787e-23,5.3101501,-1.54608,0
194,-0.036440659,-5.0114443e-20,2.0637462e-19,0.0032789127,5.381506,-1.5459998,0.050000001,1.0924125,0.27529037,6.395917e-23,5.3815098,-1.546,0
194,-0.032534312,1.0558165e-19,-3.9561518e-19,0.0024829817,5.4528642,-1.545926,0.050000001,1.0777253,0.27580485,-1.100929e-22,5.4528599,-1.54593,0
194,-0.028743217,-2.0721206e-20,9.6902768e-20,0.0019177553,5.5242243,-1.5458494,0.050000001,1.0633403,0.27557817,8.3636248e-24,5.52422,-1.54585,0
194,-0.025081202,-9.9297061e-20,3.9271188e-19,0.0015309089,5.5955839,-1.5457773,0.050000001,1.0492803,0.2746796,8.3124943e-23,5.5955801,-1.5457799,0
194,-0.021558549,2.4199917e-20,-9.732578e-20,0.0012599928,5.6669502,-1.5457095,0.050000001,1.03555,0.27317265,-1.9236168e-23,5.6669502,-1.54571,0
194,-0.018182065,7.5229421e-20,-2.8579682e-19,0.0010518833,5.7383146,-1.5456418,0.050000001,1.0221426,0.2711142,-4.6747291e-23,5.7383099,-1.54564,0
194,-0.014955002,5.1137475e-20,-1.8936116e-19,0.0009108606,5.8096781,-1.5455737,0.050000001,1.0090574,0.26855275,-3.0349265e-23,5.80968,-1.54557,0
194,-0.011878734,-2.3601662e-20,9.1246151e-20,0.00082149397,5.8810415,-1.5455085,0.050000001,0.99627572,0.26552916,6.2615255e-24,5.8810401,-1.5455101,0
194,-0.0089523802,1.9215729e-22,5.4929399e-24,0.00075316249,5.9524097,-1.545442,0.050000001,0.98377931,0.26207939,-1.0294485e-26,5.9524102,-1.54544,0
194,-0.0061733793,2.3694136e-20,-9.1334143e-20,0.00071108225,6.0237775,-1.5453795,0.050000001,0.97155601,0.25823012,-6.2647519e-24,6.0237799,-1.54538,0
194,-0.0035384626,2.4072963e-21,9.8292543e-22,0.00068459508,6.0951452,-1.5453198,0.050000001,0.95958352,0.25400481,-4.3077229e-24,6.09515,-1.54532,0
194,-0.0010434804,4.4960679e-21,1.3226631e-21,0.00066384563,6.1665196,-1.5452579,0.050000001,0.94784141,0.24942024,-8.4844073e-24,6.1665201,-1.54526,0
194,0.0013165507,3.601083e-20,-1.3003619e-19,0.00065527851,6.237896,-1.5451977,0.050000001,0.93630993,0.24448718,-2.0802927e-24,6.2378998,-1.5452,0
194,0.0035465441,3.9529615e-22,-2.2565618e-21,0.00066379906,6.3092675,-1.5451423,0.050000001,0.92497051,0.2392118,-2.5673462e-24,6.3092699,-1.54514,0
194,0.0056517976,-1.3145207e-20,4.2610859e-20,0.00068260578,6.3806415,-1.5450842,0.050000001,0.91380334,0.23359521,2.8180788e-24,6.38064,-1.5450799,0
194,0.007637837,2.0218781e-20,-8.4851192e-20,0.00070922275,6.4520202,-1.5450281,0.050000001,0.90279108,0.22763318,7.4599909e-24,6.4520202,-1.54503,0
194,0.0095093269,-4.0065356e-23,-1.6656277e-23,0.00075719907,6.5233974,-1.5449717,0.050000001,0.89191896,0.22131936,0,6.5233998,-1.54497,0
194,0.011271074,1.9976257e-20,-8.0305298e-20,0.0008196971,6.5947757,-1.5449177,0.050000001,0.88117397,0.21464115,9.8332742e-24,6.59478,-1.54492,0
194,0.012926945,-1.9925611e-20,7.9602628e-20,0.00088488596,6.6661558,-1.544866,0.050000001,0.87054455,0.20758456,-9.3813019e-24,6.6661601,-1.54487,0
194,0.014480595,-3.998341e-20,1.5980853e-19,0.0009784376,6.7375355,-1.544812,0.050000001,0.86002344,0.20013104,-1.9240352e-23,6.7375398,-1.5448101,0
194,0.015935268,1.638929e-20,-7.8711786e-20,0.0011578662,6.8089151,-1.5447595,0.050000001,0.84960645,0.19225831,1.5548073e-23,6.8089199,-1.54476,0
194,0.017293073,3.2455788e-20,-1.5371596e-19,0.0015705333,6.8802977,-1.5447115,0.050000001,0.83928967,0.18394816,3.1139682e-23,6.8803,-1.54471,0
194,0.018555263,-4.5604344e-22,3.1854661e-21,0.0025115469,6.9516821,-1.5446663,0.050000001,0.8290658,0.17518988,-8.8205089e-26,6.9516802,-1.54467,0
194,0.019721678,-1.8523579e-20,7.8033208e-20,0.0045279837,7.0230656,-1.5446178,0.050000001,0.81891727,0.16599162,-1.258215e-23,7.0230699,-1.54462,0
194,0.020791026,1.1026368e-20,-7.2699973e-20,0.0083550317,7.0944495,-1.5445718,0.050000001,0.80881101,0.15639041,2.1067016e-23,7.09445,-1.54457,0
194,0.021760015,4.2578501e-22,4.4367428e-21,0.0146556,7.1658378,-1.5445282,0.050000001,0.79868668,0.14645733,-3.0793355e-24,7.1658401,-1.54453,0
194,0.022623057,-2.5004363e-21,4.904809e-21,0.023700919,7.2372217,-1.5444845,0.050000001,0.78846812,0.13628717,4.2823018e-25,7.2372198,-1.54448,0
194,0.02337298,-3.4067232e-21,7.3164463e-22,0.034833126,7.3086104,-1.5444405,0.050000001,0.77808315,0.12596537,3.5808609e-24,7.30861,-1.54444,0
194,0.024000816,-1.4472304e-20,7.3463765e-20,0.04615318,7.3800001,-1.5443938,0.050000001,0.76750433,0.11552439,-1.7438242e-23,7.3800001,-1.54439,0
194,0.024498394,-5.7063578e-22,3.5693849e-21,0.054572277,7.4513879,-1.5443496,0.050000001,0.75680524,0.10488512,-1.9218711e-24,7.4513898,-1.54435,0
194,0.02485919,-1.0151585e-20,6.9163531e-20,0.056321461,7.522778,-1.5443075,0.050000001,0.74619573,0.093830399,-1.9103097e-23,7.5227799,-1.54431,0
194,0.025080852,-3.6763566e-21,-1.4949059e-23,0.047959544,7.5941706,-1.5442698,0.050000001,0.73603964,0.082008108,3.0927045e-24,7.5941701,-1.54427,0
194,0.025166675,5.7259651e-21,-6.5696733e-20,0.027427243,7.6655579,-1.5442322,0.050000001,0.72682667,0.06898471,1.9907747e-23,7.6655598,-1.54423,0
194,0.025125936,-5.4959495e-21,6.8548612e-20,-0.0051934277,7.7369494,-1.5441926,0.050000001,0.71910673,0.054335378,-2.277088e-23,7.7369499,-1.54419,0
194,0.024972919,-5.169605e-21,6.5922792e-20,-0.047543552,7.8083482,-1.5441517,0.050000001,0.71340019,0.037743121,-1.9547602e-23,7.8083501,-1.54415,0
194,0.024724117,-3.468965e-22,-1.0963101e-21,-0.095464803,7.8797402,-1.5441183,0.050000001,0.71011049,0.019081065,3.2347054e-24,7.8797402,-1.54412,0
194,0.024394944,3.0543844e-21,6.6911965e-20,-0.14399707,7.9511318,-1.5440803,0.050000001,0.7094636,-0.0015559018,-2.1896169e-23,7.9511299,-1.54408,0
194,0.024122907,1.1466665e-21,2.1704224e-20,-0.17441858,7.9999995,-1.544054,0.050000001,0.71085262,-0.016824827,-9.1428924e-24,8,-1.5440526,0
194,-0.20244601,-6.3691825e-21,-1.7535147e-20,0.024414675,0.99999821,-1.4756807,0.050000001,1.186285,0.060017876,2.0396425e-23,1,-1.4756813,0
194,-0.19841479,8.5991241e-21,-4.2900068e-19,0.025259133,1.033249,-1.4755594,0.050000001,1.181661,0.063522354,-6.3269174e-22,1.03325,-1.4755599,0
194,-0.18886229,1.1221317e-20,-4.5696848e-19,0.027049812,1.1044608,-1.4753028,0.050000001,1.1709535,0.06999661,-7.0742335e-22,1.10446,-1.4753,0
194,-0.17845552,-6.5119251e-20,8.5307266e-19,0.028824462,1.1756752,-1.4750599,0.050000001,1.1595432,0.075314626,1.2322526e-21,1.17568,-1.47506,0
194,-0.16728103,-4.7649975e-20,8.6194308e-19,0.030625688,1.2468852,-1.4748174,0.050000001,1.1475557,0.0793669,1.128415e-21,1.2468899,-1.47482,0
194,-0.15544067,-4.1021544e-20,8.4779447e-19,0.032528207,1.3180971,-1.4745771,0.050000001,1.1351284,0.082059741,9.7214684e-22,1.3181,-1.47458,0
194,-0.14304967,-2.5934191e-20,4.2254229e-19,0.034585383,1.3893152,-1.4743458,0.050000001,1.1224158,0.083320364,4.2544634e-22,1.38932,-1.47435,0
194,-0.13023487,3.5422531e-21,-5.3983091e-21,0.036871694,1.4605318,-1.4741157,0.050000001,1.1095859,0.083098821,-7.0791475e-23,1.46053,-1.47412,0
194,-0.11712851,-2.2504127e-20,3.9886546e-19,0.039474819,1.5317477,-1.473888,0.050000001,1.0968083,0.081368081,3.233275e-22,1.53175,-1.4738899,0
194,-0.1038679,1.0459705e-20,1.4514233e-20,0.042476822,1.6029651,-1.4736623,0.050000001,1.0842607,0.078124344,-3.6084801e-23,1.60297,-1.47366,0
194,-0.090590462,6.6968058e-20,-8.0403486e-19,0.045996252,1.6741877,-1.4734398,0.050000001,1.0721157,0.073387623,-6.9695864e-22,1.67419,-1.4734401,0
194,-0.077432074,5.1446575e-21,-8.1786764e-21,0.050186403,1.7454098,-1.4732215,0.050000001,1.0605431,0.067201689,-8.0872474e-23,1.74541,-1.47322,0
194,-0.064524353,2.4149431e-20,-3.8240226e-19,0.055185247,1.8166379,-1.473008,0.050000001,1.0497007,0.059631806,-1.9482753e-22,1.81664,-1.4730099,0
194,-0.05199457,5.6708356e-20,-9.712611e-19,0.061149903,1.887868,-1.4727918,0.050000001,1.0397404,0.050766025,-4.8929798e-22,1.88787,-1.47279,0
194,-0.039963245,5.0810708e-21,-2.0670398e-19,0.068326525,1.9590954,-1.4725795,0.050000001,1.0308055,0.040709496,-9.0264096e-23,1.9591,-1.47258,0
194,-0.028543172,-1.722479e-21,-2.0587292e-19,0.07694333,2.0303295,-1.4723763,0.050000001,1.0230185,0.029588046,-5.7015711e-23,2.0303299,-1.47238,0
194,-0.017838551,-2.4496724e-21,-7.4919364e-21,0.087311119,2.1015699,-1.4721723,0.050000001,1.0164881,0.017545538,-1.3312417e-23,2.1015699,-1.47217,0
194,-0.0079480968,-1.5247868e-21,2.0399047e-21,0.099774733,2.1728096,-1.4719703,0.050000001,1.0113039,0.004744438,1.6789409e-23,2.1728101,-1.47197,0
194,0.00104646,-4.3794241e-21,-5.6347254e-19,0.11466809,2.2440562,-1.4717723,0.050000001,1.0075409,-0.0086403508,-5.949122e-25,2.24406,-1.47177,0
194,0.0090657622,-2.1909278e-22,-1.6954177e-19,0.13239396,2.3153021,-1.4715805,0.050000001,1.0052609,-0.022417875,4.360777e-23,2.3153,-1.47158,0
194,0.016033264,1.1980386e-20,3.9006506e-19,0.15333195,2.3865495,-1.4713902,0.050000001,1.0044941,-0.036375858,-5.0532753e-24,2.3865499,-1.47139,0
194,0.021886557,6.0339041e-21,1.9152614e-19,0.17778642,2.4578059,-1.4712025,0.050000001,1.005249,-0.050290085,-1.8845914e-23,2.4578099,-1.4712,0
194,0.026570983,-2.9029516e-20,-3.724588e-19,0.20596819,2.529062,-1.4710208,0.050000001,1.0075203,-0.063927718,1.0588689e-22,2.5290599,-1.47102,0
194,0.030044675,3.4567599e-21,-3.9705283e-21,0.23795283,2.6003199,-1.4708405,0.050000001,1.0112872,-0.077052459,-1.8649571e-23,2.6003201,-1.47084,0
194,0.032279059,9.5118856e-21,1.9901847e-19,0.27352571,2.671582,-1.47066,0.050000001,1.0165105,-0.089426294,-2.0718302e-23,2.6715801,-1.47066,0
194,0.033259284,-3.890182e-21,1.1932688e-20,0.31214663,2.7428498,-1.4704883,0.050000001,1.0231558,-0.10081439,2.7945943e-23,2.7428501,-1.47049,0
194,0.032985032,-5.2422171e-21,3.5199209e-21,0.35308266,2.8141201,-1.470318,0.050000001,1.0311832,-0.11099,4.9249754e-24,2.8141201,-1.47032,0
194,0.031472772,-1.9253634e-20,-1.9360498e-19,0.3952632,2.8853898,-1.4701475,0.050000001,1.0405504,-0.11973858,5.3339423e-23,2.88539,-1.47015,0
194,0.028755561,-6.7714084e-20,-5.9039024e-19,0.43744448,2.956665,-1.469988,0.050000001,1.0512282,-0.12685703,1.3084299e-22,2.95667,-1.46999,0
194,0.024885509,-7.5113286e-20,-5.7248912e-19,0.47831905,3.0279453,-1.46983,0.050000001,1.0631828,-0.13215591,1.5431756e-22,3.02795,-1.46983,0
194,0.01993366,3.0367934e-22,8.2003184e-22,0.51664519,3.0992301,-1.4696697,0.050000001,1.07637,-0.13545972,1.1019029e-25,3.0992301,-1.4696701,0
194,0.01399028,2.505406e-20,2.0301296e-19,0.55125916,3.1705182,-1.4695176,0.050000001,1.0907227,-0.1366062,-2.092815e-23,3.1705201,-1.46952,0
194,0.0071669202,2.875442e-20,1.9418911e-19,0.58121157,3.241802,-1.46937,0.050000001,1.1061398,-0.13545378,-2.1027259e-23,3.2418001,-1.46937,0
194,-0.00040647073,-1.4611648e-20,-2.3222512e-19,0.60576665,3.313092,-1.4692192,0.050000001,1.1224867,-0.13188377,-2.3889636e-23,3.3130901,-1.46922,0
194,-0.0085810935,4.1845748e-23,-1.3919104e-22,0.62428284,3.3843877,-1.4690778,0.050000001,1.1395798,-0.12580603,2.4982473e-26,3.3843901,-1.46908,0
194,-0.017191458,3.9261792e-20,4.3755864e-19,0.63636237,3.4556854,-1.4689405,0.050000001,1.1571798,-0.11717352,5.6644284e-23,3.4556899,-1.46894,0
194,-0.026058307,-2.197346e-20,-2.1081763e-19,0.64169389,3.5269878,-1.4687999,0.050000001,1.175007,-0.10598633,-5.5115282e-23,3.5269899,-1.4687999,0
194,-0.034993663,-3.9212959e-20,-4.3237845e-19,0.64012194,3.5982878,-1.4686661,0.050000001,1.1927373,-0.092300668,-9.6741976e-23,3.59829,-1.46867,0
194,-0.043805514,-2.6829073e-20,-4.4937993e-19,0.63159078,3.6695895,-1.468534,0.050000001,1.2100186,-0.076233722,-1.6041514e-22,3.66959,-1.4685301,0
194,-0.052304011,-2.4841079e-20,-2.1375628e-19,0.61614722,3.7409,-1.468406,0.050000001,1.226487,-0.057966333,-7.6783221e-23,3.7409,-1.46841,0
194,-0.060308259,2.495017e-21,2.3576705e-19,0.5940159,3.8122098,-1.4682772,0.050000001,1.2417616,-0.037746951,9.8075069e-23,3.8122101,-1.46828,0
194,-0.067652613,-3.1693567e-21,3.7626136e-21,0.56558043,3.8835218,-1.4681557,0.050000001,1.2554842,-0.015880113,1.135523e-23,3.8835199,-1.46816,0
194,-0.074193656,4.2898407e-22,-2.3014755e-19,0.53145057,3.9548395,-1.4680358,0.050000001,1.2673167,0.0072724917,-1.163821e-22,3.9548399,-1.46804,0
194,-0.079812989,1.1919566e-20,-4.728443e-19,0.49238855,4.0261602,-1.4679155,0.050000001,1.2769643,0.031321913,-2.6239109e-22,4.0261598,-1.4679199,0
194,-0.084422834,1.1179421e-20,-2.3730698e-19,0.44945249,4.0974803,-1.4677998,0.050000001,1.2841867,0.055855762,-1.625149e-22,4.0974798,-1.4678,0
194,-0.08796981,3.334154e-21,-1.6805057e-21,0.40381777,4.1687994,-1.4676905,0.050000001,1.2888118,0.080448031,-4.438554e-23,4.1687999,-1.46769,0
194,-0.090437129,-6.8353676e-20,7.161234e-19,0.35679713,4.2401252,-1.4675778,0.050000001,1.2907494,0.10468424,4.1322561e-22,4.2401299,-1.46758,0
194,-0.091837943,-7.4721415e-20,7.2128867e-19,0.30980456,4.3114519,-1.4674675,0.050000001,1.2899846,0.12817644,4.362572e-22,4.31145,-1.46747,0
194,-0.092214644,5.9523202e-21,-1.2033715e-19,0.26415226,4.3827796,-1.4673616,0.050000001,1.2865772,0.15058273,-1.0531207e-22,4.3827801,-1.46736,0
194,-0.09163408,-4.0573012e-20,2.3407329e-19,0.2210772,4.4541092,-1.46726,0.050000001,1.2806648,0.17161436,1.4882155e-22,4.4541101,-1.46726,0
194,-0.090184174,4.283617e-21,3.7668626e-21,0.18157899,4.5254455,-1.4671602,0.050000001,1.2724522,0.1910474,-4.3788162e-24,4.5254502,-1.46716,0
194,-0.087966986,5.9041593e-20,-3.5241632e-19,0.14635578,4.5967817,-1.4670601,0.050000001,1.2621975,0.2087232,-2.2726416e-22,4.5967798,-1.46706,0
194,-0.085091569,9.3189982e-21,3.6602787e-21,0.11579774,4.6681175,-1.4669615,0.050000001,1.2501926,0.22455165,1.0966774e-23,4.6681199,-1.46696,0
194,-0.081669264,9.389525e-21,2.4899433e-21,0.089977421,4.7394576,-1.4668695,0.050000001,1.2367401,0.23850241,-2.0218917e-23,4.73946,-1.46687,0
194,-0.07781022,2.2941807e-20,-1.098994e-19,0.068760343,4.810802,-1.4667805,0.050000001,1.2221451,0.25059867,-4.9702415e-23,4.8108001,-1.4667799,0
194,-0.073618382,-2.232695e-21,1.4022053e-21,0.051743921,4.8821478,-1.4666883,0.050000001,1.2067025,0.26090401,1.9455225e-23,4.8821502,-1.4666899,0
194,-0.069189154,-5.0484788e-20,2.2297313e-19,0.038350284,4.9534898,-1.4665955,0.050000001,1.1906801,0.26951304,1.2510549e-22,4.9534898,-1.4665999,0
194,-0.064607337,-2.6017107e-20,1.1043056e-19,0.0280736,5.0248375,-1.4665076,0.050000001,1.1743101,0.27654049,5.5692703e-23,5.0248399,-1.4665101,0
194,-0.059946883,-7.9295492e-20,3.2001933e-19,0.020377209,5.0961876,-1.4664215,0.050000001,1.1577902,0.28211099,1.4797246e-22,5.09619,-1.4664201,0
194,-0.055270188,-5.3675966e-20,2.1638789e-19,0.014689872,5.1675353,-1.4663397,0.050000001,1.141275,0.28635409,1.0698323e-22,5.1675401,-1.4663399,0
194,-0.050629672,2.7465059e-20,-1.0553176e-19,0.010549578,5.2388878,-1.46626,0.050000001,1.1248976,0.28939828,-4.8734631e-23,5.2388902,-1.46626,0
194,-0.04606783,-2.7240153e-20,1.0129913e-19,0.0075450782,5.3102422,-1.4661797,0.050000001,1.1087552,0.2913661,3.2402705e-23,5.3102398,-1.46618,0
194,-0.041617889,-6.147567e-22,1.1724889e-21,0.0054429471,5.3815999,-1.4660995,0.050000001,1.0929102,0.29237041,-8.3162111e-26,5.3815999,-1.4661,0
194,-0.03730521,1.616961e-19,-5.9553483e-19,0.0040085865,5.4529581,-1.4660263,0.050000001,1.0774125,0.29251605,-1.719308e-22,5.45296,-1.46603,0
194,-0.033149038,8.3000007e-20,-2.9752898e-19,0.0029741011,5.5243158,-1.4659495,0.050000001,1.0622874,0.29189867,-8.8391511e-23,5.5243201,-1.46595,0
194,-0.029162113,-2.3485402e-20,1.0148169e-19,0.0022622859,5.5956755,-1.4658775,0.050000001,1.04755,0.2906003,2.4985976e-23,5.5956802,-1.46588,0
194,-0.025352672,2.8748675e-20,-9.634877e-20,0.0017891192,5.667038,-1.4658083,0.050000001,1.0332,0.28869516,-2.6164082e-23,5.6670399,-1.4658099,0
194,-0.02172515,-2.7588684e-20,9.3157985e-20,0.001434998,5.7384024,-1.4657383,0.050000001,1.0192301,0.28624791,1.9647655e-23,5.7384,-1.46574,0
194,-0.018280728,-2.7799986e-20,9.3868727e-20,0.0012045701,5.8097644,-1.4656702,0.050000001,1.005628,0.28331304,1.9706416e-23,5.8097601,-1.46567,0
194,-0.015017941,-2.4778917e-20,9.1993412e-20,0.0010477169,5.8811297,-1.4656003,0.050000001,0.9923678,0.27993649,8.6557873e-24,5.8811302,-1.4656,0
194,-0.011933536,-4.7926699e-20,1.8238556e-19,0.00092372485,5.9524984,-1.4655317,0.050000001,0.97942913,0.27615613,1.2368142e-23,5.9524999,-1.46553,0
194,-0.0090228878,2.6593255e-21,1.0338488e-21,0.00084736774,6.0238614,-1.4654677,0.050000001,0.96679026,0.2720013,-5.0454684e-24,6.02386,-1.46547,0
194,-0.0062801819,2.5495241e-21,-1.1301547e-21,0.0007951624,6.0952296,-1.4654077,0.050000001,0.95442241,0.26749602,-6.8883153e-24,6.0952301,-1.46541,0
194,-0.0036990528,-2.3311903e-20,8.8421174e-20,0.00076337054,6.1666017,-1.4653482,0.050000001,0.94229901,0.2626572,1.8833577e-24,6.1666002,-1.46535,0
194,-0.0012726682,-4.7375926e-20,1.7163751e-19,0.00075245369,6.237978,-1.4652838,0.050000001,0.93039387,0.2574957,3.6226886e-25,6.2379799,-1.4652801,0
194,0.0010058994,-2.5391891e-20,8.6320181e-20,0.00075529295,6.3093476,-1.4652286,0.050000001,0.91868365,0.25201535,4.235311e-24,6.30935,-1.46523,0
194,0.0031433569,4.5710424e-20,-1.6830988e-19,0.00076795463,6.3807192,-1.4651703,0.050000001,0.9071424,0.24621728,5.0607032e-24,6.3807201,-1.46517,0
194,0.0051467442,2.3746819e-20,-8.3037082e-20,0.00080155954,6.4520979,-1.4651097,0.050000001,0.89574766,0.24009526,1.1914866e-24,6.4520998,-1.4651099,0
194,0.0070221657,2.2544636e-20,-8.0990921e-20,0.00084716087,6.5234718,-1.465054,0.050000001,0.88448006,0.23363975,4.3175568e-24,6.5234699,-1.46505,0
194,0.0087756254,8.5192663e-20,-3.2071876e-19,0.0009142122,6.5948491,-1.4649998,0.050000001,0.87332165,0.22683513,2.747984e-23,6.5948501,-1.465,0
194,0.01041213,4.2317504e-20,-1.5796518e-19,0.00099524786,6.6662273,-1.4649458,0.050000001,0.86225688,0.21966466,1.4565689e-23,6.6662302,-1.46495,0
194,0.011936069,-4.0591116e-20,1.6006569e-19,0.0011284894,6.7376075,-1.464892,0.050000001,0.85127395,0.21210657,-1.7442893e-23,6.7376099,-1.46489,0
194,0.013351305,-2.036013e-20,7.8451057e-20,0.0014285841,6.8089876,-1.4648376,0.050000001,0.8403638,0.20413725,-8.8810907e-24,6.80899,-1.4648401,0
194,0.014660469,8.2564774e-21,-3.7886394e-20,0.0021554152,6.8803673,-1.4647897,0.050000001,0.82951456,0.19574107,6.993278e-24,6.8803701,-1.46479,0
194,0.015865101,7.5987719e-21,-3.6712667e-20,0.0038007454,6.9517517,-1.4647419,0.050000001,0.81870711,0.18691668,7.9441314e-24,6.9517498,-1.46474,0
194,0.016965155,-3.9606336e-22,3.1016621e-21,0.0070859278,7.023138,-1.4646915,0.050000001,0.80790585,0.17769156,-7.3477636e-25,7.02314,-1.46469,0
194,0.017958498,6.2547415e-21,-3.4377533e-20,0.012765537,7.094522,-1.464648,0.050000001,0.79705298,0.16812973,8.0352512e-24,7.0945201,-1.46465,0
194,0.01884062,5.0660495e-21,-3.5324641e-20,0.021203406,7.165906,-1.4646,0.050000001,0.78606576,0.15832336,1.0379547e-23,7.1659098,-1.4646,0
194,0.019604919,1.1508489e-20,-6.7885996e-20,0.031920411,7.2372899,-1.464554,0.050000001,0.77486444,0.1483629,1.6895375e-23,7.2372899,-1.46455,0
194,0.020243255,-1.3268092e-20,7.2742715e-20,0.043101639,7.3086805,-1.4645097,0.050000001,0.7634095,0.13828497,-1.7890002e-23,7.3086801,-1.46451,0
194,0.020746663,-1.4113966e-20,7.3412318e-20,0.051517788,7.3800683,-1.464466,0.050000001,0.75175518,0.12801471,-1.7861223e-23,7.3800702,-1.46447,0
194,0.021108437,1.9786627e-20,-1.3527849e-19,0.053129759,7.4514513,-1.4644195,0.050000001,0.7401036,0.11731652,3.5988923e-23,7.4514499,-1.46442,0
194,0.021327037,-1.0357728e-20,7.0065526e-20,0.044088632,7.5228419,-1.46438,0.050000001,0.72882634,0.10579189,-1.9655015e-23,7.52284,-1.46438,0
194,0.021406638,-1.9740022e-20,1.3497798e-19,0.021939462,7.5942345,-1.4643425,0.050000001,0.71843928,0.092938893,-3.5982331e-23,7.5942302,-1.46434,0
194,0.021358926,-1.0920946e-21,-1.8094792e-21,-0.013417358,7.6656218,-1.4643003,0.050000001,0.70953506,0.078247994,3.3321808e-24,7.6656199,-1.4643,0
194,0.021201951,2.1617826e-22,1.5880362e-22,-0.059483867,7.7370114,-1.4642577,0.050000001,0.70268553,0.061321788,0,7.73701,-1.46426,0
194,0.020957232,-1.8998454e-21,6.5364646e-20,-0.11171082,7.8084078,-1.4642175,0.050000001,0.69834608,0.041973107,-1.9323738e-23,7.8084102,-1.46422,0
194,0.020645188,1.8029383e-23,6.5074189e-20,-0.16457328,7.8797998,-1.4641823,0.050000001,0.69678253,0.020277867,-1.9011713e-23,7.8797998,-1.46418,0
194,0.020281972,4.4700558e-21,4.2739692e-23,-0.21282844,7.9511919,-1.464144,0.050000001,0.69804746,-0.0034416779,6.4373633e-25,7.95119,-1.4641401,0
194,0.020005018,1.3509607e-21,-4.4753819e-20,-0.23991835,7.9999995,-1.4641196,0.050000001,0.70075083,-0.020690484,1.3202203e-23,8,-1.4641196,0
194,-0.21757558,-1.8720433e-20,4.2142435e-19,0.062731817,0.99999797,-1.3960358,0.050000001,1.1922214,0.071818471,6.710483e-22,1,-1.396032,0
194,-0.21313021,3.3658667e-20,-4.1077275e-19,0.064078853,1.0335484,-1.3959012,0.050000001,1.1869336,0.075835079,-7.0393893e-22,1.03355,-1.3959,0
194,-0.20263359,7.4465933e-20,-1.3127191e-18,0.066714108,1.1047441,-1.3956226,0.050000001,1.1747561,0.083220966,-1.9223867e-21,1.10475,-1.39562,0
194,-0.19114885,2.4087719e-20,-4.3972229e-19,0.069258876,1.1759466,-1.3953592,0.050000001,1.1617335,0.089317471,-5.2824216e-22,1.1759501,-1.39536,0
194,-0.17877668,-3.2958401e-20,4.1524102e-19,0.071773194,1.2471471,-1.3951033,0.050000001,1.1480085,0.093990818,6.1452073e-22,1.2471499,-1.3951,0
194,-0.16563673,-1.2240875e-19,1.264584e-18,0.074362047,1.3183465,-1.3948556,0.050000001,1.1337361,0.097128123,1.6883841e-21,1.31835,-1.39486,0
194,-0.15186624,-7.7397028e-20,8.5332128e-19,0.077222198,1.3895572,-1.3946071,0.050000001,1.1190859,0.098644264,1.0268609e-21,1.38956,-1.39461,0
194,-0.13761333,3.7420539e-20,-4.0512939e-19,0.080454424,1.4607679,-1.3943673,0.050000001,1.1042483,0.098477148,-5.1541223e-22,1.46077,-1.39437,0
194,-0.12303484,-2.9884417e-20,3.9332314e-19,0.084211253,1.5319755,-1.3941315,0.050000001,1.0894157,0.096595824,2.5203472e-22,1.53198,-1.39413,0
194,-0.10829033,-2.9573678e-20,4.0567579e-19,0.088692792,1.6031873,-1.3939,0.050000001,1.0747834,0.092997059,3.6770455e-22,1.6031899,-1.3939,0
194,-0.09353888,1.0181471e-20,2.8741399e-22,0.094076879,1.6744057,-1.3936722,0.050000001,1.0605382,0.087705985,-7.158233e-23,1.67441,-1.39367,0
194,-0.078937471,2.125754e-20,-1.7908503e-19,0.10062325,1.7456219,-1.3934482,0.050000001,1.0468637,0.080773667,-8.1730452e-23,1.74562,-1.39345,0
194,-0.064635448,1.56468e-20,-1.6939591e-21,0.10855011,1.816842,-1.393226,0.050000001,1.0339288,0.072277308,-8.4323892e-23,1.8168401,-1.39323,0
194,-0.050776299,-1.9970021e-20,3.8248371e-19,0.11814936,1.8880681,-1.3930057,0.050000001,1.0218935,0.062317677,1.7949933e-22,1.88807,-1.39301,0
194,-0.037496112,-8.2742012e-21,1.7530395e-19,0.1298033,1.9592917,-1.3927872,0.050000001,1.0108997,0.051018566,-9.9892313e-24,1.95929,-1.39279,0
194,-0.024919685,-1.7571528e-20,3.6875156e-19,0.14388974,2.0305221,-1.3925778,0.050000001,1.0010678,0.038523171,9.012999e-23,2.03052,-1.39258,0
194,-0.013163496,-2.1459196e-21,1.8907046e-19,0.16085829,2.1017559,-1.3923702,0.050000001,0.99249905,0.024996566,2.1268067e-23,2.1017599,-1.39237,0
194,-0.0023339032,-8.5617273e-22,3.7355867e-19,0.18121362,2.1729894,-1.3921617,0.050000001,0.98526734,0.010625483,1.4306057e-23,2.1729901,-1.3921601,0
194,0.0074744332,-3.7108013e-21,-3.6246297e-19,0.20551254,2.2442319,-1.3919595,0.050000001,0.97942793,-0.0043879114,4.1045458e-23,2.24423,-1.39196,0
194,0.016187564,-1.8043024e-20,-9.0861561e-19,0.23429029,2.3154755,-1.3917643,0.050000001,0.97502488,-0.019838043,1.2802063e-22,2.31548,-1.39177,0
194,0.023724101,8.12374e-21,1.7397365e-19,0.26796526,2.3867197,-1.3915697,0.050000001,0.97207701,-0.035492808,-5.95125e-23,2.3867199,-1.39157,0
194,0.03000243,1.9378027e-20,5.3704722e-19,0.30679587,2.457972,-1.3913801,0.050000001,0.97057766,-0.051098209,-1.2916382e-22,2.4579699,-1.39138,0
194,0.034969795,2.4469025e-20,3.6222712e-19,0.35079488,2.5292256,-1.3911922,0.050000001,0.9705053,-0.06640517,-1.1338815e-22,2.5292301,-1.3911901,0
194,0.038581982,-3.617861e-21,1.4092527e-20,0.399553,2.6004796,-1.3910105,0.050000001,0.97184575,-0.081167527,3.0031165e-23,2.6004801,-1.39101,0
194,0.040809255,-3.0428582e-20,-3.5711486e-19,0.45222762,2.671742,-1.3908303,0.050000001,0.97458762,-0.095147401,1.4042279e-22,2.6717401,-1.39083,0
194,0.041638296,4.1877592e-20,3.7197462e-19,0.50754917,2.7430055,-1.3906516,0.050000001,0.97874582,-0.10811721,-1.325991e-22,2.74301,-1.39065,0
194,0.041070282,4.0181639e-20,3.920109e-19,0.56391454,2.8142695,-1.3904773,0.050000001,0.98435664,-0.1198625,-9.6038016e-23,2.81427,-1.39048,0
194,0.039124008,-3.559712e-21,3.3579943e-20,0.61956644,2.8855393,-1.3903092,0.050000001,0.99147916,-0.13018228,4.35564e-23,2.88554,-1.39031,0
194,0.035835452,-5.6505503e-20,-3.4604023e-19,0.67280501,2.9568129,-1.390148,0.050000001,1.0001913,-0.13888097,1.4507264e-22,2.95682,-1.39015,0
194,0.031261057,-5.1824649e-20,-3.7611401e-19,0.72217911,3.0280895,-1.389984,0.050000001,1.0105668,-0.14576437,1.1259533e-22,3.02809,-1.38998,0
194,0.025474316,-2.4881817e-20,-2.0017353e-19,0.76650673,3.0993719,-1.3898263,0.050000001,1.0226692,-0.15063624,2.8593743e-23,3.09937,-1.38983,0
194,0.018570688,4.1428315e-21,-9.6338228e-21,0.80496973,3.1706581,-1.3896677,0.050000001,1.0365064,-0.15330024,6.1123838e-24,3.17066,-1.38967,0
194,0.010668236,7.1958396e-21,-2.7106027e-20,0.837008,3.2419398,-1.3895183,0.050000001,1.052038,-0.15356065,-2.6614255e-23,3.24194,-1.38952,0
194,0.0019050644,-2.4790472e-20,-2.0758307e-19,0.86239994,3.3132274,-1.3893676,0.050000001,1.0691472,-0.15123712,5.9599195e-24,3.31323,-1.38937,0
194,-0.0075576454,-1.031962e-22,5.8508879e-23,0.8809368,3.384522,-1.3892193,0.050000001,1.0876513,-0.14617196,0,3.3845201,-1.38922,0
194,-0.017539941,-8.4034094e-21,2.2114874e-20,0.8924709,3.4558177,-1.3890798,0.050000001,1.1072918,-0.13824932,-2.4104237e-24,3.4558201,-1.38908,0
194,-0.027843183,1.1309517e-20,2.406743e-19,0.89692199,3.5271177,-1.3889395,0.050000001,1.127739,-0.1274105,4.836752e-23,3.5271201,-1.38894,0
194,-0.038255006,3.9349234e-20,4.337504e-19,0.89413488,3.598418,-1.3888017,0.050000001,1.1486062,-0.11366207,1.3581888e-22,3.5984199,-1.3888,0
194,-0.048555017,-1.4649058e-20,-2.161307e-19,0.88391554,3.6697197,-1.3886701,0.050000001,1.1694715,-0.097085811,-7.534993e-23,3.6697199,-1.38867,0
194,-0.058522765,-4.7678445e-20,-4.1017056e-19,0.86609471,3.7410283,-1.38854,0.050000001,1.1898867,-0.077846885,-1.8118412e-22,3.74103,-1.38854,0
194,-0.067941725,-1.4380755e-20,1.6968954e-20,0.84060025,3.8123343,-1.3884093,0.050000001,1.2093859,-0.056192704,-7.9531032e-24,3.81233,-1.38841,0
194,-0.076611675,-3.1796403e-21,2.3562315e-19,0.80746651,3.8836458,-1.3882858,0.050000001,1.2275095,-0.032441851,1.5955202e-22,3.8836501,-1.38829,0
194,-0.084356532,-9.8133364e-21,2.3930519e-19,0.76688886,3.9549601,-1.3881638,0.050000001,1.2438234,-0.0069922316,1.7193957e-22,3.9549601,-1.38816,0
194,-0.091030054,-1.801682e-21,-2.3589912e-19,0.71931756,4.026278,-1.3880438,0.050000001,1.2579461,0.019709093,-1.1630084e-22,4.0262799,-1.3880399,0
194,-0.096519142,-5.2274434e-21,1.9893043e-21,0.66562963,4.0975938,-1.3879282,0.050000001,1.2695216,0.047176886,1.4640698e-23,4.09759,-1.38793,0
194,-0.10074971,1.2200339e-21,5.6569588e-23,0.60696799,4.1689153,-1.3878118,0.050000001,1.2782689,0.074906483,2.9197017e-25,4.16892,-1.38781,0
194,-0.10369115,-1.4637266e-20,-2.3234322e-23,0.54475981,4.2402401,-1.3876997,0.050000001,1.2840041,0.10238712,7.0454445e-24,4.2402401,-1.3877,0
194,-0.1053565,-2.9914218e-20,2.4262603e-19,0.48074403,4.3115659,-1.3875901,0.050000001,1.2866218,0.12913266,1.6364336e-22,4.3115702,-1.3875901,0
194,-0.10579421,7.5083152e-20,-5.9357121e-19,0.41670141,4.3828897,-1.387482,0.050000001,1.2861143,0.15469973,-4.7199994e-22,4.3828902,-1.38748,0
194,-0.10508487,5.6314925e-21,-1.2307357e-19,0.35446075,4.4542193,-1.3873802,0.050000001,1.282572,0.1787082,-1.2741679e-22,4.4542198,-1.38738,0
194,-0.10333727,2.7170004e-20,-1.1452966e-19,0.29571906,4.5255556,-1.3872786,0.050000001,1.276177,0.20085382,-8.8987833e-23,4.5255599,-1.38728,0
194,-0.10067966,5.953564e-20,-3.5722524e-19,0.24190019,4.59689,-1.3871742,0.050000001,1.2671947,0.22091685,-2.7861868e-22,4.59689,-1.38717,0
194,-0.097248465,-6.1043603e-20,3.4806039e-19,0.19402568,4.6682234,-1.387076,0.050000001,1.2559521,0.23876669,2.2457247e-22,4.6682301,-1.38708,0
194,-0.093186699,-1.9833439e-20,1.1855914e-19,0.1526345,4.7395592,-1.3869797,0.050000001,1.2428075,0.25435764,6.9015333e-23,4.7395601,-1.3869801,0
194,-0.088632092,7.8028561e-20,-3.382956e-19,0.117834,4.8109021,-1.386888,0.050000001,1.2281326,0.26771858,-2.1714786e-22,4.8109002,-1.3868901,0
194,-0.083715715,-2.4688589e-21,-5.8547682e-21,0.089376114,4.8822484,-1.3867915,0.050000001,1.2123024,0.27893719,-8.5807722e-24,4.8822498,-1.38679,0
194,-0.078555211,-5.4957059e-20,2.2717482e-19,0.066671461,4.9535899,-1.3866992,0.050000001,1.1956676,0.28814158,1.5368457e-22,4.9535899,-1.3867,0
194,-0.073254421,4.8182162e-20,-2.1739909e-19,0.049001489,5.0249357,-1.3866112,0.050000001,1.1785276,0.29549056,-9.4017837e-23,5.02494,-1.38661,0
194,-0.067901984,-8.810609e-20,3.1896392e-19,0.035568379,5.0962815,-1.3865258,0.050000001,1.1611428,0.30115548,1.7208507e-22,5.0962801,-1.38653,0
194,-0.062571488,-1.1041243e-19,4.2782456e-19,0.025527725,5.1676292,-1.3864394,0.050000001,1.1437254,0.30531287,2.0535585e-22,5.1676302,-1.38644,0
194,-0.057321753,1.3233487e-21,8.2675314e-22,0.018202176,5.2389817,-1.38636,0.050000001,1.1264428,0.30813101,-4.8232435e-24,5.2389798,-1.38636,0
194,-0.052199591,2.8108599e-20,-1.0271679e-19,0.012919893,5.310338,-1.3862798,0.050000001,1.1094249,0.30977112,-4.124605e-23,5.3103399,-1.3862799,0
194,-0.047240827,2.7685286e-20,-1.0441867e-19,0.0091457507,5.3816919,-1.3861995,0.050000001,1.0927527,0.31037816,-4.5366706e-23,5.38169,-1.3862,0
194,-0.042470586,3.138562e-20,-1.0117124e-19,0.0065423404,5.4530473,-1.3861215,0.050000001,1.07648,0.3100833,-4.1906453e-23,5.4530501,-1.38612,0
194,-0.037906405,-2.4123449e-20,9.6552205e-20,0.004727514,5.5244055,-1.3860478,0.050000001,1.060645,0.30900174,1.7607405e-23,5.5244098,-1.38605,0
194,-0.0335599,-8.5397538e-20,2.9231966e-19,0.0034632655,5.5957642,-1.3859717,0.050000001,1.0452628,0.30723453,8.5173179e-23,5.5957599,-1.38597,0
194,-0.02943586,-3.0132012e-20,9.6850067e-20,0.0025989786,5.6671238,-1.3858998,0.050000001,1.0303253,0.30486691,2.9942408e-23,5.66712,-1.3859,0
194,-0.025535669,2.2676191e-21,1.209074e-21,0.0020069315,5.7384882,-1.38583,0.050000001,1.0158224,0.30197278,-6.2887873e-24,5.7384901,-1.38583,0
194,-0.021857796,3.6071307e-21,3.3027834e-22,0.001621655,5.8098502,-1.3857599,0.050000001,1.0017365,0.29861429,-9.4003379e-24,5.8098502,-1.3857599,0
194,-0.018397436,5.750769e-20,-1.8234041e-19,0.0013407283,5.8812146,-1.3856897,0.050000001,0.98803514,0.29484239,-3.6661695e-23,5.8812099,-1.38569,0
194,-0.015148151,3.0703006e-20,-9.3034128e-20,0.0011472654,5.9525824,-1.3856195,0.050000001,0.97469008,0.29069665,-2.4920692e-23,5.95258,-1.38562,0
194,-0.012102298,1.2472622e-23,-1.4733707e-22,0.0010226925,6.0239477,-1.3855557,0.050000001,0.96167004,0.28620937,-5.7658545e-27,6.0239501,-1.38556,0
194,-0.0092515871,1.2102963e-21,-1.3856371e-21,0.00093597895,6.0953159,-1.3854915,0.050000001,0.94894129,0.28140566,-4.6249227e-24,6.0953202,-1.3854899,0
194,-0.0065868702,-2.2093726e-20,8.9203287e-20,0.0008832239,6.1666846,-1.3854297,0.050000001,0.9364711,0.27630088,-8.231344e-25,6.1666799,-1.38543,0
194,-0.0040988289,-9.3084654e-21,4.4051497e-20,0.00085790921,6.2380586,-1.38537,0.050000001,0.92422563,0.27090496,-4.9176161e-24,6.23806,-1.38537,0
194,-0.0017787308,1.1262105e-20,-4.199351e-20,0.00085317704,6.3094277,-1.3853104,0.050000001,0.91217452,0.26522192,1.8027278e-24,6.3094301,-1.3853101,0
194,0.00038226074,4.804158e-20,-1.6705731e-19,0.0008591041,6.3807974,-1.38525,0.050000001,0.90028703,0.25925025,4.3190859e-25,6.3807998,-1.38525,0
194,0.0023926317,4.8419809e-20,-1.6327727e-19,0.00088963466,6.4521718,-1.3851895,0.050000001,0.88853532,0.25298166,1.0153462e-24,6.4521699,-1.38519,0
194,0.0042603412,-1.5469039e-23,-1.970397e-22,0.0009404656,6.5235476,-1.3851362,0.050000001,0.87689388,0.24640228,6.1471381e-27,6.52355,-1.3851399,0
194,0.0059921108,-2.7580064e-21,1.2328353e-21,0.0010082371,6.5949254,-1.3850802,0.050000001,0.86533946,0.23949666,5.2600677e-24,6.5949302,-1.38508,0
194,0.0075943717,5.1362633e-20,-1.9693092e-19,0.0011113166,6.6663017,-1.3850237,0.050000001,0.85385323,0.23224302,2.0429628e-23,6.6662998,-1.38502,0
194,0.0090727014,1.0391786e-20,-3.8627645e-20,0.0013242455,6.7376823,-1.3849722,0.050000001,0.84241784,0.22461532,3.9440174e-24,6.73768,-1.3849699,0
194,0.010431276,-2.587777e-22,3.0275972e-21,0.0018572089,6.8090625,-1.384918,0.050000001,0.83101612,0.21659294,-4.1432153e-25,6.8090601,-1.38492,0
194,0.01167329,1.2190241e-23,-7.8193862e-23,0.0031379298,6.8804402,-1.3848683,0.050000001,0.81962615,0.20816688,1.8874807e-27,6.8804402,-1.3848701,0
194,0.012800249,-1.6705625e-21,2.0834684e-21,0.0058491905,6.9518223,-1.384818,0.050000001,0.80821145,0.1993532,1.7135777e-24,6.9518199,-1.38482,0
194,0.01381174,3.3601757e-20,-1.4574371e-19,0.010799645,7.0232081,-1.384768,0.050000001,0.79671282,0.19020483,2.4721648e-23,7.02321,-1.38477,0
194,0.01470452,-1.811052e-21,2.6130419e-21,0.018516256,7.0945897,-1.3847202,0.050000001,0.78504789,0.1808107,1.2819763e-24,7.0945902,-1.38472,0
194,0.015473177,-2.513143e-20,1.1200015e-19,0.028706914,7.1659722,-1.3846718,0.050000001,0.77312702,0.17126489,-2.0863063e-23,7.1659698,-1.38467,0
194,0.016109889,-1.0394828e-20,3.706089e-20,0.039722033,7.2373576,-1.3846285,0.050000001,0.76089197,0.16161549,-3.9740876e-24,7.23736,-1.38463,0
194,0.01660572,-1.5648743e-20,7.0030022e-20,0.048386704,7.308744,-1.3845798,0.050000001,0.74837428,0.1517982,-1.201465e-23,7.3087401,-1.38458,0
194,0.016954169,-7.6567812e-21,3.5201821e-20,0.050404403,7.3801322,-1.384536,0.050000001,0.73575431,0.14157186,-6.7173952e-24,7.3801298,-1.38454,0
194,0.017152691,1.7126356e-20,-9.9889096e-20,0.041457519,7.4515181,-1.3844895,0.050000001,0.72339314,0.13050835,2.169084e-23,7.45152,-1.38449,0
194,0.01720693,4.7658311e-22,2.5091255e-22,0.018597251,7.5229077,-1.3844477,0.050000001,0.71182048,0.11803679,2.8382367e-25,7.5229101,-1.38445,0
194,0.017130792,-1.0115402e-20,6.6835004e-20,-0.018660197,7.5942979,-1.3844105,0.050000001,0.70166373,0.10355671,-1.6415467e-23,7.5942998,-1.38441,0
194,0.016946219,7.4566342e-21,-6.1889589e-20,-0.067887805,7.6656857,-1.3843685,0.050000001,0.69354779,0.086571917,8.1978717e-24,7.6656899,-1.38437,0
194,0.016679931,4.2487587e-21,-6.2819178e-20,-0.12425978,7.7370753,-1.3843237,0.050000001,0.68798488,0.066813432,1.1771543e-23,7.7370801,-1.38432,0
194,0.016359551,-8.145111e-21,1.2651823e-19,-0.18172455,7.8084679,-1.3842838,0.050000001,0.68529618,0.044306368,-2.355044e-23,7.8084698,-1.38428,0
194,0.016006988,-3.2762271e-21,1.2631177e-19,-0.23444106,7.8798599,-1.3842485,0.050000001,0.68557096,0.019370703,-2.2952945e-23,7.8798599,-1.38425,0
194,0.015635468,1.7746904e-21,-6.3335862e-20,-0.27789819,7.951252,-1.3842102,0.050000001,0.68868834,-0.0074445331,1.1465386e-23,7.9512501,-1.38421,0
194,0.015371261,-1.0124606e-22,-6.346898e-20,-0.29944158,7.9999981,-1.3841829,0.050000001,0.69256741,-0.026570158,1.1256945e-23,8,-1.3841827,0
194,-0.23445761,1.2016067e-20,-2.2504374e-19,0.1453594,0.99999893,-1.3163843,0.050000001,1.1951026,0.085185818,-3.0572381e-22,1,-1.3163822,0
194,-0.22957148,5.2841538e-20,-4.1632437e-19,0.14683779,1.0338393,-1.316232,0.050000001,1.1890513,0.089810379,-6.6059828e-22,1.0338399,-1.3162301,0
194,-0.21805477,1.2858197e-19,-1.312064e-18,0.14935757,1.1050181,-1.3159344,0.050000001,1.1752038,0.098283723,-2.1814796e-21,1.10502,-1.31594,0
194,-0.20538931,-5.6114107e-22,-2.2995106e-20,0.15152277,1.1762066,-1.3156486,0.050000001,1.1603485,0.10532269,8.3317829e-23,1.17621,-1.31565,0
194,-0.19169337,-4.223021e-20,4.4132841e-19,0.15358418,1.2473971,-1.3153794,0.050000001,1.144646,0.11076166,7.1862886e-22,1.2474,-1.31538,0
194,-0.17711031,3.9017483e-20,-3.9943859e-19,0.15577865,1.3185867,-1.3151178,0.050000001,1.1282687,0.11446817,-6.53303e-22,1.31859,-1.31512,0
194,-0.16180338,5.5634391e-20,-4.0615556e-19,0.1583612,1.3897873,-1.3148565,0.050000001,1.1113985,0.11634059,-6.883414e-22,1.3897901,-1.31486,0
194,-0.14594981,1.0854031e-19,-8.0037334e-19,0.16158281,1.4609897,-1.314607,0.050000001,1.094251,0.11630609,-1.042168e-21,1.46099,-1.31461,0
194,-0.1297348,9.0387803e-20,-8.1499541e-19,0.16574195,1.5321918,-1.3143657,0.050000001,1.0770364,0.11433092,-9.6550072e-22,1.53219,-1.31437,0
194,-0.11334544,1.0120113e-20,9.028972e-21,0.17117193,1.6033973,-1.314128,0.050000001,1.0599612,0.11041617,-3.0053673e-23,1.6034,-1.3141299,0
194,-0.096967317,-9.1679174e-21,2.0202471e-19,0.17814495,1.6746075,-1.3138922,0.050000001,1.043231,0.10459364,1.0486008e-22,1.67461,-1.31389,0
194,-0.080780268,-1.8879905e-20,1.8433713e-19,0.18702783,1.7458196,-1.3136603,0.050000001,1.0270337,0.096927248,1.0900869e-22,1.74582,-1.31366,0
194,-0.064955197,-3.3848906e-20,5.6825426e-19,0.19821754,1.8170356,-1.3134315,0.050000001,1.0115455,0.087510236,2.2406565e-22,1.81704,-1.31343,0
194,-0.049654387,2.5205479e-20,-1.47733e-19,0.21217586,1.8882582,-1.3132077,0.050000001,0.99692649,0.076462381,-4.9308107e-23,1.88826,-1.31321,0
194,-0.035028759,6.8119131e-20,-9.140808e-19,0.22941889,1.9594803,-1.312986,0.050000001,0.98330539,0.0639311,-3.5656144e-22,1.95948,-1.31299,0
194,-0.021216702,1.1088001e-20,-3.8171943e-19,0.25049981,2.0307021,-1.3127698,0.050000001,0.97079027,0.05008439,-8.7993016e-23,2.0307,-1.31277,0
194,-0.0083474703,2.0695865e-20,-5.2310442e-19,0.27605391,2.1019297,-1.3125581,0.050000001,0.9594664,0.035112198,-2.1862237e-23,2.1019299,-1.31256,0
194,0.0034605451,1.4364403e-20,-1.5533523e-19,0.30674219,2.1731632,-1.3123457,0.050000001,0.94938219,0.019226817,5.0161827e-24,2.1731701,-1.31235,0
194,0.014079506,-2.0037174e-22,1.7650477e-20,0.34325129,2.2443995,-1.3121395,0.050000001,0.94054794,0.0026658608,3.8914486e-23,2.2444,-1.31214,0
194,0.023501642,-4.3932269e-21,-3.2203348e-19,0.38614169,2.3156397,-1.31194,0.050000001,0.93296951,-0.01432927,1.1557734e-22,2.31564,-1.31194,0
194,0.031644735,-2.5411685e-21,-1.392556e-19,0.43564224,2.3868859,-1.3117417,0.050000001,0.92666572,-0.031521853,9.8052924e-23,2.3868899,-1.31174,0
194,0.038351625,1.5009565e-21,1.8374273e-20,0.4914813,2.4581323,-1.3115475,0.050000001,0.9216271,-0.048657943,2.6583136e-23,2.4581299,-1.31155,0
194,0.043594427,2.9280501e-20,3.5717054e-19,0.55285561,2.5293798,-1.3113577,0.050000001,0.91783112,-0.065482371,-1.348714e-22,2.5293801,-1.31136,0
194,0.047338087,-2.1011192e-20,-1.665021e-19,0.6182875,2.6006355,-1.311172,0.050000001,0.91531044,-0.081764206,9.5918336e-23,2.6006401,-1.31117,0
194,0.049554612,-1.2598011e-20,-1.5022417e-19,0.68572193,2.6718957,-1.31099,0.050000001,0.91414511,-0.097298026,9.0450709e-23,2.6719,-1.31099,0
194,0.050235759,4.1154859e-20,3.6908546e-19,0.75280833,2.7431555,-1.3108095,0.050000001,0.91447031,-0.11189987,-1.3794177e-22,2.74316,-1.31081,0
194,0.04938817,3.2607732e-21,5.5631115e-21,0.81719077,2.8144197,-1.3106359,0.050000001,0.91647828,-0.12539935,9.2487472e-24,2.81442,-1.31064,0
194,0.047034487,-4.8521782e-22,5.8909549e-21,0.87691057,2.8856876,-1.3104681,0.050000001,0.92038423,-0.13762537,8.0184414e-24,2.88569,-1.31047,0
194,0.043215003,2.4829354e-20,1.8743684e-19,0.93053329,2.9569554,-1.3103005,0.050000001,0.92641848,-0.14839081,-5.719263e-23,2.95696,-1.3103,0
194,0.037986305,2.3249803e-20,2.143872e-19,0.97731495,3.0282297,-1.310132,0.050000001,0.93478382,-0.15748256,-3.5397662e-23,3.02823,-1.31013,0
194,0.031423565,-3.1989934e-20,-1.5748968e-19,1.0171076,3.0995097,-1.3099695,0.050000001,0.94562763,-0.16465607,6.9429699e-23,3.09951,-1.30997,0
194,0.023623539,-2.9118441e-20,-1.8320186e-19,1.0501206,3.1707926,-1.3098115,0.050000001,0.9590131,-0.16963974,4.7474384e-23,3.17079,-1.30981,0
194,0.014703522,-2.8292563e-20,-1.9748701e-19,1.0767798,3.2420757,-1.3096602,0.050000001,0.97491115,-0.17214829,1.0992303e-23,3.24208,-1.30966,0
194,0.0048044189,-2.8557406e-20,-1.9680315e-19,1.0975915,3.3133595,-1.309508,0.050000001,0.99317598,-0.17190327,1.0831731e-23,3.31336,-1.30951,0
194,-0.0059072063,-3.5519103e-20,-1.7375982e-19,1.1128063,3.3846521,-1.3093598,0.050000001,1.013581,-0.16864835,-1.6475172e-23,3.38465,-1.30936,0
194,-0.017242821,3.0503584e-20,1.9246944e-19,1.1225239,3.4559481,-1.309218,0.050000001,1.0358082,-0.16217715,7.0557095e-23,3.45595,-1.30922,0
194,-0.028989874,8.565746e-20,5.8607835e-19,1.126662,3.5272419,-1.3090761,0.050000001,1.0594499,-0.15235575,1.6376953e-22,3.52724,-1.30908,0
194,-0.040916543,-1.6383223e-20,3.4889173e-20,1.1248115,3.5985401,-1.308936,0.050000001,1.0840474,-0.13912977,-2.2754626e-25,3.5985401,-1.3089401,0
194,-0.052777261,2.6866514e-20,4.447015e-19,1.1164647,3.669842,-1.3087997,0.050000001,1.1091011,-0.12254164,2.3360196e-22,3.6698401,-1.3088,0
194,-0.064319596,1.8894434e-20,2.2170881e-19,1.10102,3.741148,-1.308668,0.050000001,1.134092,-0.10273298,8.7610646e-23,3.7411499,-1.30867,0
194,-0.075292014,-4.9409194e-20,-4.0337439e-19,1.0779132,3.8124516,-1.3085355,0.050000001,1.1584765,-0.07994923,-2.208498e-22,3.8124499,-1.30854,0
194,-0.085456073,1.1111201e-20,6.7084436e-19,1.0465735,3.8837619,-1.3084095,0.050000001,1.1817234,-0.054521661,4.8323852e-22,3.88376,-1.30841,0
194,-0.094595551,4.3728903e-21,2.1984077e-22,1.0065708,3.9550781,-1.3082905,0.050000001,1.2033268,-0.026868006,-1.5318721e-23,3.95508,-1.30829,0
194,-0.10252295,-6.7650449e-21,-6.7870852e-19,0.95780921,4.0263896,-1.3081685,0.050000001,1.2228117,0.0025076976,-5.0902541e-22,4.0263901,-1.30817,0
194,-0.10909718,-1.9525534e-20,6.8529872e-19,0.90046203,4.0977054,-1.3080482,0.050000001,1.2397392,0.033052754,5.4659533e-22,4.0977101,-1.30805,0
194,-0.11421592,7.8159824e-22,2.3850083e-19,0.83527249,4.1690278,-1.3079295,0.050000001,1.2537262,0.064181194,1.4972346e-22,4.1690302,-1.30793,0
194,-0.11782005,3.0867938e-20,-4.6515644e-19,0.76344734,4.2403522,-1.3078178,0.050000001,1.2644765,0.095288143,-4.1376676e-22,4.2403498,-1.30782,0
194,-0.11991207,-1.649313e-20,2.2923194e-19,0.68660337,4.3116746,-1.307708,0.050000001,1.2717742,0.12577678,2.0738865e-22,4.3116698,-1.3077101,0
194,-0.12054013,1.5740942e-20,-5.6154042e-22,0.60677081,4.3829975,-1.307598,0.050000001,1.2755117,0.15508674,2.5318914e-23,4.3829999,-1.3076,0
194,-0.11979386,5.3973044e-20,-3.5036473e-19,0.52629554,4.4543276,-1.307492,0.050000001,1.2756891,0.18271554,-3.0900664e-22,4.45433,-1.30749,0
194,-0.1177994,4.1897816e-20,-2.336617e-19,0.44759732,4.52566,-1.3073883,0.050000001,1.2724245,0.20824535,-2.334119e-22,4.52566,-1.30739,0
194,-0.11471225,2.3838106e-20,-1.1886735e-19,0.37299061,4.596992,-1.3072817,0.050000001,1.2659445,0.23136158,-1.0896238e-22,4.5969901,-1.3072799,0
194,-0.11070148,-2.5122777e-20,1.1365481e-19,0.30446717,4.6683278,-1.3071817,0.050000001,1.2565695,0.2518605,7.8975383e-23,4.6683302,-1.30718,0
194,-0.10594446,-7.5601684e-20,3.4588798e-19,0.24342446,4.7396617,-1.3070883,0.050000001,1.2446949,0.26965126,2.5084542e-22,4.7396598,-1.30709,0
194,-0.10061681,2.5464505e-21,5.3641281e-21,0.19067368,4.8109999,-1.3069896,0.050000001,1.2307549,0.28475103,2.6701146e-23,4.8109999,-1.30699,0
194,-0.094882213,2.5666424e-20,-1.1332486e-19,0.14644627,4.8823423,-1.3068978,0.050000001,1.2151999,0.29725793,-7.8732301e-23,4.88234,-1.3069,0
194,-0.088888839,-1.9370845e-21,5.8077742e-22,0.11042692,4.9536877,-1.3068082,0.050000001,1.1984699,0.30733848,4.8942011e-24,4.9536901,-1.30681,0
194,-0.0827659,2.594477e-20,-1.1143875e-19,0.081840642,5.025032,-1.306718,0.050000001,1.1809602,0.31520149,-6.0761084e-23,5.0250301,-1.30672,0
194,-0.076621331,-3.6372786e-20,1.0527486e-19,0.059700411,5.0963774,-1.3066278,0.050000001,1.1630126,0.32107842,7.6157345e-23,5.0963802,-1.30663,0
194,-0.070542865,-3.7699403e-20,1.057394e-19,0.042964797,5.1677256,-1.3065395,0.050000001,1.144915,0.32520366,7.7152263e-23,5.1677299,-1.30654,0
194,-0.064599015,-3.2204742e-20,1.0218988e-19,0.030597631,5.2390776,-1.3064578,0.050000001,1.1268926,0.32780272,5.2470941e-23,5.23908,-1.30646,0
194,-0.058842011,-2.9108124e-20,1.0229622e-19,0.021632859,5.31043,-1.306378,0.050000001,1.10912,0.3290877,4.1599905e-23,5.31043,-1.30638,0
194,-0.053309649,3.373429e-20,-1.0290538e-19,0.015210308,5.3817797,-1.3063005,0.050000001,1.0917152,0.32924819,-6.1323478e-23,5.3817801,-1.3063,0
194,-0.048027355,1.9876978e-21,-4.8926768e-21,0.010697791,5.4531355,-1.3062178,0.050000001,1.0747476,0.32845077,-1.7609195e-23,5.4531398,-1.3062201,0
194,-0.04301098,3.7085488e-21,3.7408158e-22,0.0075540347,5.5244923,-1.3061397,0.050000001,1.0582676,0.32683864,-1.2478707e-23,5.5244899,-1.3061399,0
194,-0.038268205,3.6500757e-20,-9.6607277e-20,0.0053970679,5.59585,-1.306066,0.050000001,1.0422951,0.32453409,-5.4006339e-23,5.59585,-1.30607,0
194,-0.033801351,3.3731265e-20,-9.3534695e-20,0.0039167036,5.6672101,-1.3059893,0.050000001,1.026825,0.32164097,-3.7799756e-23,5.6672101,-1.30599,0
194,-0.029607387,8.9917473e-20,-2.8086628e-19,0.0028993858,5.7385702,-1.30592,0.050000001,1.0118426,0.31824258,-7.616139e-23,5.7385702,-1.30592,0
194,-0.025680501,3.0853701e-20,-9.5448074e-20,0.0022343632,5.8099294,-1.3058482,0.050000001,0.99732071,0.31441021,-2.9330808e-23,5.8099298,-1.30585,0
194,-0.022011952,4.9629605e-22,-2.8871554e-22,0.0017749481,5.8812962,-1.305778,0.050000001,0.98322612,0.31019965,-3.9392527e-26,5.8813,-1.3057801,0
194,-0.018591948,1.4952172e-21,-1.4404104e-21,0.001459726,5.952662,-1.3057097,0.050000001,0.96952182,0.30565512,-5.4429237e-24,5.9526601,-1.30571,0
194,-0.015409001,2.2820364e-21,2.3256401e-21,0.0012554785,6.0240278,-1.3056415,0.050000001,0.95616746,0.30081022,-3.1443832e-24,6.0240302,-1.30564,0
194,-0.012451262,2.9106883e-20,-8.7655981e-20,0.0011158496,6.0953918,-1.305578,0.050000001,0.94312346,0.29568925,-1.4468083e-23,6.0953898,-1.30558,0
194,-0.0097068753,7.0418079e-23,-1.536177e-22,0.0010225173,6.1667619,-1.3055117,0.050000001,0.93034834,0.29030871,-7.0115652e-27,6.16676,-1.30551,0
194,-0.007163804,2.4942321e-20,-8.5101589e-20,0.00097658683,6.238132,-1.3054495,0.050000001,0.91780311,0.2846764,-2.4152188e-24,6.2381301,-1.30545,0
194,-0.004810649,5.1672839e-20,-1.6788393e-19,0.0009611015,6.3095016,-1.30539,0.050000001,0.90544939,0.27879509,-8.2262242e-24,6.3095002,-1.30539,0
194,-0.002636493,2.9347606e-20,-8.1515308e-20,0.00096378743,6.3808756,-1.30533,0.050000001,0.89325064,0.27266043,-1.1079603e-23,6.3808799,-1.30533,0
194,-0.00063132343,5.1646337e-20,-1.6022221e-19,0.00098565104,6.4522476,-1.3052697,0.050000001,0.88117355,0.26626229,-5.4089688e-24,6.45225,-1.30527,0
194,0.0012144647,2.715834e-20,-7.8715748e-20,0.0010360378,6.5236216,-1.3052115,0.050000001,0.86918658,0.25958401,-5.7377001e-24,6.5236201,-1.30521,0
194,0.0029094599,-6.7917571e-20,2.4149626e-19,0.0011151859,6.5949979,-1.3051583,0.050000001,0.85726106,0.25260511,-1.2385719e-23,6.5949998,-1.30516,0
194,0.0044607823,-2.3416519e-20,8.1914753e-20,0.0012612322,6.6663756,-1.3051022,0.050000001,0.84537238,0.24530196,-3.2839098e-24,6.6663799,-1.3051,0
194,0.0058748657,-2.6720653e-23,-1.0507627e-22,0.0016273317,6.737752,-1.305048,0.050000001,0.83349794,0.23764847,-1.1087762e-28,6.7377501,-1.30505,0
194,0.0071567111,-2.7757671e-21,1.298533e-21,0.002572461,6.8091326,-1.3049915,0.050000001,0.8216092,0.22962816,4.9517513e-24,6.8091302,-1.3049901,0
194,0.0083098831,2.0376045e-20,-7.3454065e-20,0.004718625,6.8805146,-1.3049395,0.050000001,0.80966955,0.22124535,6.281133e-24,6.8805099,-1.30494,0
194,0.0093355477,1.7919957e-20,-7.0238407e-20,0.0088763759,6.9518919,-1.3048896,0.050000001,0.79762059,0.2125411,8.7270286e-24,6.95189,-1.30489,0
194,0.010232514,-3.1503347e-21,1.3250237e-21,0.015735462,7.023272,-1.3048397,0.050000001,0.78537863,0.20359433,4.5880182e-24,7.0232701,-1.30484,0
194,0.01099632,-1.1550698e-20,4.1008907e-20,0.025252152,7.0946555,-1.3047903,0.050000001,0.77284479,0.19450384,-4.0290668e-24,7.0946598,-1.30479,0
194,0.011620122,-9.7940858e-21,3.8500049e-20,0.0360623,7.1660399,-1.304742,0.050000001,0.75994408,0.18533358,-5.2871529e-24,7.1660399,-1.30474,0
194,0.012095749,-2.5788138e-20,1.0752925e-19,0.045122538,7.2374244,-1.3046982,0.050000001,0.74667859,0.17603666,-1.6367805e-23,7.2374201,-1.3047,0
194,0.012415471,-2.2078507e-20,1.0225473e-19,0.048017379,7.3088078,-1.3046499,0.050000001,0.73319131,0.16638598,-1.7399528e-23,7.3088102,-1.3046499,0
194,0.012576922,-1.2734181e-20,6.626215e-20,0.039995033,7.3801961,-1.3046012,0.050000001,0.71981889,0.15593664,-1.2673118e-23,7.3801999,-1.3046,0
194,0.012585654,2.3635644e-21,-2.4618559e-21,0.017439859,7.451582,-1.3045573,0.050000001,0.7070865,0.14406349,2.8200279e-25,7.45158,-1.3045599,0
194,0.012457034,1.3622804e-20,-6.4912307e-20,-0.020725038,7.5229697,-1.3045158,0.050000001,0.69564337,0.13007088,8.2455528e-24,7.5229702,-1.30452,0
194,0.012216896,1.2827251e-20,-6.3978873e-20,-0.07238277,7.5943599,-1.3044717,0.050000001,0.68616354,0.1133474,8.3988585e-24,7.5943599,-1.3044699,0
194,0.011898558,5.4613671e-21,-6.4551624e-20,-0.13261051,7.6657476,-1.30443,0.050000001,0.67922562,0.093512446,1.648981e-23,7.66575,-1.30443,0
194,0.011536367,4.0664954e-21,-6.271465e-20,-0.19491367,7.7371378,-1.3043905,0.050000001,0.6752134,0.070511892,1.1762484e-23,7.7371402,-1.30439,0
194,0.011160555,-7.9980998e-21,1.2660114e-19,-0.25278878,7.8085299,-1.3043505,0.050000001,0.67427367,0.044630423,-2.3565563e-23,7.8085299,-1.30435,0
194,0.010791709,-3.0990893e-21,1.262304e-19,-0.30109987,7.87992,-1.3043102,0.050000001,0.67632312,0.016432773,-2.2937688e-23,7.87992,-1.30431,0
194,0.010438038,1.6430029e-21,-6.3379852e-20,-0.33675066,7.9513097,-1.3042698,0.050000001,0.68110108,-0.013342217,1.1472873e-23,7.9513102,-1.30427,0
194,0.010204303,-1.4872729e-22,-6.3387161e-20,-0.35173762,8.000001,-1.3042425,0.050000001,0.68596888,-0.034180209,1.1254656e-23,8,-1.3042427,0
194,-0.25331721,-5.1596202e-20,2.1760832e-19,0.30347684,0.99999791,-1.2367307,0.050000001,1.1905333,0.10027587,5.0201094e-22,1,-1.2367278,0
194,-0.24796972,-8.7496522e-20,8.616545e-19,0.30365369,1.0341164,-1.2365621,0.050000001,1.1836733,0.10561046,1.7319859e-21,1.03412,-1.23656,0
194,-0.23536816,2.80336e-20,4.7735107e-21,0.30291936,1.1052804,-1.2362368,0.050000001,1.1680763,0.11536647,6.0623525e-23,1.10528,-1.23624,0
194,-0.22142395,-6.4676942e-20,4.0760472e-19,0.30145025,1.1764551,-1.2359287,0.050000001,1.1513032,0.12353206,6.246501e-22,1.17646,-1.23593,0
194,-0.20628077,-6.7289624e-20,4.3355444e-19,0.29981601,1.2476311,-1.2356412,0.050000001,1.1335161,0.12990779,7.1406674e-22,1.24763,-1.23564,0
194,-0.19011018,8.6682906e-20,-8.3963521e-19,0.29847896,1.3188149,-1.235368,0.050000001,1.1148937,0.13433555,-1.234514e-21,1.31882,-1.23537,0
194,-0.17311049,6.6273258e-21,-1.7370996e-20,0.29783276,1.3900076,-1.2350975,0.050000001,1.0956385,0.13669606,-5.0169174e-23,1.39001,-1.2351,0
194,-0.15549433,-2.8821945e-20,4.0870082e-19,0.2984018,1.461202,-1.2348378,0.050000001,1.0759813,0.1369071,5.1512597e-22,1.4612,-1.23484,0
194,-0.13748135,-2.0537615e-20,1.9646712e-19,0.30064958,1.5323979,-1.234588,0.050000001,1.0561411,0.13493311,2.0666425e-22,1.5324,-1.2345901,0
194,-0.1192931,2.6479105e-20,-1.761401e-19,0.30503502,1.6035955,-1.2343422,0.050000001,1.0363358,0.1307814,-2.1735476e-22,1.6036,-1.23434,0
194,-0.10114615,9.2149213e-20,-5.4495858e-19,0.31202704,1.6747975,-1.2341006,0.050000001,1.0167841,0.12449655,-6.3974549e-22,1.6748,-1.2341,0
194,-0.083247475,4.7420235e-20,-1.6328408e-19,0.32212669,1.7460053,-1.2338625,0.050000001,0.99767309,0.11616147,-2.5574706e-22,1.7460099,-1.23386,0
194,-0.065792508,1.1101906e-20,1.4649262e-20,0.33590665,1.8172177,-1.2336305,0.050000001,0.97917515,0.1058922,-3.5474832e-23,1.81722,-1.2336299,0
194,-0.04896317,6.7627004e-20,-6.942834e-19,0.35399735,1.8884342,-1.2334005,0.050000001,0.96143568,0.093837403,-2.4448713e-22,1.88843,-1.2334,0
194,-0.032925151,6.1267568e-20,-7.0836031e-19,0.37707913,1.9596546,-1.2331719,0.050000001,0.9445641,0.080172352,-2.2951425e-22,1.95965,-1.23317,0
194,-0.017829772,9.9173333e-21,-1.6811637e-19,0.40590462,2.0308759,-1.2329522,0.050000001,0.92864627,0.065096751,-5.4297631e-24,2.03088,-1.23295,0
194,-0.0038160253,2.8442634e-20,-3.2149631e-19,0.44123563,2.1020977,-1.2327361,0.050000001,0.91373128,0.048836809,-2.5409727e-23,2.1020999,-1.23274,0
194,0.0089936815,1.0414657e-20,-1.6446356e-19,0.48375744,2.1733255,-1.2325193,0.050000001,0.89983284,0.031635325,-2.8935909e-24,2.1733301,-1.23252,0
194,0.020492744,5.5746834e-22,1.7483178e-19,0.53391886,2.2445598,-1.232312,0.050000001,0.88693595,0.013748561,-3.220791e-23,2.24456,-1.2323101,0
194,0.030582942,-5.6196083e-22,3.1995969e-19,0.59180981,2.3158,-1.2321105,0.050000001,0.8749916,-0.0045361547,-1.0221052e-22,2.3158,-1.23211,0
194,0.039204508,-1.2546471e-20,-1.6988506e-19,0.65679622,2.3870399,-1.2319108,0.050000001,0.86399448,-0.022967838,7.2989014e-23,2.3870399,-1.23191,0
194,0.046300627,-3.8367052e-21,-1.7347924e-19,0.72722471,2.458282,-1.23171,0.050000001,0.8540023,-0.041353729,4.8283011e-23,2.4582801,-1.23171,0
194,0.051789891,8.4714192e-21,1.4128949e-19,0.8005451,2.5295277,-1.2315178,0.050000001,0.84510148,-0.059494611,-9.4972914e-23,2.52953,-1.2315201,0
194,0.055634245,-2.0023952e-21,6.5614579e-21,0.87367189,2.6007793,-1.23133,0.050000001,0.83745241,-0.077213228,8.5830733e-24,2.60078,-1.23133,0
194,0.057824526,1.5491674e-20,1.7066649e-19,0.94334674,2.67204,-1.2311463,0.050000001,0.8313207,-0.094385065,-8.2429578e-23,2.67204,-1.23115,0
194,0.058363501,1.836665e-20,1.6309034e-19,1.0067813,2.7433002,-1.2309639,0.050000001,0.82705444,-0.11090732,-9.1239848e-23,2.7433,-1.23096,0
194,0.057265244,1.3049655e-21,-9.9610312e-23,1.0620997,2.8145621,-1.2307885,0.050000001,0.82506049,-0.12666513,0,2.8145599,-1.23079,0
194,0.0545591,2.7974053e-20,1.7282913e-19,1.1085632,2.8858259,-1.2306118,0.050000001,0.82571995,-0.14150128,-7.6566177e-23,2.8858299,-1.23061,0
194,0.050289374,5.6074554e-20,3.5610542e-19,1.1464872,2.9570894,-1.230442,0.050000001,0.82939535,-0.15519622,-1.3575989e-22,2.9570899,-1.23044,0
194,0.044511724,-3.7248779e-21,3.7799566e-20,1.176981,3.0283659,-1.2302763,0.050000001,0.83634722,-0.16746275,2.0895971e-23,3.0283699,-1.23028,0
194,0.037299953,-3.3331614e-20,-1.4536404e-19,1.201582,3.0996447,-1.2301099,0.050000001,0.84670722,-0.17794944,7.9966559e-23,3.0996399,-1.23011,0
194,0.028746812,-3.2193424e-20,-1.7945873e-19,1.2217562,3.170922,-1.229952,0.050000001,0.86051238,-0.18625785,3.2616347e-23,3.1709199,-1.22995,0
194,0.018962486,6.2305086e-21,-2.203645e-20,1.2387704,3.2422018,-1.2297986,0.050000001,0.87766033,-0.19197156,1.616854e-23,3.2421999,-1.2298,0
194,0.0080810497,2.7655899e-21,-1.245778e-20,1.2534463,3.3134875,-1.229642,0.050000001,0.89791441,-0.19468762,-1.2701402e-23,3.3134899,-1.22964,0
194,-0.0037338871,8.305009e-20,3.1137136e-19,1.2660282,3.3847778,-1.2294917,0.050000001,0.9209711,-0.19403584,4.7957858e-23,3.3847799,-1.22949,0
194,-0.016294554,1.7718374e-19,8.7495712e-19,1.2763832,3.4560699,-1.2293481,0.050000001,0.94642001,-0.18971653,1.5509311e-22,3.4560699,-1.22935,0
194,-0.02938325,-2.0903326e-20,5.9332328e-20,1.2839299,3.5273621,-1.2292037,0.050000001,0.97377396,-0.18152143,2.130181e-23,3.52736,-1.2292,0
194,-0.042755421,-1.6987464e-19,-9.0109975e-19,1.2877347,3.5986605,-1.2290637,0.050000001,1.002517,-0.16933948,-3.3699547e-22,3.59866,-1.2290601,0
194,-0.056146324,-2.9519998e-20,5.4505742e-20,1.2867516,3.6699576,-1.2289281,0.050000001,1.0320841,-0.15318117,6.3236447e-23,3.66996,-1.22893,0
194,-0.069275737,2.9420591e-20,4.3963398e-19,1.2798808,3.7412596,-1.2287894,0.050000001,1.0618932,-0.13317566,2.1036513e-22,3.7412601,-1.22879,0
194,-0.081859246,-4.2790118e-20,-1.640861e-19,1.2659267,3.8125679,-1.2286552,0.050000001,1.0913668,-0.10956319,-9.1379697e-23,3.8125701,-1.22866,0
194,-0.09361881,-4.7572576e-20,-1.5987587e-19,1.2438238,3.8838778,-1.2285292,0.050000001,1.1199307,-0.082697019,-1.6694672e-22,3.8838799,-1.22853,0
194,-0.10429409,-2.2661534e-20,-4.3288838e-19,1.2126162,3.9551899,-1.2284081,0.050000001,1.1470393,-0.053021684,-2.9198683e-22,3.9551899,-1.22841,0
194,-0.11365683,1.232104e-20,-4.7039032e-19,1.1715484,4.0264997,-1.2282813,0.050000001,1.1721678,-0.021071576,-3.2471671e-22,4.0265002,-1.2282799,0
194,-0.12151697,-2.0342481e-20,2.3874798e-19,1.1200049,4.0978155,-1.2281612,0.050000001,1.1948432,0.012552093,1.8325068e-22,4.0978198,-1.22816,0
194,-0.12773444,1.1345991e-20,-2.190302e-21,1.0579385,4.169138,-1.2280458,0.050000001,1.2146119,0.047189631,-1.6082884e-23,4.1691399,-1.22805,0
194,-0.1322237,3.6052334e-20,-4.655876e-19,0.9859001,4.2404604,-1.2279295,0.050000001,1.2310787,0.082151815,-4.1312827e-22,4.2404599,-1.2279299,0
194,-0.13495764,-1.8114221e-20,2.2777804e-19,0.90496343,4.31178,-1.22782,0.050000001,1.2439339,0.11674199,2.0772354e-22,4.31178,-1.22782,0
194,-0.13597143,-4.1521681e-20,3.6053101e-19,0.81690049,4.3830996,-1.22771,0.050000001,1.2529514,0.15027824,2.8541243e-22,4.3831,-1.22771,0
194,-0.13535298,2.0828322e-20,-1.037113e-19,0.72406018,4.4544277,-1.2276,0.050000001,1.2580091,0.18212718,-1.7606501e-22,4.4544301,-1.2276,0
194,-0.13323945,-3.9721552e-21,4.5056435e-21,0.62934667,4.5257597,-1.2274917,0.050000001,1.2591115,0.21173039,-5.6443957e-23,4.5257602,-1.2274899,0
194,-0.12980634,-4.1606425e-20,2.3709801e-19,0.5358125,4.5970922,-1.2273875,0.050000001,1.2563968,0.23863889,1.8423464e-22,4.5970898,-1.2273901,0
194,-0.12525623,2.4091928e-20,-1.1270705e-19,0.44649148,4.6684279,-1.227288,0.050000001,1.2501245,0.26253426,-1.1852323e-22,4.6684299,-1.22729,0
194,-0.11980487,2.1495422e-20,-1.1680279e-19,0.36403954,4.7397623,-1.2271903,0.050000001,1.2406721,0.28324035,-1.1866154e-22,4.7397599,-1.22719,0
194,-0.11366928,-2.9735224e-20,1.1160432e-19,0.29040518,4.8110981,-1.2270916,0.050000001,1.228497,0.30072311,6.6107225e-23,4.8111,-1.22709,0
194,-0.10705523,6.19369e-22,-9.0133404e-23,0.22674939,4.8824377,-1.227,0.050000001,1.2141073,0.31506947,-1.6859895e-23,4.8824401,-1.227,0
194,-0.10014954,2.3755997e-20,-1.1422107e-19,0.17345673,4.9537821,-1.226908,0.050000001,1.1980225,0.3264696,-8.0272252e-23,4.9537802,-1.22691,0
194,-0.093114577,2.6283268e-20,-1.1086675e-19,0.13014771,5.0251284,-1.2268182,0.050000001,1.1807398,0.33518177,-6.2085493e-23,5.0251298,-1.22682,0
194,-0.086085521,2.6988115e-20,-1.1113243e-19,0.095907345,5.0964723,-1.226728,0.050000001,1.1627051,0.34150302,-7.1416613e-23,5.0964699,-1.22673,0
194,-0.079169132,2.7080649e-20,-1.0916001e-19,0.069552839,5.16782,-1.2266375,0.050000001,1.1442925,0.34574249,-5.9870018e-23,5.16782,-1.22664,0
194,-0.072447851,-3.4919559e-20,9.9134882e-20,0.049741998,5.2391701,-1.2265515,0.050000001,1.12581,0.34819955,5.3611568e-23,5.2391701,-1.22655,0
194,-0.065981068,-3.0835561e-20,1.0512859e-19,0.035183031,5.3105202,-1.2264698,0.050000001,1.1074975,0.34915313,5.2285294e-23,5.3105202,-1.22647,0
194,-0.059810027,6.9353388e-20,-2.0172993e-19,0.02469456,5.3818703,-1.22639,0.050000001,1.0895225,0.34885308,-1.1589209e-22,5.3818698,-1.22639,0
194,-0.053960733,3.6963005e-20,-1.0048921e-19,0.017239209,5.4532223,-1.22631,0.050000001,1.0719901,0.34751534,-6.199437e-23,5.4532199,-1.22631,0
194,-0.048446693,3.4677928e-20,-9.830776e-20,0.012024112,5.5245776,-1.2262321,0.050000001,1.054975,0.34532121,-4.7540775e-23,5.52458,-1.22623,0
194,-0.043272045,9.5315473e-20,-2.8893776e-19,0.0084231356,5.595932,-1.2261558,0.050000001,1.0385052,0.34242243,-1.0588427e-22,5.5959301,-1.22616,0
194,-0.038434416,9.6585964e-20,-2.8535213e-19,0.0059675355,5.6672897,-1.2260795,0.050000001,1.0225825,0.33894545,-1.0187728e-22,5.6672902,-1.2260799,0
194,-0.033926059,3.6605356e-20,-9.3507043e-20,0.0042998758,5.7386498,-1.2260083,0.050000001,1.0071958,0.33498967,-4.1033017e-23,5.7386498,-1.22601,0
194,-0.029735994,-2.5967269e-20,9.2366916e-20,0.0031665515,5.8100095,-1.2259315,0.050000001,0.99230862,0.33063683,1.2678951e-23,5.81001,-1.22593,0
194,-0.025850395,-5.777328e-20,1.8249633e-19,0.0024153374,5.8813758,-1.2258614,0.050000001,0.97788507,0.32594746,3.6652895e-23,5.8813801,-1.22586,0
194,-0.022255002,-2.854453e-20,9.0843308e-20,0.0019101552,5.9527397,-1.2257982,0.050000001,0.96388316,0.32097119,1.6852077e-23,5.9527402,-1.2258,0
194,-0.018934418,1.4482334e-22,1.3896921e-23,0.0015684492,6.0241055,-1.225728,0.050000001,0.95025319,0.31574491,-2.0249828e-26,6.0241098,-1.2257299,0
194,-0.015872704,1.5548438e-22,2.7348908e-23,0.001345977,6.09547,-1.2256597,0.050000001,0.93694931,0.31029209,9.5608647e-27,6.09547,-1.22566,0
194,-0.013054211,-2.6704623e-20,8.576321e-20,0.0012032603,6.1668377,-1.2255958,0.050000001,0.92392278,0.30462787,7.0042408e-24,6.1668401,-1.2256,0
194,-0.010464369,-2.666176e-20,8.5833734e-20,0.0011194296,6.2382078,-1.2255294,0.050000001,0.91112667,0.29876059,6.9969895e-24,6.2382102,-1.22553,0
194,-0.0080886837,2.828388e-20,-8.2074373e-20,0.0010795868,6.3095779,-1.2254697,0.050000001,0.89851719,0.29268852,-8.7517657e-24,6.3095798,-1.2254699,0
194,-0.0059140767,3.2505649e-21,1.3900847e-22,0.0010758577,6.38095,-1.2254097,0.050000001,0.886051,0.28640577,-7.4208327e-24,6.38095,-1.22541,0
194,-0.0039283531,-2.4968033e-20,8.2240048e-20,0.001097225,6.4523196,-1.2253503,0.050000001,0.87368762,0.27989951,1.331496e-24,6.4523201,-1.22535,0
194,-0.0021203731,2.4071631e-20,-7.913666e-20,0.0011386711,6.5236955,-1.2252898,0.050000001,0.86138994,0.27315,1.0836696e-24,6.5237002,-1.2252899,0
194,-0.00048020988,7.6842922e-23,7.4985268e-23,0.0012342543,6.5950718,-1.2252315,0.050000001,0.84912431,0.26613325,-1.4978183e-27,6.5950699,-1.22523,0
194,0.0010009133,-6.5530398e-23,3.0213038e-21,0.0014736002,6.6664481,-1.225178,0.050000001,0.83685923,0.25882185,-6.4480169e-25,6.66645,-1.22518,0
194,0.0023297179,4.8693389e-20,-1.4912549e-19,0.0021261938,6.7378221,-1.225122,0.050000001,0.82456309,0.25119466,-2.5831885e-24,6.7378201,-1.2251199,0
194,0.0035122235,2.4078911e-20,-7.2082948e-20,0.0037397887,6.8091998,-1.2250677,0.050000001,0.81219482,0.24324369,-2.1963868e-24,6.8091998,-1.22507,0
194,0.0045516114,1.8810035e-20,-7.120794e-20,0.0070910626,6.8805823,-1.2250162,0.050000001,0.79969651,0.23499604,7.8100038e-24,6.8805799,-1.2250201,0
194,0.0054483977,-2.9888958e-21,1.4842794e-21,0.012980064,6.9519596,-1.224962,0.050000001,0.78698504,0.22652058,4.8343376e-24,6.9519601,-1.22496,0
194,0.0062006107,-2.1953821e-20,7.6132928e-20,0.021665774,7.0233397,-1.2249098,0.050000001,0.77395862,0.21791252,-5.3132788e-24,7.0233402,-1.22491,0
194,0.0068022972,1.7750533e-20,-6.6310507e-20,0.032136478,7.0947247,-1.2248597,0.050000001,0.7605207,0.20925257,5.1885748e-24,7.0947199,-1.22486,0
194,0.0072455001,-2.0124005e-20,7.0148535e-20,0.041645169,7.1661081,-1.2248098,0.050000001,0.74663967,0.20052418,-3.8654176e-24,7.16611,-1.22481,0
194,0.0075226943,-3.714934e-20,1.3856303e-19,0.045793887,7.2374902,-1.2247617,0.050000001,0.73241848,0.1915274,-1.2191718e-23,7.2374902,-1.2247601,0
194,0.0076304795,-1.5069958e-20,6.6050275e-20,0.039440814,7.3088722,-1.2247181,0.050000001,0.71814722,0.18182299,-8.6325641e-24,7.3088698,-1.22472,0
194,0.0075731962,-6.8805828e-21,3.3037632e-20,0.018262208,7.3802576,-1.2246697,0.050000001,0.70432341,0.17075063,-5.3093613e-24,7.38026,-1.2246701,0
194,0.0073675681,-1.056766e-20,6.2099428e-20,-0.019639723,7.4516439,-1.2246258,0.050000001,0.691607,0.15752725,-8.0633394e-24,7.4516401,-1.22463,0
194,0.0070421249,1.8405391e-20,-9.4316471e-20,-0.072758019,7.5230322,-1.2245817,0.050000001,0.68070954,0.14141367,8.6354245e-24,7.5230298,-1.22458,0
194,0.006636051,3.5568569e-20,-1.8745e-19,-0.13631867,7.59442,-1.2245381,0.050000001,0.67227596,0.12189025,1.456354e-23,7.59442,-1.22454,0
194,0.0061922418,-4.2558834e-21,1.8771059e-21,-0.20351726,7.6658077,-1.2244915,0.050000001,0.66676843,0.098785073,-5.8286234e-24,7.6658101,-1.22449,0
194,0.0057511269,-1.3341185e-20,1.226037e-19,-0.26719147,7.7371974,-1.2244493,0.050000001,0.66440529,0.072310738,-4.6138471e-24,7.7371998,-1.22445,0
194,0.005342633,-7.4750131e-21,1.2292925e-19,-0.32142863,7.8085876,-1.2244096,0.050000001,0.66515881,0.043016065,-3.9179672e-24,7.8085899,-1.2244101,0
194,0.0049828179,6.3599676e-21,1.0017449e-21,-0.36248603,7.8799753,-1.2243702,0.050000001,0.66880566,0.0116748,5.3499339e-25,7.8799801,-1.22437,0
194,0.0046726381,7.6330535e-22,-6.171413e-20,-0.38893226,7.9513679,-1.2243302,0.050000001,0.67499346,-0.02084088,1.6321126e-24,7.9513698,-1.2243299,0
194,0.0044867834,-1.3935389e-21,-6.215936e-20,-0.39729917,7.9999986,-1.2243026,0.050000001,0.68065983,-0.043204676,1.4698497e-24,8,-1.2243028,0
194,-0.27427137,9.2319412e-20,-1.0736136e-18,0.56915164,0.99999946,-1.1570672,0.050000001,1.1713122,0.11699912,-2.4169563e-21,1,-1.1570636,0
194,-0.26846275,-3.387483e-20,-6.2377619e-20,0.56501842,1.0343703,-1.1568803,0.050000001,1.1637731,0.12314281,-2.7746651e-22,1.0343699,-1.15688,0
194,-0.25474381,-1.9703168e-19,1.7203617e-18,0.55476373,1.1055223,-1.1565226,0.050000001,1.1467079,0.13438618,3.4661634e-21,1.10552,-1.15652,0
194,-0.23945251,1.0728606e-19,-7.9135971e-19,0.54356527,1.1766874,-1.1561928,0.050000001,1.1282873,0.14388542,-1.6549594e-21,1.17669,-1.15619,0
194,-0.22276425,1.6794919e-19,-1.2260586e-18,0.53229171,1.2478509,-1.1558896,0.050000001,1.1086535,0.15140271,-2.3866982e-21,1.2478499,-1.15589,0
194,-0.20488895,8.1951413e-20,-3.8323733e-19,0.52173477,1.3190247,-1.1555996,0.050000001,1.0879807,0.15674822,-8.7470644e-22,1.31903,-1.1556,0
194,-0.18606541,-4.2169881e-20,4.1727054e-19,0.51260889,1.3902098,-1.1553198,0.050000001,1.0664834,0.15977904,4.4973649e-22,1.39021,-1.15532,0
194,-0.16655037,-1.3555623e-19,9.9167106e-19,0.50572234,1.4613976,-1.1550518,0.050000001,1.0443881,0.16040482,1.2954587e-21,1.4614,-1.15505,0
194,-0.14660774,2.325068e-20,6.5184521e-20,0.5017308,1.5325854,-1.1547921,0.050000001,1.0219259,0.15858833,-1.2462876e-23,1.53259,-1.15479,0
194,-0.12649897,1.2838146e-19,-4.9970203e-19,0.50125962,1.6037773,-1.1545383,0.050000001,0.99932534,0.15434657,-8.0541335e-22,1.60378,-1.1545399,0
194,-0.10647727,2.9153076e-20,2.9801266e-20,0.50501597,1.6749774,-1.1542902,0.050000001,0.9767983,0.14774555,-4.2071631e-23,1.67498,-1.15429,0
194,-0.086782426,-3.6110974e-21,-1.9525768e-20,0.51364493,1.746182,-1.1540506,0.050000001,0.95453274,0.13889235,1.5098015e-23,1.7461801,-1.15405,0
194,-0.067635961,-7.3789753e-21,-2.0254081e-20,0.52788627,1.81739,-1.1538128,0.050000001,0.93268597,0.12793517,9.6470668e-24,1.81739,-1.15381,0
194,-0.049241062,-3.0216543e-20,3.5189243e-19,0.54851973,1.8886025,-1.153581,0.050000001,0.91138309,0.11505847,1.3199804e-22,1.8886,-1.15358,0
194,-0.031780586,-4.3403605e-20,5.2305866e-19,0.57635087,1.9598185,-1.1533506,0.050000001,0.89070261,0.10047857,1.6037643e-22,1.95982,-1.15335,0
194,-0.015418122,-2.8539605e-20,3.1625206e-19,0.61222047,2.0310342,-1.1531221,0.050000001,0.87069011,0.084437877,2.7264099e-23,2.0310299,-1.15312,0
194,-0.00029537716,-3.4508524e-20,4.7347436e-19,0.65674633,2.1022558,-1.1529,0.050000001,0.85135269,0.067198955,-1.2330973e-23,2.1022601,-1.1529,0
194,0.013464564,-1.8639229e-20,3.2442634e-19,0.71010619,2.17348,-1.1526858,0.050000001,0.83267123,0.049039397,-1.4498965e-23,2.17348,-1.1526901,0
194,0.025775412,-5.9396874e-22,1.6479503e-19,0.77175367,2.2447121,-1.1524761,0.050000001,0.81462973,0.030223601,-4.3860187e-23,2.24471,-1.15248,0
194,0.036458634,2.6357286e-21,3.2675656e-19,0.84010863,2.3159504,-1.1522681,0.050000001,0.79720414,0.011012637,-1.0344555e-22,2.3159499,-1.15227,0
194,0.045425527,7.5146709e-21,3.1998854e-19,0.91245657,2.3871858,-1.1520617,0.050000001,0.7804141,-0.0083655631,-1.3235756e-22,2.3871901,-1.15206,0
194,0.052797437,2.4908882e-21,3.9213686e-20,0.98499268,2.4584258,-1.1518618,0.050000001,0.76446402,-0.02778157,2.8220353e-23,2.4584301,-1.15186,0
194,0.058489084,-2.2050858e-21,-1.1985788e-19,1.0533055,2.52967,-1.1516678,0.050000001,0.74972177,-0.04720166,1.0228874e-22,2.52967,-1.15167,0
194,0.062374949,-7.2602906e-22,1.4103182e-21,1.1134323,2.6009176,-1.1514778,0.050000001,0.73662454,-0.066599257,0,2.60092,-1.15148,0
194,0.064496994,2.0406261e-20,1.5507075e-19,1.1626716,2.6721759,-1.1512922,0.050000001,0.72568429,-0.085938185,-9.8955078e-23,2.6721799,-1.1512901,0
194,0.064886227,1.9692673e-20,1.518108e-19,1.2000343,2.7434347,-1.1511083,0.050000001,0.71748191,-0.10517894,-9.8734759e-23,2.7434299,-1.1511101,0
194,0.063570008,-5.1919332e-20,-2.31756e-19,1.2262765,2.8146944,-1.1509283,0.050000001,0.71256101,-0.12420548,2.1770678e-22,2.8146901,-1.15093,0
194,0.060585979,-5.4626581e-20,-2.2908764e-19,1.2434916,2.885956,-1.1507498,0.050000001,0.71137571,-0.14279126,2.1016892e-22,2.8859601,-1.15075,0
194,0.055982463,-8.8228789e-21,3.5487383e-20,1.2545741,2.957217,-1.1505778,0.050000001,0.71425819,-0.16059387,-4.5164586e-24,2.9572201,-1.15058,0
194,0.049815044,6.3603869e-20,2.9331408e-19,1.2624923,3.0284896,-1.1504099,0.050000001,0.72137672,-0.17717415,-1.481397e-22,3.0284901,-1.1504101,0
194,0.04215043,7.404915e-20,2.4852685e-19,1.2698004,3.0997705,-1.1502463,0.050000001,0.73275399,-0.19202016,-1.455047e-22,3.0997701,-1.15025,0
194,0.033071246,5.1702153e-21,-1.0412877e-20,1.2783988,3.1710482,-1.150084,0.050000001,0.74828279,-0.2045795,6.4764826e-24,3.1710501,-1.15008,0
194,0.022672513,8.2278344e-20,2.943013e-19,1.2894,3.2423258,-1.1499286,0.050000001,0.76775098,-0.21429677,-3.726773e-23,3.2423301,-1.14993,0
194,0.011072684,8.6069629e-21,-3.3802923e-20,1.3030462,3.3136077,-1.1497723,0.050000001,0.79082119,-0.22065121,-1.5188393e-23,3.3136101,-1.14977,0
194,-0.0015810925,8.3294496e-20,3.233539e-19,1.3189629,3.3848979,-1.149618,0.050000001,0.81710899,-0.22317633,9.3705669e-23,3.3849001,-1.1496201,0
194,-0.015112107,7.149534e-20,3.4260653e-19,1.3361574,3.4561882,-1.1494697,0.050000001,0.84614027,-0.22149451,4.4450274e-23,3.4561901,-1.14947,0
194,-0.029308045,-1.1774194e-19,-4.8559881e-19,1.3532492,3.527478,-1.1493305,0.050000001,0.8773939,-0.2153343,-6.3181075e-23,3.5274799,-1.14933,0
194,-0.043922514,-7.0656566e-20,-3.457647e-19,1.3686786,3.5987718,-1.1491908,0.050000001,0.91030163,-0.20454951,-1.3594157e-22,3.5987699,-1.1491899,0
194,-0.058679741,-1.1734207e-20,2.7500899e-20,1.380706,3.6700675,-1.1490507,0.050000001,0.94427389,-0.18912554,4.7852291e-24,3.6700699,-1.14905,0
194,-0.073278859,-9.6820618e-21,2.6289131e-20,1.3877269,3.7413697,-1.1489094,0.050000001,0.97870207,-0.16918491,-3.8434367e-23,3.74137,-1.14891,0
194,-0.087405697,-4.3623321e-20,-1.4797272e-19,1.3881263,3.8126776,-1.1487752,0.050000001,1.0129896,-0.14497748,-1.7082378e-22,3.81268,-1.14878,0
194,-0.10074531,-5.5626533e-20,-5.8379843e-19,1.3805434,3.8839853,-1.148648,0.050000001,1.0465437,-0.11688088,-5.6873176e-22,3.88399,-1.1486501,0
194,-0.1129953,-2.1607977e-20,-2.0031892e-19,1.3637594,3.9552956,-1.1485198,0.050000001,1.0788065,-0.08537326,-1.4570895e-22,3.9553001,-1.14852,0
194,-0.12388294,2.1150474e-20,1.9358792e-19,1.3366833,4.026608,-1.1483955,0.050000001,1.1092546,-0.05101639,1.9513906e-22,4.0266099,-1.1483999,0
194,-0.13316602,-7.553609e-21,-2.1096273e-19,1.2983584,4.0979218,-1.1482757,0.050000001,1.1373968,-0.014449063,-1.9887945e-22,4.0979199,-1.14828,0
194,-0.14065789,9.8710916e-23,-1.3937318e-21,1.2478832,4.16924,-1.1481557,0.050000001,1.1627744,0.023627533,0,4.16924,-1.14816,0
194,-0.14623609,3.4781402e-21,5.8487362e-24,1.1849333,4.2405601,-1.1480397,0.050000001,1.1849563,0.062463477,0,4.2405601,-1.1480401,0
194,-0.14983594,-1.2944129e-21,1.9431809e-21,1.1098267,4.3118796,-1.1479282,0.050000001,1.2035593,0.10128476,0,4.3118801,-1.14793,0
194,-0.15146413,2.2800351e-20,-2.1923884e-19,1.0234936,4.3832021,-1.1478137,0.050000001,1.2182657,0.13931209,-2.7746202e-22,4.3832002,-1.14781,0
194,-0.15119153,-9.4346339e-21,1.2752588e-20,0.9276278,4.4545279,-1.1477083,0.050000001,1.2288443,0.17579156,-5.4167765e-23,4.4545298,-1.14771,0
194,-0.14915368,7.7610471e-21,1.3656248e-20,0.8249079,4.5258574,-1.1476003,0.050000001,1.2351542,0.21001796,-6.5132048e-23,4.5258598,-1.1476001,0
194,-0.14553568,-4.1532448e-21,6.7703917e-21,0.71866643,4.5971904,-1.1474918,0.050000001,1.2372015,0.24138726,-5.2690825e-23,4.5971899,-1.14749,0
194,-0.14056334,-2.1947333e-20,1.1510939e-19,0.6126402,4.6685224,-1.14739,0.050000001,1.2351317,0.26942769,1.2734425e-22,4.66852,-1.14739,0
194,-0.13448904,5.2235334e-20,-2.269021e-19,0.51063168,4.7398582,-1.14729,0.050000001,1.2292318,0.29382983,-2.2763108e-22,4.7398601,-1.14729,0
194,-0.12757458,2.6452129e-20,-1.1564748e-19,0.41597053,4.811192,-1.1471918,0.050000001,1.2199219,0.31445667,-1.2358937e-22,4.8111901,-1.14719,0
194,-0.12007204,3.3612366e-22,-6.229966e-22,0.3311893,4.8825297,-1.1470983,0.050000001,1.2077173,0.33134314,-2.2901945e-23,4.8825302,-1.1471,0
194,-0.11221565,9.7910274e-20,-3.2928419e-19,0.25788009,4.9538722,-1.1470038,0.050000001,1.1931847,0.3446694,-2.9425973e-22,4.9538698,-1.147,0
194,-0.10420969,6.3704184e-20,-2.2414377e-19,0.19656073,5.025218,-1.146912,0.050000001,1.1769022,0.35472423,-2.0236456e-22,5.0252199,-1.14691,0
194,-0.09622471,3.1244234e-20,-1.0701068e-19,0.14684705,5.0965624,-1.1468195,0.050000001,1.1594149,0.36186773,-6.8313392e-23,5.09656,-1.1468199,0
194,-0.088394627,9.7327615e-20,-3.2100349e-19,0.10769396,5.1679082,-1.1467315,0.050000001,1.1412022,0.3664895,-2.063992e-22,5.1679101,-1.1467299,0
194,-0.080821395,-5.2620335e-21,-3.9121556e-21,0.077683106,5.239254,-1.1466483,0.050000001,1.1226703,0.36897904,8.1581889e-24,5.2392502,-1.14665,0
194,-0.073576443,-9.2691798e-22,2.1782032e-21,0.055263862,5.3106041,-1.146562,0.050000001,1.1041402,0.36970294,6.4157517e-24,5.3105998,-1.14656,0
194,-0.066706121,4.1349347e-20,-1.0009685e-19,0.038870752,5.3819542,-1.14648,0.050000001,1.0858477,0.36898533,-7.5456382e-23,5.3819499,-1.14648,0
194,-0.06023778,4.3632473e-21,-3.5832968e-22,0.027076054,5.4533057,-1.1464022,0.050000001,1.0679524,0.36710963,-1.1214627e-23,5.45331,-1.1464,0
194,-0.054183599,-6.6820522e-20,1.9286269e-19,0.018784264,5.5246596,-1.1463248,0.050000001,1.0505626,0.36431143,8.533511e-23,5.5246601,-1.14632,0
194,-0.048543371,-6.3362365e-20,1.9482357e-19,0.013019417,5.5960178,-1.1462442,0.050000001,1.0337324,0.3607825,7.6728954e-23,5.5960202,-1.14624,0
194,-0.043309361,-2.704251e-20,9.5548137e-20,0.0090551348,5.6673722,-1.1461678,0.050000001,1.0174751,0.35667804,2.1398305e-23,5.6673698,-1.14617,0
194,-0.038468201,-2.7239348e-20,9.5775243e-20,0.0063855606,5.73873,-1.1460919,0.050000001,1.0017817,0.35212171,2.2563142e-23,5.73873,-1.14609,0
194,-0.034002554,3.6814155e-20,-8.8756079e-20,0.0045728483,5.8100896,-1.1460201,0.050000001,0.98662233,0.34720659,-3.7539041e-23,5.8100901,-1.1460201,0
194,-0.02989332,3.3333317e-20,-9.0588271e-20,0.0033608389,5.8814559,-1.1459503,0.050000001,0.97195488,0.34200469,-3.011474e-23,5.8814602,-1.14595,0
194,-0.026120709,1.2346947e-22,-3.1219788e-22,0.0025573142,5.9528198,-1.1458802,0.050000001,0.95773202,0.33657077,0,5.9528198,-1.14588,0
194,-0.02266418,-2.8623606e-20,8.7520659e-20,0.0020157311,6.0241823,-1.14581,0.050000001,0.94389957,0.33094382,1.4462952e-23,6.0241799,-1.14581,0
194,-0.019503403,-2.8744542e-20,8.7634325e-20,0.0016647012,6.0955477,-1.1457419,0.050000001,0.93040347,0.32514787,1.4448303e-23,6.0955501,-1.14574,0
194,-0.016618963,-2.9518622e-22,1.0096239e-22,0.001436983,6.1669116,-1.145676,0.050000001,0.91718924,0.31919742,0,6.1669102,-1.14568,0
194,-0.013992617,-7.3273465e-23,-4.0713408e-23,0.0012939899,6.2382798,-1.1456093,0.050000001,0.90420222,0.31309867,0,6.2382798,-1.14561,0
194,-0.011607123,-2.6832668e-20,8.2754108e-20,0.0012226795,6.3096495,-1.14555,0.050000001,0.89139259,0.30684781,5.8014164e-24,6.3096499,-1.14555,0
194,-0.0094468184,-2.5301177e-20,8.4599865e-20,0.0011968965,6.3810196,-1.145488,0.050000001,0.87870985,0.30043644,2.0802193e-24,6.3810201,-1.1454901,0
194,-0.0074971295,-2.4547126e-20,8.3318885e-20,0.0012098775,6.4523892,-1.1454258,0.050000001,0.86610723,0.29384792,1.8821316e-25,6.4523902,-1.14543,0
194,-0.0057452298,6.9359786e-22,4.9557323e-21,0.0012574471,6.5237656,-1.1453682,0.050000001,0.85354173,0.28705981,-2.2163495e-24,6.5237699,-1.14537,0
194,-0.0041799662,-2.5627571e-20,7.7290121e-20,0.0013908442,6.5951419,-1.1453103,0.050000001,0.84097368,0.28004527,2.9508772e-24,6.59514,-1.14531,0
194,-0.0027912727,-1.4295065e-21,2.5243072e-21,0.0018141165,6.6665182,-1.1452522,0.050000001,0.8283636,0.27277595,2.0907993e-24,6.6665201,-1.14525,0
194,-0.0015713059,7.3774261e-20,-2.2563869e-19,0.0029483617,6.7378922,-1.1451962,0.050000001,0.81566852,0.26523754,-4.8599567e-24,6.7378898,-1.1452,0
194,-0.0005143935,-2.7638342e-21,1.5468032e-21,0.0055281497,6.8092675,-1.1451392,0.050000001,0.80282873,0.25744161,5.184795e-24,6.8092699,-1.1451401,0
194,0.00038275999,-2.9733819e-21,5.023522e-21,0.010403479,6.8806477,-1.145088,0.050000001,0.78976429,0.24944058,2.742e-24,6.88065,-1.14509,0
194,0.0011194528,-4.4799927e-20,1.439179e-19,0.018078385,6.9520283,-1.1450318,0.050000001,0.77636862,0.24132727,-1.5877589e-24,6.9520302,-1.14503,0
194,0.0016922485,-3.0089284e-21,5.2418185e-21,0.028006086,7.0234079,-1.14498,0.050000001,0.76253271,0.23319188,1.6425149e-24,7.0234098,-1.14498,0
194,0.0020939435,4.1686526e-20,-1.3889916e-19,0.037868626,7.0947905,-1.1449298,0.050000001,0.74819046,0.22505344,3.5617157e-24,7.09479,-1.14493,0
194,0.0023166835,-2.1721732e-20,7.2988479e-20,0.043475669,7.1661701,-1.1448798,0.050000001,0.73339176,0.21675675,-3.8468747e-24,7.1661701,-1.1448801,0
194,0.0023556065,-2.7933592e-20,1.02222e-19,0.039437078,7.2375517,-1.14483,0.050000001,0.7183699,0.20789436,-7.3515849e-24,7.2375498,-1.14483,0
194,0.0022140031,-2.8695419e-20,9.9596565e-20,0.02069285,7.308938,-1.1447817,0.050000001,0.70357579,0.19779366,-2.8862042e-24,7.3089399,-1.14478,0
194,0.0019077254,-1.6317353e-20,6.2173344e-20,-0.01564377,7.3803196,-1.1447381,0.050000001,0.68965286,0.18560186,1.3971626e-24,7.3803201,-1.14474,0
194,0.0014669584,-2.8047087e-20,1.2386858e-19,-0.068979137,7.4517059,-1.1446919,0.050000001,0.67733943,0.17045265,-1.5818659e-24,7.4517102,-1.14469,0
194,0.00093597156,1.6362574e-20,-6.2235764e-20,-0.13503475,7.5230942,-1.1446481,0.050000001,0.66734153,0.15166542,-1.3946583e-24,7.5230899,-1.14465,0
194,0.00036615724,3.7444049e-20,-1.8520887e-19,-0.20689769,7.5944824,-1.1446022,0.050000001,0.66020405,0.1289086,4.2620222e-24,7.59448,-1.1446,0
194,-0.00019043346,2.036508e-22,-6.7944688e-22,-0.27679759,7.6658678,-1.1445577,0.050000001,0.6562354,0.10227764,5.7298825e-24,7.6658702,-1.14456,0
194,-0.00069154403,-1.3220159e-20,1.2283765e-19,-0.33795568,7.7372556,-1.1445135,0.050000001,0.6554817,0.072265781,-4.6173232e-24,7.7372599,-1.14452,0
194,-0.0011100178,-1.0048251e-21,6.2355531e-20,-0.38578832,7.8086414,-1.1444695,0.050000001,0.65777153,0.039653771,-7.3723446e-24,7.80864,-1.14447,0
194,-0.0014356077,9.3081875e-21,6.2916779e-20,-0.41822177,7.8800316,-1.14443,0.050000001,0.66278708,0.0053677652,4.7690902e-24,7.8800302,-1.14443,0
194,-0.0016759253,7.6972604e-22,-6.1664447e-20,-0.43533459,7.9514284,-1.14439,0.050000001,0.67013323,-0.029644374,1.6408433e-24,7.9514298,-1.14439,0
194,-0.0017957311,-3.5198664e-21,-1.0430529e-19,-0.43757772,7.9999981,-1.1443628,0.050000001,0.67643493,-0.053362016,-1.4068056e-24,8,-1.1443628,0
194,-0.29715347,8.6080473e-20,-6.4786967e-19,0.95366782,0.99999899,-1.0773923,0.050000001,1.1279191,0.1346861,-1.3757151e-21,1,-1.0773892,0
194,-0.29092163,1.2923467e-19,-1.2396733e-18,0.94109303,1.0346093,-1.0771823,0.050000001,1.120151,0.14173576,-2.917674e-21,1.03461,-1.07718,0
194,-0.27612948,-4.0269779e-20,-5.953336e-21,0.91318381,1.1057462,-1.0767946,0.050000001,1.1025507,0.15468611,-9.3396688e-23,1.10575,-1.07679,0
194,-0.25949985,1.8488101e-20,-1.0227356e-20,0.88446397,1.1768968,-1.0764433,0.050000001,1.0833691,0.16576758,1.8625011e-22,1.1769,-1.07644,0
194,-0.24124412,1.2803412e-19,-5.8000152e-19,0.85611385,1.2480547,-1.0761198,0.050000001,1.0627077,0.17469262,-1.2264593e-21,1.24806,-1.07612,0
194,-0.22161891,1.692404e-19,-7.1873765e-19,0.82931924,1.3192191,-1.0758134,0.050000001,1.0407255,0.18122765,-1.6077258e-21,1.3192199,-1.07581,0
194,-0.20091082,1.50987e-19,-7.366458e-19,0.80515862,1.3903953,-1.0755258,0.050000001,1.0176295,0.18519862,-1.4658859e-21,1.3904001,-1.0755301,0
194,-0.17943315,-3.7577413e-20,1.7319477e-19,0.78470027,1.4615754,-1.0752476,0.050000001,0.99363166,0.18650416,2.5373303e-22,1.46158,-1.07525,0
194,-0.15750061,-4.7228449e-20,1.5179754e-19,0.7688787,1.5327595,-1.0749803,0.050000001,0.96897209,0.18510652,3.8836842e-22,1.53276,-1.07498,0
194,-0.13542204,-6.3457154e-20,3.2837579e-19,0.75856799,1.6039498,-1.0747201,0.050000001,0.94387937,0.18103489,4.8837023e-22,1.60395,-1.07472,0
194,-0.11349439,-1.4268581e-19,9.0678579e-19,0.75464272,1.6751457,-1.074468,0.050000001,0.91856021,0.17437871,1.0231347e-21,1.67515,-1.07447,0
194,-0.0919955,-1.0700568e-19,7.1140335e-19,0.75794852,1.746346,-1.0742224,0.050000001,0.89319271,0.1652817,6.2423253e-22,1.74635,-1.0742199,0
194,-0.07117667,-4.951793e-20,3.4075157e-19,0.76933581,1.817548,-1.0739806,0.050000001,0.86791867,0.15393329,2.3265088e-22,1.8175499,-1.07398,0
194,-0.051263303,-3.5454842e-20,3.2772764e-19,0.7896567,1.8887582,-1.0737424,0.050000001,0.84283,0.14056627,7.2967879e-23,1.88876,-1.07374,0
194,-0.032456465,-1.1436564e-19,7.297559e-19,0.81961489,1.9599682,-1.0735105,0.050000001,0.81797707,0.12544627,1.9117744e-22,1.95997,-1.0735101,0
194,-0.014930429,-1.1637233e-19,6.6288786e-19,0.8596375,2.0311797,-1.0732801,0.050000001,0.79336381,0.1088626,9.0808644e-23,2.0311799,-1.07328,0
194,0.0011674447,-3.6722548e-20,2.785645e-19,0.90941769,2.1023996,-1.0730557,0.050000001,0.76897377,0.091109551,4.289129e-24,2.1024001,-1.07306,0
194,0.015711283,1.7523868e-20,-1.0733532e-19,0.9674949,2.1736257,-1.0728376,0.050000001,0.74479389,0.07247027,4.9835877e-23,2.17363,-1.07284,0
194,0.028597932,-4.4709023e-21,-9.7390395e-21,1.030929,2.2448521,-1.0726255,0.050000001,0.72088498,0.053175259,1.165604e-23,2.2448499,-1.07263,0
194,0.039740305,-2.0039494e-20,-2.6379463e-20,1.0952709,2.3160861,-1.0724159,0.050000001,0.69739902,0.03336744,4.8244644e-23,2.3160901,-1.07242,0
194,0.049063317,-5.0377198e-22,1.2708322e-19,1.1551828,2.3873222,-1.072208,0.050000001,0.67462468,0.013117251,-9.1592317e-23,2.38732,-1.07221,0
194,0.056556642,-7.5174085e-21,5.3804496e-21,1.2055049,2.4585598,-1.0720086,0.050000001,0.65301383,-0.0075784316,2.2459047e-23,2.45856,-1.07201,0
194,0.062218525,-7.3945892e-21,-1.5454125e-19,1.2423041,2.5298018,-1.07181,0.050000001,0.63323492,-0.028832607,9.2387906e-23,2.5297999,-1.07181,0
194,0.066029534,2.7334282e-21,1.0604614e-19,1.2637943,2.6010501,-1.071618,0.050000001,0.61609322,-0.050780628,-1.0774746e-22,2.6010499,-1.07162,0
194,0.068020128,-1.5777467e-20,-9.873589e-20,1.2707684,2.6723022,-1.0714307,0.050000001,0.60229242,-0.073446766,1.1726292e-22,2.6723001,-1.07143,0
194,0.068245992,-1.4985896e-21,-1.0160898e-20,1.266199,2.7435603,-1.0712397,0.050000001,0.59243411,-0.096724331,2.0525668e-24,2.7435601,-1.0712399,0
194,0.066754848,6.8949454e-21,6.237853e-20,1.2543014,2.8148205,-1.0710574,0.050000001,0.58701003,-0.1203552,-1.2344354e-22,2.8148201,-1.0710599,0
194,0.063594639,-1.0393995e-20,-2.3352052e-20,1.2396533,2.8860803,-1.0708821,0.050000001,0.58632457,-0.14392889,-1.6703871e-23,2.88608,-1.0708801,0
194,0.058817819,6.0005711e-20,2.2202164e-19,1.2264171,2.9573417,-1.0707105,0.050000001,0.59051234,-0.16691002,-2.0143053e-22,2.95734,-1.0707099,0
194,0.052477539,1.7430139e-19,5.699169e-19,1.2178293,3.0286119,-1.0705402,0.050000001,0.59954441,-0.18867993,-4.3289354e-22,3.02861,-1.07054,0
194,0.044630453,-9.9260082e-21,2.3639024e-20,1.2160164,3.0998883,-1.0703717,0.050000001,0.61327875,-0.20857359,-2.1746374e-23,3.09989,-1.07037,0
194,0.035339456,-2.1647729e-19,-5.3234966e-19,1.2220961,3.1711645,-1.0702101,0.050000001,0.63148427,-0.22591296,3.0940503e-22,3.17116,-1.07021,0
194,0.024676019,-5.3964446e-20,-7.5506584e-20,1.2361654,3.2424397,-1.0700504,0.050000001,0.65384847,-0.24004757,5.0858134e-23,3.24244,-1.07005,0
194,0.012732605,5.5585241e-21,-3.8200593e-20,1.2574484,3.3137193,-1.0698919,0.050000001,0.68000424,-0.25037327,-3.3930959e-23,3.31372,-1.06989,0
194,-0.00037223502,-8.5220981e-20,-3.0560539e-19,1.2846063,3.38501,-1.0697374,0.050000001,0.70953929,-0.25635627,-6.3660602e-24,3.38501,-1.0697401,0
194,-0.014485329,5.2804906e-20,1.3279878e-19,1.3157207,3.4563003,-1.0695895,0.050000001,0.74198174,-0.25755912,8.5149009e-23,3.4563,-1.06959,0
194,-0.029414443,1.0079766e-19,2.7809497e-19,1.3486314,3.52759,-1.0694488,0.050000001,0.77681679,-0.25366211,1.259252e-22,3.52759,-1.06945,0
194,-0.044924878,-5.0829409e-20,-1.3894352e-19,1.3810405,3.5988798,-1.0693043,0.050000001,0.81347203,-0.24448559,-9.1052471e-23,3.5988801,-1.0693001,0
194,-0.06073872,1.2088862e-19,4.9271065e-19,1.410576,3.6701753,-1.0691643,0.050000001,0.85137022,-0.22998668,3.1595179e-22,3.6701801,-1.06916,0
194,-0.07654471,1.421824e-19,4.6173672e-19,1.4351583,3.7414775,-1.0690261,0.050000001,0.88989377,-0.21028537,2.8357315e-22,3.7414801,-1.06903,0
194,-0.092005864,9.4335554e-21,-8.7666621e-21,1.4529189,3.8127818,-1.0688895,0.050000001,0.9284215,-0.18565068,-2.524617e-23,3.8127799,-1.06889,0
194,-0.1067742,1.0158311e-19,5.3345844e-19,1.4622641,3.8840873,-1.0687599,0.050000001,0.96636122,-0.15648042,4.665754e-22,3.8840899,-1.06876,0
194,-0.12050647,6.8380624e-20,3.5691264e-19,1.4619671,3.9553974,-1.0686296,0.050000001,1.003145,-0.12329395,3.3876202e-22,3.9554,-1.06863,0
194,-0.13288184,4.4542872e-21,-7.3317299e-21,1.4510434,4.0267096,-1.0685059,0.050000001,1.0382491,-0.086698532,-2.9372548e-24,4.02671,-1.0685101,0
194,-0.14361654,4.8781487e-22,-1.9814793e-23,1.428591,4.098022,-1.0683814,0.050000001,1.0711855,-0.047372214,0,4.0980201,-1.06838,0
194,-0.15247318,-1.8564898e-21,-1.0028769e-21,1.3935508,4.1693406,-1.0682615,0.050000001,1.1015309,-0.0060400069,0,4.1693401,-1.06826,0
194,-0.15927643,-7.1860031e-21,1.0444314e-19,1.3451025,4.2406578,-1.0681485,0.050000001,1.1288675,0.036512963,1.4259684e-22,4.2406602,-1.06815,0
194,-0.16392061,-4.8451257e-24,3.3793785e-21,1.2827246,4.3119779,-1.0680299,0.050000001,1.1527891,0.079465844,4.9601094e-25,4.3119798,-1.06803,0
194,-0.16637127,1.7807483e-20,-2.0056381e-19,1.206352,4.3833022,-1.0679154,0.050000001,1.1729468,0.12198313,-3.1776531e-22,4.3832998,-1.06792,0
194,-0.16667135,-8.5330829e-21,1.926941e-20,1.1166931,4.4546256,-1.0678078,0.050000001,1.1890318,0.16322111,-6.8385506e-23,4.4546299,-1.0678101,0
194,-0.16493598,-3.1279748e-20,2.2286471e-19,1.0153862,4.5259495,-1.0676999,0.050000001,1.2007965,0.20235594,2.6234409e-22,4.52595,-1.0677,0
194,-0.16134487,-3.8430543e-20,2.2952352e-19,0.90521771,4.59728,-1.0675919,0.050000001,1.2081014,0.23863657,2.5469706e-22,4.59728,-1.06759,0
194,-0.15613405,-2.7674468e-21,1.1711056e-20,0.78990895,4.6686144,-1.0674902,0.050000001,1.2109418,0.2714206,-3.9050003e-23,4.6686101,-1.06749,0
194,-0.14958219,2.7716945e-20,-1.0813228e-19,0.67379415,4.7399507,-1.0673904,0.050000001,1.2094643,0.30022568,-1.6029242e-22,4.7399502,-1.06739,0
194,-0.14198992,-2.7496262e-20,1.1074329e-19,0.56139904,4.8112817,-1.0672902,0.050000001,1.203982,0.32476282,1.0125173e-22,4.8112798,-1.0672899,0
194,-0.13365698,-6.1500523e-20,2.2127405e-19,0.45671365,4.8826199,-1.0671921,0.050000001,1.1949469,0.34495723,2.2373958e-22,4.8826199,-1.0671901,0
194,-0.12486788,3.5063482e-20,-1.06648e-19,0.36283836,4.9539623,-1.0671003,0.050000001,1.1829146,0.36092597,-8.9686076e-23,4.9539599,-1.0671,0
194,-0.11587858,1.061334e-19,-3.2414895e-19,0.28169534,5.0253043,-1.0670085,0.050000001,1.1684999,0.37295312,-2.9862538e-22,5.0253,-1.06701,0
194,-0.10690314,7.5449638e-20,-2.1239655e-19,0.2139359,5.0966482,-1.0669113,0.050000001,1.1523196,0.38143963,-1.8049337e-22,5.0966501,-1.06691,0
194,-0.098111287,1.6321331e-22,-8.5922063e-22,0.15916096,5.1679897,-1.0668262,0.050000001,1.1349525,0.38684732,9.0010047e-24,5.1679902,-1.06683,0
194,-0.089631967,7.2432284e-20,-2.0311483e-19,0.1161912,5.2393351,-1.0667408,0.050000001,1.1169,0.38966501,-1.4182395e-22,5.2393398,-1.06674,0
194,-0.081554234,3.8120405e-20,-1.0920794e-19,0.083418705,5.310688,-1.0666521,0.050000001,1.0985798,0.3903569,-9.7587073e-23,5.3106899,-1.06665,0
194,-0.073934622,-6.6836794e-20,2.0081965e-19,0.059041902,5.38204,-1.0665702,0.050000001,1.0803174,0.38934326,1.1055839e-22,5.38204,-1.06657,0
194,-0.066804029,-3.0703694e-20,9.8816004e-20,0.041281492,5.4533901,-1.0664903,0.050000001,1.0623425,0.38699275,3.5587731e-23,5.4533901,-1.0664901,0
194,-0.060173407,-3.482842e-20,9.8679183e-20,0.028614903,5.5247421,-1.0664104,0.050000001,1.0448052,0.38361177,4.7419836e-23,5.5247402,-1.0664099,0
194,-0.054038987,1.2138384e-21,1.6092449e-21,0.019764779,5.5960979,-1.0663304,0.050000001,1.0277975,0.37944797,-4.3102354e-24,5.5960999,-1.06633,0
194,-0.048387568,-3.1203802e-20,9.6081752e-20,0.013639755,5.6674519,-1.0662525,0.050000001,1.0113618,0.37469789,3.4099702e-23,5.66745,-1.06625,0
194,-0.043198735,-1.0080988e-19,2.7938149e-19,0.0094503174,5.7388101,-1.0661784,0.050000001,0.99549735,0.36951312,1.0625098e-22,5.7388101,-1.06618,0
194,-0.038449246,-3.2666406e-20,9.5863551e-20,0.0066279951,5.8101697,-1.0661043,0.050000001,0.98018152,0.36400977,3.7812262e-23,5.8101702,-1.0661,0
194,-0.034113113,-5.6663452e-22,3.1636659e-22,0.0047398405,5.8815322,-1.0660323,0.050000001,0.9653756,0.35827166,3.4047572e-24,5.8815298,-1.06603,0
194,-0.03016408,-3.5820927e-20,9.0456717e-20,0.0034805646,5.9528942,-1.0659577,0.050000001,0.95102769,0.35236108,3.663305e-23,5.9528899,-1.06596,0
194,-0.026576014,-9.8724038e-20,2.5880276e-19,0.0026471929,6.0242558,-1.0658875,0.050000001,0.93707991,0.34632051,7.1953587e-23,6.02426,-1.06589,0
194,-0.023324102,-6.5964345e-20,1.7328928e-19,0.0020998903,6.0956197,-1.0658199,0.050000001,0.92347306,0.34017634,4.7914111e-23,6.0956202,-1.06582,0
194,-0.020384248,6.451864e-20,-1.6818908e-19,0.0017413577,6.1669879,-1.0657519,0.050000001,0.91014516,0.33394188,-4.0196407e-23,6.1669898,-1.06575,0
194,-0.017734272,1.8393478e-21,-1.7870387e-21,0.0015173667,6.2383561,-1.0656899,0.050000001,0.89703757,0.32762045,-4.7071571e-24,6.2383599,-1.06569,0
194,-0.015354203,1.5088665e-21,1.8440394e-21,0.0013932558,6.3097219,-1.0656283,0.050000001,0.88409269,0.32120842,-3.9068952e-24,6.30972,-1.06563,0
194,-0.01322536,2.9117216e-20,-7.9686386e-20,0.0013384392,6.3810897,-1.0655618,0.050000001,0.87125295,0.31469342,-1.1054929e-23,6.3810902,-1.06556,0
194,-0.011330753,-3.1821418e-20,8.0928275e-20,0.0013333503,6.4524593,-1.0654994,0.050000001,0.8584668,0.30805415,1.7492448e-23,6.4524598,-1.0655,0
194,-0.0096558398,-1.1485853e-21,3.4782242e-21,0.0013919206,6.5238357,-1.0654422,0.050000001,0.84568435,0.30126521,1.6545732e-24,6.52384,-1.0654401,0
194,-0.0081880717,2.3106824e-21,1.6802704e-21,0.0016228468,6.5952101,-1.0653847,0.050000001,0.83285898,0.29429877,-6.9700444e-24,6.5952101,-1.06538,0
194,-0.0069164303,1.4017976e-20,-3.434283e-20,0.0023708483,6.666584,-1.0653242,0.050000001,0.81994188,0.28713071,-6.1185874e-24,6.6665802,-1.06532,0
194,-0.0058322158,1.4198166e-20,-3.6338555e-20,0.0042373673,6.7379599,-1.0652683,0.050000001,0.80687362,0.27975884,-5.9595929e-24,6.7379599,-1.0652699,0
194,-0.004930133,-7.4858469e-20,2.2211979e-19,0.0080831889,6.8093357,-1.0652117,0.050000001,0.79357487,0.27221981,9.410018e-24,6.80934,-1.06521,0
194,-0.0042075841,-5.1559476e-20,1.4386418e-19,0.014636764,6.8807116,-1.0651559,0.050000001,0.77994156,0.26459312,1.3974567e-23,6.8807101,-1.06516,0
194,-0.0036666289,-3.5232786e-20,1.0404509e-19,0.023771772,6.9520898,-1.0650991,0.050000001,0.7658518,0.25697938,6.3009235e-24,6.9520898,-1.0651,0
194,-0.0033123835,1.0718609e-20,-3.3257895e-20,0.033766784,7.0234694,-1.0650499,0.050000001,0.75121087,0.24942799,-8.4251607e-25,7.0234699,-1.06505,0
194,-0.0031527025,2.2361151e-20,-7.0123467e-20,0.040820308,7.0948501,-1.0650003,0.050000001,0.73601437,0.24184164,-5.739816e-25,7.0948501,-1.0650001,0
194,-0.0031937386,1.0009255e-20,-2.9641597e-20,0.039516818,7.1662297,-1.0649507,0.050000001,0.72042674,0.23386937,-4.0009936e-24,7.1662302,-1.06495,0
194,-0.0034347319,1.1561212e-20,-3.2457469e-20,0.024174683,7.2376142,-1.0649004,0.050000001,0.70483178,0.22486232,-4.013068e-24,7.2376099,-1.0649,0
194,-0.0038621803,-1.1273767e-20,3.4866115e-20,-0.009216547,7.309,-1.06485,0.050000001,0.68983066,0.21392587,-1.6010872e-24,7.309,-1.06485,0
194,-0.0044457437,-2.6731484e-20,9.3204049e-20,-0.061278533,7.3803816,-1.0648021,0.050000001,0.67616773,0.20007646,6.0490548e-24,7.3803802,-1.0648,0
194,-0.0051380484,-4.1059084e-20,1.5464576e-19,-0.128599,7.4517679,-1.0647583,0.050000001,0.66459793,0.18245827,7.9982931e-24,7.4517698,-1.06476,0
194,-0.0058799153,1.6918346e-21,-1.2302543e-21,-0.20448548,7.5231519,-1.0647125,0.050000001,0.65575171,0.16055055,3.9473282e-24,7.52315,-1.06471,0
194,-0.0066075069,7.245334e-21,-3.1524648e-20,-0.2807171,7.5945401,-1.0646638,0.050000001,0.65003473,0.13427733,3.9308063e-24,7.5945401,-1.06466,0
194,-0.0072630765,-1.3001622e-20,1.203169e-19,-0.34958804,7.6659279,-1.0646197,0.050000001,0.64758885,0.10402454,1.3213451e-23,7.6659298,-1.06462,0
194,-0.0078047663,-1.3277504e-23,2.3887685e-22,-0.40549058,7.7373118,-1.0645784,0.050000001,0.64831346,0.07054016,-7.0629082e-27,7.7373099,-1.06458,0
194,-0.0082101896,1.3552388e-20,-1.5038282e-19,-0.44548917,7.8087001,-1.0645319,0.050000001,0.65193713,0.034781318,-2.0055305e-23,7.8087001,-1.06453,0
194,-0.0084764604,2.3612018e-21,1.1614384e-21,-0.4690704,7.8800921,-1.0644896,0.050000001,0.65809286,-0.0022246554,-9.4513614e-24,7.8800902,-1.06449,0
194,-0.0086198691,-1.4365842e-21,-3.0645029e-20,-0.47744054,7.9514847,-1.0644498,0.050000001,0.66637886,-0.039499089,-6.8602232e-24,7.9514799,-1.06445,0
194,-0.0086539676,-2.6418628e-21,-5.1972449e-20,-0.47424051,8.0000029,-1.0644228,0.050000001,0.6731891,-0.064429067,-5.0719197e-24,8,-1.0644228,0
194,-0.32128662,6.3891056e-20,-5.5577794e-20,1.4196299,0.99999833,-0.99769753,0.050000001,1.0513216,0.15179625,-7.8617873e-22,1,-0.99768925,0
194,-0.31473574,2.7634988e-19,-1.4090308e-18,1.3957905,1.0348276,-0.99746555,0.050000001,1.0441666,0.15985803,-4.3552323e-21,1.03483,-0.99745899,0
194,-0.29905343,2.5003403e-19,-1.5590143e-18,1.3451232,1.1059481,-0.99704701,0.050000001,1.027684,0.17479236,-4.18952e-21,1.10595,-0.99704301,0
194,-0.28123531,-1.6639016e-19,9.2689972e-19,1.2939379,1.1770864,-0.99667197,0.050000001,1.0092971,0.18779299,2.2588776e-21,1.17709,-0.99667001,0
194,-0.26153123,-2.3165661e-19,1.3116245e-18,1.2436908,1.2482369,-0.99632972,0.050000001,0.9890551,0.19850047,2.9161324e-21,1.24824,-0.99632901,0
194,-0.2402484,-1.1995062e-19,7.7665342e-19,1.195897,1.3193971,-0.99601269,0.050000001,0.96708208,0.20662208,1.565232e-21,1.3194,-0.99601197,0
194,-0.21773526,-2.4267531e-20,1.8690443e-19,1.152035,1.3905652,-0.99571288,0.050000001,0.94355983,0.21194428,3.5154209e-22,1.39057,-0.995713,0
194,-0.19436426,-4.408513e-20,1.6985e-19,1.1134361,1.4617398,-0.99542594,0.050000001,0.91869873,0.21434195,3.8349704e-22,1.46174,-0.99542803,0
194,-0.17051019,-3.5478804e-20,2.0024066e-19,1.0813967,1.5329223,-0.99515265,0.050000001,0.89272767,0.2137765,2.2879841e-22,1.53292,-0.99515402,0
194,-0.14653976,-1.426781e-19,6.9701899e-19,1.0570922,1.6041104,-0.99488848,0.050000001,0.86587149,0.21029161,9.0837457e-22,1.60411,-0.99488902,0
194,-0.12280098,-1.9852265e-19,7.8719801e-19,1.0416071,1.6753002,-0.99463069,0.050000001,0.83833343,0.20400694,1.0653281e-21,1.6753,-0.99463099,0
194,-0.099612512,-8.6763226e-20,2.7361447e-19,1.0359492,1.7464918,-0.99437928,0.050000001,0.8102805,0.1951091,4.1330329e-22,1.74649,-0.99437898,0
194,-0.077258386,-1.1311913e-19,3.7770902e-19,1.0409726,1.8176894,-0.99413371,0.050000001,0.78183168,0.18384057,3.5362953e-22,1.81769,-0.99413401,0
194,-0.05598975,-5.801094e-21,1.7117643e-20,1.0572623,1.8888979,-0.99389297,0.050000001,0.75305742,0.17048848,7.349263e-23,1.8889,-0.99389398,0
194,-0.036024842,5.6342878e-20,-1.0407689e-19,1.0847729,1.960108,-0.99365705,0.050000001,0.72398919,0.15536904,-2.2240778e-22,1.9601099,-0.99365801,0
194,-0.017547114,1.5901211e-20,-1.5750911e-19,1.1223501,2.0313177,-0.99342632,0.050000001,0.69463974,0.13880086,-2.4642868e-23,2.0313201,-0.99342799,0
194,-0.00070740661,8.9017591e-20,-5.5024799e-19,1.1672778,2.1025355,-0.99319994,0.050000001,0.66505289,0.12106699,-8.162884e-23,2.10254,-0.99320197,0
194,0.014372812,1.2850391e-20,-1.5862697e-19,1.2150024,2.1737578,-0.99297875,0.050000001,0.63536888,0.1023724,7.7049993e-24,2.1737599,-0.99298102,0
194,0.027604112,-1.1115126e-20,-3.3824514e-20,1.2594987,2.2449818,-0.9927628,0.050000001,0.60589129,0.082800053,2.231525e-23,2.2449801,-0.99276501,0
194,0.038931083,-8.2629753e-21,-5.0798955e-21,1.2942851,2.3162122,-0.99255151,0.050000001,0.57712692,0.06228492,3.3339575e-23,2.31621,-0.992553,0
194,0.048346199,-8.903411e-21,2.2982396e-19,1.313897,2.3874505,-0.9923448,0.050000001,0.54978657,0.040648434,-1.676056e-22,2.38745,-0.99234498,0
194,0.055760667,3.325982e-22,5.6164265e-20,1.3153253,2.4586883,-0.99214226,0.050000001,0.52468884,0.017681511,8.776072e-24,2.4586899,-0.99214101,0
194,0.061204202,8.9063974e-21,-6.0202147e-20,1.2987765,2.5299282,-0.99194223,0.050000001,0.50268388,-0.0067546354,8.517222e-23,2.5299301,-0.99194199,0
194,0.064818256,3.525075e-21,1.0576093e-19,1.2674395,2.6011746,-0.99174696,0.050000001,0.48460051,-0.032741249,-1.0750916e-22,2.6011701,-0.99174702,0
194,0.066634417,-1.8013212e-20,-9.9749561e-20,1.2265086,2.6724246,-0.99155629,0.050000001,0.4710919,-0.06021221,1.1752422e-22,2.67242,-0.99155599,0
194,0.066712134,-2.0161015e-20,-9.4432735e-20,1.1819593,2.7436783,-0.99136734,0.050000001,0.46257433,-0.088844039,1.1482955e-22,2.74368,-0.99136901,0
194,0.06512408,4.3812855e-20,2.0878033e-19,1.1394354,2.8149343,-0.9911834,0.050000001,0.4592616,-0.11813741,-2.2834403e-22,2.81493,-0.99118602,0
194,0.061933197,1.4096085e-20,1.3880768e-19,1.1035931,2.8861959,-0.99100631,0.050000001,0.4611873,-0.1474711,-1.3678616e-22,2.8862,-0.99100697,0
194,0.057196271,-3.5397375e-20,-3.1988322e-20,1.0778396,2.9574602,-0.99083304,0.050000001,0.46824592,-0.17613663,7.7545595e-23,2.9574599,-0.99083197,0
194,0.050961435,1.2078058e-19,2.9549102e-19,1.0642782,3.0287306,-0.99066144,0.050000001,0.48023593,-0.20338951,-2.412474e-22,3.0287299,-0.99066001,0
194,0.043269768,-2.4913319e-21,-4.0810865e-20,1.0638921,3.1000004,-0.99049264,0.050000001,0.49689972,-0.22847734,-1.5208654e-23,3.0999999,-0.990493,0
194,0.034158897,-1.7497309e-19,-4.1176971e-19,1.0766917,3.1712744,-0.99032772,0.050000001,0.51794213,-0.25066507,2.5720089e-22,3.1712699,-0.99032801,0
194,0.02367021,-1.05769e-19,-2.1025553e-19,1.1018063,3.2425525,-0.99016702,0.050000001,0.54304725,-0.26925391,3.9871286e-23,3.2425499,-0.99016702,0
194,0.011859622,6.0846701e-20,7.3239689e-20,1.1376882,3.313832,-0.99000835,0.050000001,0.57187796,-0.28359523,-3.3895744e-23,3.3138299,-0.99001002,0
194,-0.0011947544,8.3430818e-21,-6.4045629e-20,1.1822382,3.385118,-0.98985338,0.050000001,0.60406709,-0.29311073,-8.3572082e-23,3.3851199,-0.989856,0
194,-0.015378521,9.8210669e-20,2.7660659e-19,1.2328742,3.4564042,-0.98970485,0.050000001,0.63920617,-0.29731169,8.6499703e-23,3.4563999,-0.98970503,0
194,-0.030535221,-1.0420895e-20,-1.7170864e-21,1.2866969,3.5276945,-0.98955894,0.050000001,0.67684156,-0.29582623,-1.2301973e-22,3.5276899,-0.98955798,0
194,-0.046456575,-2.6279037e-19,-6.7861965e-19,1.3406631,3.5989883,-0.98941398,0.050000001,0.71645916,-0.28842241,-3.9324221e-22,3.59899,-0.98941398,0
194,-0.062877603,1.0168622e-19,2.6723683e-19,1.3918071,3.6702819,-0.98927277,0.050000001,0.75749558,-0.27502644,1.8355631e-22,3.67028,-0.98927301,0
194,-0.079489037,2.5403332e-19,7.0607051e-19,1.4373927,3.7415798,-0.98913354,0.050000001,0.79934949,-0.25573778,6.0322464e-22,3.74158,-0.98913401,0
194,-0.095940053,1.053976e-19,2.8187852e-19,1.4751136,3.812886,-0.98899806,0.050000001,0.84139794,-0.2308272,2.726252e-22,3.8128901,-0.98899901,0
194,-0.11185428,7.0428872e-20,4.3966356e-19,1.5031562,3.8841898,-0.98886675,0.050000001,0.88302052,-0.20072451,4.6644378e-22,3.8841901,-0.98886698,0
194,-0.12685156,7.1593794e-20,4.4468816e-19,1.5202566,3.9554977,-0.98873723,0.050000001,0.92363065,-0.16599101,4.9515469e-22,3.9554999,-0.988738,0
194,-0.14056559,-1.4916571e-20,-7.7674709e-20,1.5256069,4.0268083,-0.98861116,0.050000001,0.96268427,-0.12729137,-1.0871528e-22,4.0268102,-0.98861098,0
194,-0.15266301,-1.3824705e-20,-8.4613856e-20,1.5186719,4.0981178,-0.98848623,0.050000001,0.99969709,-0.085357718,-1.2093104e-22,4.0981202,-0.98848701,0
194,-0.16285765,-1.1262911e-20,-1.8208312e-19,1.498965,4.1694341,-0.98836529,0.050000001,1.0342531,-0.040962383,-2.9647016e-22,4.1694298,-0.98836601,0
194,-0.17092352,-1.661417e-20,-8.0069086e-20,1.4657851,4.2407522,-0.98824811,0.050000001,1.0659665,0.0050861062,-1.5411534e-22,4.2407498,-0.98824698,0
194,-0.17670654,2.394608e-24,-3.2881393e-21,1.4183073,4.3120723,-0.98812979,0.050000001,1.0944717,0.051946137,8.1491187e-26,4.3120699,-0.98813099,0
194,-0.18012756,-2.7895904e-20,2.1746364e-19,1.3558881,4.3833942,-0.98801523,0.050000001,1.119429,0.098754361,2.9323257e-22,4.3833899,-0.98801702,0
194,-0.18118662,-5.9677062e-21,1.0807019e-19,1.2782295,4.4547181,-0.98790431,0.050000001,1.1405144,0.14462778,1.3593713e-22,4.45472,-0.98790598,0
194,-0.17996764,-8.8116074e-20,4.3352352e-19,1.1857436,4.526042,-0.9877947,0.050000001,1.1574316,0.18867034,5.7580707e-22,4.5260401,-0.98779702,0
194,-0.17662919,-1.2111845e-19,6.5696137e-19,1.0799785,4.5973701,-0.98768866,0.050000001,1.1699392,0.2300186,8.7143801e-22,4.5973701,-0.98768997,0
194,-0.17140129,2.0033851e-20,-1.0440892e-19,0.96376055,4.6687021,-0.98758626,0.050000001,1.1778916,0.2678771,-1.3979054e-22,4.6687002,-0.98758602,0
194,-0.16457197,-2.4995752e-21,-4.4415104e-21,0.84111792,4.7400384,-0.98748451,0.050000001,1.1812842,0.30158347,-5.3905733e-24,4.7400398,-0.98748302,0
194,-0.15646733,-9.1329929e-20,3.2212062e-19,0.71701962,4.8113699,-0.98738438,0.050000001,1.1802694,0.33066341,4.031086e-22,4.8113699,-0.98738301,0
194,-0.14742886,-1.3198356e-19,4.351441e-19,0.59653503,4.8827076,-0.98728508,0.050000001,1.1751767,0.35487744,4.9894213e-22,4.88271,-0.98728502,0
194,-0.1377916,-3.118794e-20,1.1694147e-19,0.48419327,4.9540505,-0.98718917,0.050000001,1.1664844,0.37422431,9.5989176e-23,4.9540501,-0.98718899,0
194,-0.12786436,-1.663487e-22,-6.1288474e-22,0.38353917,5.0253906,-0.98709708,0.050000001,1.1547769,0.38892543,-2.0686866e-24,5.0253901,-0.98709601,0
194,-0.11791291,-3.5566291e-20,1.0618746e-19,0.29671875,5.0967302,-0.98700356,0.050000001,1.1406996,0.39937878,1.3693583e-22,5.0967302,-0.98700398,0
194,-0.10815171,-3.2127265e-20,1.0961252e-19,0.22446872,5.1680717,-0.98691356,0.050000001,1.12489,0.40609899,7.7378577e-23,5.1680698,-0.98691398,0
194,-0.098743163,8.0808366e-20,-2.006323e-19,0.16627702,5.2394199,-0.98682636,0.050000001,1.1079373,0.40965718,-1.5698948e-22,5.2394199,-0.98682499,0
194,-0.089802243,5.4029732e-22,-7.329771e-21,0.12082651,5.31077,-0.98673832,0.050000001,1.0903548,0.41062301,-1.9908924e-23,5.31077,-0.98673898,0
194,-0.081401475,-1.1206125e-19,3.0084171e-19,0.086344324,5.3821201,-0.98665363,0.050000001,1.0725549,0.40952799,2.0024386e-22,5.3821201,-0.986655,0
194,-0.0735787,-3.7510657e-20,9.7079061e-20,0.060826141,5.4534726,-0.98657161,0.050000001,1.05485,0.40684202,5.1444166e-23,5.4534702,-0.98657203,0
194,-0.066346325,3.5467866e-20,-9.5038813e-20,0.042350199,5.5248222,-0.98649043,0.050000001,1.0374575,0.40295991,-4.7276232e-23,5.5248199,-0.98649102,0
194,-0.059698038,7.4763582e-20,-1.9146611e-19,0.029248202,5.5961719,-0.98641068,0.050000001,1.0205127,0.39820215,-1.0480884e-22,5.5961699,-0.98641098,0
194,-0.053614773,-1.4910522e-21,1.7984411e-21,0.020116681,5.6675301,-0.98633438,0.050000001,1.0040945,0.39282036,8.9493453e-24,5.6675301,-0.98633301,0
194,-0.048070032,-3.4814714e-20,9.6173976e-20,0.013833878,5.7388878,-0.98625851,0.050000001,0.98822939,0.38700736,4.3232944e-23,5.7388902,-0.98625702,0
194,-0.043033049,-1.0411689e-19,2.745155e-19,0.0095673548,5.8102479,-0.9861834,0.050000001,0.97290486,0.3809073,1.0944761e-22,5.8102498,-0.98618197,0
194,-0.03847095,-3.6457885e-20,9.4812754e-20,0.0066998405,5.8816104,-0.98610926,0.050000001,0.9580884,0.37462378,4.4840356e-23,5.8816099,-0.98610902,0
194,-0.034350485,3.4471321e-20,-8.505875e-20,0.0047859587,5.9529676,-0.98603535,0.050000001,0.94373041,0.3682293,-2.7470898e-23,5.95297,-0.98603803,0
194,-0.03063949,-6.7551795e-20,1.7319329e-19,0.0035230799,6.0243254,-0.98596501,0.050000001,0.92977166,0.36177233,5.1030409e-23,6.0243301,-0.98596698,0
194,-0.027307501,-6.8675611e-20,1.7175729e-19,0.002693315,6.0956893,-0.98589587,0.050000001,0.91614884,0.35528207,5.4159309e-23,6.0956898,-0.98589802,0
194,-0.024325721,-3.4430104e-20,8.3063131e-20,0.0021548655,6.1670599,-0.98582947,0.050000001,0.90279531,0.34877226,2.8235149e-23,6.1670599,-0.98583102,0
194,-0.021668157,-6.3016215e-20,1.6559118e-19,0.0018163078,6.2384276,-0.98576605,0.050000001,0.88964719,0.34224573,3.6423219e-23,6.23843,-0.98576498,0
194,-0.01931124,2.9804335e-20,-8.0157349e-20,0.0016127343,6.309792,-0.98570096,0.050000001,0.87664109,0.33569556,-1.2698373e-23,6.3097901,-0.98570001,0
194,-0.017233294,6.062472e-20,-1.6122323e-19,0.0015068067,6.3811603,-0.98563641,0.050000001,0.86371374,0.32910576,-2.802755e-23,6.3811598,-0.985636,0
194,-0.015415377,-2.582028e-20,7.9559388e-20,0.0014764308,6.4525299,-0.9855749,0.050000001,0.85080779,0.32245278,2.8356785e-24,6.4525299,-0.98557401,0
194,-0.013840955,6.4451412e-20,-1.5120531e-19,0.0015717057,6.5239019,-0.9855144,0.050000001,0.83786738,0.3157078,-3.8985298e-23,6.5239,-0.98551297,0
194,-0.012495917,1.1737655e-19,-3.0525648e-19,0.0020005456,6.5952783,-0.98545462,0.050000001,0.82483673,0.30884385,-4.9518389e-23,6.5952802,-0.98545301,0
194,-0.011368719,-5.7125914e-20,1.4937993e-19,0.0032560378,6.6666522,-0.98539478,0.050000001,0.81165534,0.30184701,2.3080314e-23,6.6666498,-0.985394,0
194,-0.010450411,-2.7441827e-20,7.8328136e-20,0.0061302851,6.7380257,-0.98533791,0.050000001,0.79824537,0.29473472,6.3912197e-24,6.73803,-0.98533702,0
194,-0.0097359521,3.2995839e-21,-3.3364088e-21,0.011472886,6.8093996,-0.98528183,0.050000001,0.78450507,0.28757074,-5.546311e-24,6.8094001,-0.98527998,0
194,-0.0092242975,-7.9743869e-20,2.1164999e-19,0.019581962,6.8807778,-0.98522455,0.050000001,0.77030826,0.28045359,2.9783008e-23,6.8807802,-0.98522502,0
194,-0.0089189587,-2.8755761e-20,6.6490606e-20,0.029354006,6.9521556,-0.98516935,0.050000001,0.7555359,0.27346408,1.9019765e-23,6.9521599,-0.98517102,0
194,-0.0088268071,-1.5288057e-20,3.143485e-20,0.0376307,7.0235319,-0.98511773,0.050000001,0.74013448,0.26656401,1.345906e-23,7.02353,-0.98511797,0
194,-0.0089549683,-1.3073671e-20,3.3494207e-20,0.039225232,7.0949097,-0.98506641,0.050000001,0.72419208,0.25948083,6.3149858e-24,7.0949101,-0.98506498,0
194,-0.0093054809,-2.3012707e-20,6.3578601e-20,0.028017811,7.1662922,-0.98501593,0.050000001,0.7080099,0.25162455,1.1136826e-23,7.1662898,-0.98501402,0
194,-0.0098686982,-1.1716092e-20,3.1470225e-20,-0.0011024837,7.2376781,-0.9849655,0.050000001,0.6921221,0.24209949,7.3524069e-24,7.23768,-0.98496401,0
194,-0.010617109,4.1466196e-20,-1.2511807e-19,-0.050202854,7.3090601,-0.98491549,0.050000001,0.67724812,0.22983545,-1.822651e-23,7.3090601,-0.984914,0
194,-0.011502713,8.4980206e-22,-8.5766533e-22,-0.1171545,7.3804421,-0.98486626,0.050000001,0.66417348,0.2138052,5.3115794e-25,7.3804402,-0.98486602,0
194,-0.012460115,-4.4988063e-20,1.5177682e-19,-0.19591129,7.451828,-0.98481983,0.050000001,0.65360653,0.19326359,2.9618319e-23,7.4518299,-0.98481899,0
194,-0.013414386,7.3288598e-21,-2.9120028e-20,-0.27807954,7.52321,-0.98477376,0.050000001,0.64605761,0.16792309,-9.38821e-24,7.52321,-0.98477203,0
194,-0.014292091,1.7317973e-20,-5.9856618e-20,-0.35510692,7.5945954,-0.98472559,0.050000001,0.64177483,0.13800061,-1.4288186e-23,7.5946002,-0.98472601,0
194,-0.015032466,-1.2273287e-20,8.9270876e-20,-0.4202005,7.6659842,-0.98468071,0.050000001,0.64075089,0.1041564,1.956231e-23,7.6659799,-0.98468101,0
194,-0.015595304,1.2506636e-22,-3.0059317e-20,-0.46932,7.73737,-0.98463875,0.050000001,0.64277864,0.06734217,-6.6804094e-24,7.73737,-0.98463702,0
194,-0.015964098,4.6275295e-21,-3.0432624e-20,-0.50112444,7.8087578,-0.98459435,0.050000001,0.64753067,0.028641753,5.2476142e-25,7.8087602,-0.98459399,0
194,-0.016145106,3.1813284e-21,1.2135501e-19,-0.51632154,7.8801503,-0.98455077,0.050000001,0.65462726,-0.010868434,3.3985283e-23,7.8801498,-0.98455203,0
194,-0.016162898,3.2459696e-24,3.4556028e-22,-0.51681775,7.9515405,-0.98450965,0.050000001,0.66368079,-0.050208408,3.8747288e-26,7.95154,-0.98451,0
194,-0.016089659,2.2764484e-22,-2.03439e-20,-0.50881082,7.999999,-0.98448199,0.050000001,0.67090333,-0.076228082,-4.6992973e-24,8,-0.98448217,0
194,-0.3453463,4.4941275e-20,-2.1071368e-19,1.8745202,0.99999875,-0.91797405,0.050000001,0.93800682,0.16604173,-5.6662372e-22,1,-0.91796678,0
194,-0.33866817,8.0289252e-20,-2.2427498e-19,1.8416705,1.0350188,-0.91772103,0.050000001,0.93246663,0.17527163,-5.8295165e-22,1.03502,-0.91771501,0
194,-0.32246411,5.8900339e-20,5.9475336e-22,1.7727004,1.1061282,-0.91727376,0.050000001,0.91898984,0.19259264,1.9875016e-23,1.10613,-0.91727,0
194,-0.3038049,-8.6241342e-21,3.7019992e-21,1.7028069,1.1772566,-0.91687715,0.050000001,0.90317309,0.20798673,-1.063497e-22,1.17726,-0.916875,0
194,-0.28297678,-1.923362e-19,6.3331729e-19,1.6335927,1.2483991,-0.91651893,0.050000001,0.88500971,0.22100076,1.8297136e-21,1.2484,-0.91651797,0
194,-0.26033822,-1.3978532e-19,5.1691313e-19,1.5668257,1.3195555,-0.91618907,0.050000001,0.86458009,0.23126671,1.3459624e-21,1.3195601,-0.91618901,0
194,-0.23630172,-6.8819101e-20,4.0782266e-19,1.5043635,1.3907177,-0.91588056,0.050000001,0.84203744,0.2385169,6.6238255e-22,1.39072,-0.91588098,0
194,-0.21130539,1.1167538e-20,6.214312e-20,1.4479876,1.4618878,-0.9155882,0.050000001,0.81757885,0.24259497,-2.5359636e-23,1.46189,-0.91558897,0
194,-0.18579242,1.1562517e-19,-4.9607893e-19,1.3994342,1.5330659,-0.91530842,0.050000001,0.79142261,0.24345432,-9.633216e-22,1.53307,-0.91531003,0
194,-0.16019376,1.1260604e-19,-4.562006e-19,1.3602781,1.6042504,-0.91503817,0.050000001,0.7637856,0.24115531,-7.7105491e-22,1.60425,-0.91504002,0
194,-0.13491127,8.0990953e-20,-2.6133502e-19,1.3318518,1.6754409,-0.91477633,0.050000001,0.73486042,0.23585324,-4.804641e-22,1.67544,-0.91477799,0
194,-0.11031102,-1.4759373e-19,3.2941517e-19,1.3151695,1.7466305,-0.91452199,0.050000001,0.70480442,0.22778332,6.1591932e-22,1.74663,-0.91452402,0
194,-0.086714193,-4.9432258e-20,1.6163166e-19,1.310645,1.8178259,-0.91427362,0.050000001,0.67372906,0.21724308,2.604257e-22,1.81783,-0.91427499,0
194,-0.064399108,-3.3719678e-20,8.7063913e-20,1.3176786,1.8890282,-0.91403085,0.050000001,0.64171976,0.20456541,5.2307406e-24,1.88903,-0.91403198,0
194,-0.04360006,-2.9704011e-20,-7.581215e-20,1.3341299,1.9602343,-0.91379344,0.050000001,0.60886616,0.19007941,1.388351e-22,1.96023,-0.91379499,0
194,-0.024506832,1.7456254e-19,-7.0681653e-19,1.3558738,2.031446,-0.91356105,0.050000001,0.57531667,0.17405768,-2.2182251e-22,2.03145,-0.913562,0
194,-0.0072710579,4.1737466e-20,-2.7814762e-19,1.3768622,2.1026602,-0.91333342,0.050000001,0.5413667,0.15665926,-1.3250296e-23,2.1026599,-0.91333503,0
194,0.007999042,-1.1273731e-19,3.2015617e-19,1.3899354,2.1738801,-0.91311055,0.050000001,0.50750488,0.13787906,-3.1993078e-23,2.1738801,-0.91311198,0
194,0.021235429,-4.7901958e-20,1.9548984e-20,1.3883662,2.2451062,-0.91289234,0.050000001,0.47444928,0.11754395,4.9727927e-23,2.24511,-0.912893,0
194,0.032410778,4.8543459e-20,-2.7488494e-19,1.3675976,2.3163323,-0.91267878,0.050000001,0.44310945,0.095360219,1.6428018e-22,2.31633,-0.91267997,0
194,0.041537784,6.578666e-21,4.1539501e-20,1.3264104,2.3875661,-0.91246909,0.050000001,0.41447711,0.071003072,-1.5646163e-23,2.3875699,-0.91246998,0
194,0.048645753,-2.1127905e-20,6.8483213e-20,1.2671641,2.4588046,-0.91226405,0.050000001,0.38952658,0.044236835,-5.1447303e-23,2.4588001,-0.912265,0
194,0.053814881,-1.3780583e-20,9.0612547e-21,1.1950762,2.5300448,-0.91206396,0.050000001,0.369041,0.015025605,-4.4520713e-23,2.53004,-0.91206503,0
194,0.057159614,1.2804639e-21,5.363053e-20,1.1169068,2.6012907,-0.9118675,0.050000001,0.35354257,-0.016443852,-8.7528213e-23,2.60129,-0.91186798,0
194,0.058777757,9.6356654e-21,6.5826694e-21,1.0395138,2.6725409,-0.91167533,0.050000001,0.34336323,-0.049800064,-1.7109114e-23,2.6725399,-0.91167599,0
194,0.05876283,-5.0181694e-20,-1.9194177e-19,0.96883619,2.7437906,-0.91148728,0.050000001,0.33862817,-0.084484465,2.9276938e-22,2.7437899,-0.911488,0
194,0.057203818,-3.2643281e-20,-1.3486204e-19,0.90949339,2.8150444,-0.91130304,0.050000001,0.33925802,-0.11979637,2.0466072e-22,2.8150401,-0.911304,0
194,0.054178238,2.2350281e-20,5.2150054e-20,0.86474216,2.8863044,-0.91112292,0.050000001,0.34504858,-0.1549665,-8.8444573e-23,2.8863001,-0.91112399,0
194,0.049744885,-1.1860054e-19,-2.2672757e-19,0.83662206,2.9575679,-0.91094625,0.050000001,0.35572171,-0.18919668,2.423365e-22,2.9575701,-0.91094702,0
194,0.043944038,1.0795163e-20,-2.6740944e-21,0.82612783,3.0288346,-0.91077363,0.050000001,0.37096781,-0.22169083,2.2293872e-23,3.0288301,-0.91077501,0
194,0.036797546,1.2689557e-19,2.3253065e-19,0.83338439,3.1001046,-0.91060507,0.050000001,0.39047551,-0.25168231,-2.1606004e-22,3.1001,-0.91060603,0
194,0.028315162,4.7155676e-20,1.0948158e-19,0.85776341,3.1713805,-0.91043943,0.050000001,0.41395199,-0.27843311,-4.5619583e-23,3.17138,-0.91044003,0
194,0.01850279,-3.9155842e-20,-3.8067689e-20,0.8979575,3.242661,-0.91027743,0.050000001,0.44112697,-0.30123863,-2.8053976e-23,3.24266,-0.91027802,0
194,0.0073707635,6.8193674e-20,7.4889359e-20,0.95207196,3.313941,-0.91011947,0.050000001,0.47174314,-0.31943887,1.1330867e-23,3.31394,-0.91012001,0
194,-0.0050528818,9.6203109e-20,1.0096648e-19,1.0176085,3.3852203,-0.9099645,0.050000001,0.50553995,-0.3324267,-3.7703449e-23,3.3852201,-0.90996498,0
194,-0.018707572,-7.4207184e-22,4.5245644e-22,1.0915228,3.456506,-0.90981263,0.050000001,0.54223055,-0.33966649,1.5148511e-26,3.4565101,-0.90981299,0
194,-0.033485223,-1.8435861e-20,-9.0665826e-20,1.1703082,3.5277944,-0.90966451,0.050000001,0.58147514,-0.34072077,-7.4125883e-23,3.5277901,-0.90966499,0
194,-0.049221754,-4.1559968e-20,-1.437327e-19,1.250205,3.5990882,-0.90951949,0.050000001,0.62286544,-0.33528662,-5.8605303e-23,3.5990901,-0.90951997,0
194,-0.065684974,-1.4782448e-19,-3.2557454e-19,1.3274413,3.6703823,-0.9093768,0.050000001,0.66590559,-0.32322776,-3.4961709e-22,3.6703801,-0.90937698,0
194,-0.082580388,-6.888713e-20,-1.2158115e-19,1.3984392,3.7416801,-0.90923738,0.050000001,0.7100383,-0.30459484,-9.7652195e-23,3.7416799,-0.90923798,0
194,-0.099555776,1.4105179e-20,-2.7073746e-20,1.4601622,3.8129823,-0.90910143,0.050000001,0.75464928,-0.2796388,-6.7704839e-23,3.8129799,-0.90910202,0
194,-0.11621802,-1.0781298e-19,-2.8287488e-19,1.5102808,3.8842881,-0.90896845,0.050000001,0.7991001,-0.24880101,-3.6645679e-22,3.88429,-0.90896899,0
194,-0.13215199,8.4601884e-21,8.0232041e-20,1.5472158,3.9555919,-0.90883803,0.050000001,0.84276271,-0.21268719,1.2057778e-22,3.95559,-0.90883797,0
194,-0.14694828,5.4187965e-20,2.2972052e-19,1.5701691,4.0268998,-0.90871066,0.050000001,0.88505805,-0.17202112,4.0917763e-22,4.0268998,-0.90871102,0
194,-0.16022199,1.3433954e-20,-1.3715139e-20,1.5789596,4.0982099,-0.90858585,0.050000001,0.92546487,-0.12760893,2.8412401e-25,4.0982099,-0.90858603,0
194,-0.17163464,-7.1909452e-21,-8.3984572e-20,1.5737547,4.1695256,-0.90846366,0.050000001,0.96354073,-0.080293536,-1.378001e-22,4.1695299,-0.90846401,0
194,-0.18090799,1.5147207e-20,8.5542696e-20,1.5545526,4.2408447,-0.90834385,0.050000001,0.99890804,-0.030935625,1.4833562e-22,4.24084,-0.90834397,0
194,-0.18783553,-2.1062266e-21,-2.1873897e-21,1.5210375,4.3121624,-0.90822661,0.050000001,1.0312407,0.019600926,0,4.31216,-0.90822703,0
194,-0.19228983,-3.8076652e-20,3.116953e-19,1.4726557,4.383482,-0.90811205,0.050000001,1.0602365,0.070438676,4.5986032e-22,4.3834801,-0.90811199,0
194,-0.19422884,-2.2397416e-20,2.129506e-19,1.4086993,4.4548082,-0.90799981,0.050000001,1.0856045,0.12068662,3.02372e-22,4.4548101,-0.90799999,0
194,-0.19369438,-9.2418022e-21,2.3527478e-23,1.328683,4.5261321,-0.90788978,0.050000001,1.1070517,0.16942604,7.6367991e-24,4.5261302,-0.90789002,0
194,-0.19081117,-3.1767522e-20,1.1146873e-19,1.2328204,4.5974603,-0.90778267,0.050000001,1.1242993,0.21573459,1.4432942e-22,4.5974598,-0.90778297,0
194,-0.18578723,4.3831735e-20,-1.9727977e-19,1.1225423,4.6687903,-0.90767723,0.050000001,1.1371192,0.25871104,-3.3641219e-22,4.6687899,-0.90767699,0
194,-0.17890278,2.5263117e-20,-1.0080784e-19,1.0008303,4.7401223,-0.90757382,0.050000001,1.1453792,0.29753929,-1.7452239e-22,4.7401199,-0.907574,0
194,-0.17049371,2.5136147e-21,2.7864886e-23,0.87210727,4.8114581,-0.90747285,0.050000001,1.1490718,0.331561,5.2243994e-24,4.81146,-0.90747303,0
194,-0.16093042,-4.2558262e-20,1.0759905e-19,0.74176043,4.882792,-0.90737402,0.050000001,1.1483667,0.36033911,1.1139891e-22,4.8827901,-0.90737402,0
194,-0.15058984,7.4248714e-20,-2.0825701e-19,0.61529297,4.9541297,-0.90727741,0.050000001,1.1436144,0.38370559,-2.3117956e-22,4.9541302,-0.907278,0
194,-0.13983113,7.2324692e-20,-2.1216265e-19,0.49764383,5.0254698,-0.90718257,0.050000001,1.1353095,0.40175995,-2.5852433e-22,5.0254698,-0.90718299,0
194,-0.12897389,-7.1661771e-20,2.1153284e-19,0.39263552,5.0968099,-0.90708977,0.050000001,1.1240571,0.41484159,2.2180686e-22,5.0968099,-0.90709001,0
194,-0.11828323,-1.1778161e-19,3.0645398e-19,0.3024604,5.1681542,-0.90699905,0.050000001,1.1105072,0.42347142,2.8020029e-22,5.1681499,-0.90699899,0
194,-0.1079635,-1.1874064e-19,3.0742946e-19,0.22776836,5.2395024,-0.90690982,0.050000001,1.0953046,0.42827761,2.7941935e-22,5.2395,-0.90691,0
194,-0.09816277,1.4297964e-21,4.5501659e-21,0.16795252,5.3108478,-0.90682286,0.050000001,1.0790372,0.42992446,-6.6188404e-24,5.3108501,-0.90682298,0
194,-0.088975444,8.8416601e-22,2.5462029e-21,0.12150505,5.382194,-0.90673786,0.050000001,1.0621976,0.42905623,-6.1236779e-24,5.3821902,-0.90673798,0
194,-0.08045096,9.8815236e-22,6.1216222e-22,0.086452477,5.4535484,-0.906654,0.050000001,1.0451797,0.42625597,-5.1234378e-24,5.4535499,-0.906654,0
194,-0.072607592,-3.8316767e-20,9.2749862e-20,0.060662318,5.5248981,-0.90657175,0.050000001,1.0282773,0.42202377,5.6496268e-23,5.5249,-0.90657198,0
194,-0.065438285,-4.0122318e-20,9.2118303e-20,0.042074099,5.5962477,-0.90649134,0.050000001,1.0116885,0.4167693,6.1271754e-23,5.5962501,-0.90649199,0
194,-0.058919713,3.5545356e-20,-9.2226121e-20,0.028943794,5.6676059,-0.90641278,0.050000001,0.99553424,0.4108153,-4.2612919e-23,5.6676102,-0.90641302,0
194,-0.053019416,-3.4970563e-21,-1.9879719e-21,0.019848086,5.7389622,-0.90633601,0.050000001,0.97987354,0.40440843,7.9493356e-24,5.7389598,-0.90633601,0
194,-0.047698777,-1.1382571e-19,2.6846625e-19,0.013622302,5.8103223,-0.90626085,0.050000001,0.96471626,0.39773056,1.2918169e-22,5.8103199,-0.90626103,0
194,-0.042917673,-7.6089734e-20,1.7702101e-19,0.0094142938,5.8816824,-0.90618688,0.050000001,0.95004201,0.39091229,8.2698087e-23,5.88168,-0.906187,0
194,-0.038635869,3.3309478e-20,-8.6895188e-20,0.0065959194,5.9530401,-0.90611398,0.050000001,0.93580824,0.3840428,-2.6858969e-23,5.9530401,-0.90611398,0
194,-0.034814663,6.6791765e-20,-1.7176806e-19,0.0047234418,6.0243998,-0.90604299,0.050000001,0.92195851,0.37717956,-4.8433157e-23,6.0244002,-0.90604299,0
194,-0.031417649,-5.0836634e-21,-2.0749301e-21,0.0034961896,6.0957618,-0.90597367,0.050000001,0.90842813,0.37035683,1.3120701e-23,6.0957599,-0.90597397,0
194,-0.028411133,-1.7067423e-19,4.1346874e-19,0.002699302,6.16713,-0.90590525,0.050000001,0.89514792,0.3635903,1.211451e-22,6.16713,-0.90590501,0
194,-0.025764899,-1.3353961e-19,3.2963752e-19,0.0021972258,6.2384958,-0.90583819,0.050000001,0.8820501,0.35688195,8.8416767e-23,6.2385001,-0.90583801,0
194,-0.023451738,3.2450234e-20,-8.0481068e-20,0.0018889457,6.3098598,-0.90577281,0.050000001,0.86906683,0.35022298,-2.064948e-23,6.3098602,-0.90577298,0
194,-0.021447182,3.1143544e-20,-8.028511e-20,0.0017075976,6.3812299,-0.90570867,0.050000001,0.8561303,0.34359446,-1.6341987e-23,6.3812299,-0.90570903,0
194,-0.019730091,-6.1597807e-20,1.5502303e-19,0.0016514772,6.4526,-0.90564519,0.050000001,0.84317678,0.33697027,3.1678792e-23,6.4526,-0.90564501,0
194,-0.018282143,-3.2757299e-20,7.7378539e-20,0.0018293597,6.5239697,-0.90558362,0.050000001,0.83014452,0.33032078,2.2247083e-23,6.5239701,-0.90558398,0
194,-0.017087977,2.7285706e-20,-7.6495259e-20,0.0025905557,6.5953417,-0.90552306,0.050000001,0.81696838,0.32362381,-6.0742416e-24,6.5953398,-0.905523,0
194,-0.016135428,-8.5395445e-20,2.2445923e-19,0.0045988648,6.6667156,-0.9054637,0.050000001,0.8035717,0.31688043,3.2195342e-23,6.6667199,-0.90546399,0
194,-0.015416076,-5.626677e-20,1.4973914e-19,0.0087291319,6.7380877,-0.90540498,0.050000001,0.78985703,0.31013495,2.0506141e-23,6.73809,-0.90540498,0
194,-0.014925626,2.8037994e-20,-7.3466996e-20,0.015608569,6.8094616,-0.90534776,0.050000001,0.7756992,0.30347574,-1.0743604e-23,6.8094602,-0.905348,0
194,-0.014664836,-3.511645e-21,-1.8246578e-21,0.024780551,6.8808398,-0.9052918,0.050000001,0.76096284,0.29700074,9.7066124e-24,6.8808398,-0.90529197,0
194,-0.014639127,3.6445791e-20,-1.0335734e-19,0.033844315,6.95222,-0.90523696,0.050000001,0.74555159,0.29073086,-9.0770122e-24,6.95222,-0.90523702,0
194,-0.014856121,4.0182728e-20,-1.0075298e-19,0.038149521,7.0235982,-0.9051832,0.050000001,0.7294814,0.28448489,-2.1967348e-23,7.0236001,-0.90518302,0
194,-0.015320631,4.9545514e-22,8.1895056e-22,0.031483099,7.0949721,-0.90513027,0.050000001,0.71296012,0.27776685,-3.1585204e-24,7.0949702,-0.90513003,0
194,-0.016027655,-5.9457555e-20,1.5869708e-19,0.0077881003,7.1663523,-0.90507823,0.050000001,0.69643104,0.26972744,3.2535104e-23,7.1663499,-0.90507799,0
194,-0.016954904,-1.1321293e-20,3.2995437e-20,-0.0365959,7.2377386,-0.90502745,0.050000001,0.68055695,0.25925255,3.9929003e-24,7.23774,-0.90502697,0
194,-0.018057333,7.0077779e-20,-1.8745057e-19,-0.10121419,7.3091202,-0.90497792,0.050000001,0.66612613,0.24516784,-4.456563e-23,7.3091202,-0.90497798,0
194,-0.019267179,2.1842883e-20,-6.1722259e-20,-0.18114412,7.3804998,-0.90492845,0.050000001,0.65390688,0.22649883,-1.5995277e-23,7.3804998,-0.90492803,0
194,-0.020500071,-2.5000369e-20,8.8770981e-20,-0.2682339,7.4518819,-0.90488023,0.050000001,0.64451194,0.20269708,2.7310134e-23,7.45188,-0.90487999,0
194,-0.021666965,-1.8694017e-21,-5.0433913e-23,-0.3533127,7.5232677,-0.90483302,0.050000001,0.63830733,0.17375195,6.7629953e-24,7.5232701,-0.90483302,0
194,-0.0226868,2.8452687e-20,-1.1839563e-19,-0.42836723,7.5946522,-0.90478659,0.050000001,0.63539338,0.140172,-3.4176285e-23,7.5946498,-0.904787,0
194,-0.023497501,5.5616708e-21,-2.9240838e-20,-0.48801199,7.6660399,-0.90474099,0.050000001,0.63564742,0.10284879,-1.3675039e-23,7.6660399,-0.90474099,0
194,-0.024062419,4.0016894e-21,-1.1970251e-19,-0.5298034,7.7374282,-0.90469664,0.050000001,0.63879746,0.062888175,-4.132131e-23,7.7374301,-0.904697,0
194,-0.024371851,-4.8240372e-22,2.9528364e-20,-0.55372089,7.8088117,-0.90465283,0.050000001,0.64449537,0.021450076,6.8380861e-24,7.8088102,-0.90465301,0
194,-0.024440005,-4.4646985e-21,1.8053389e-19,-0.56128693,7.8801999,-0.90460986,0.050000001,0.65237141,-0.020374754,4.7917355e-23,7.8801999,-0.90460998,0
194,-0.024300002,-3.0902985e-21,1.0069812e-23,-0.55475533,7.9515901,-0.90456742,0.050000001,0.66206169,-0.061618857,-7.0430598e-24,7.9515901,-0.904567,0
194,-0.02409517,-7.4026849e-21,-4.2337091e-20,-0.54243231,8,-0.90453923,0.050000001,0.6696282,-0.088640071,-1.6031381e-23,8,-0.90453917,0
194,-0.36753133,-1.7506479e-19,6.9475215e-19,2.2129831,1.0000004,-0.83821827,0.050000001,0.79390931,0.17532195,2.9805929e-21,1,-0.83821028,0
194,-0.3609882,-3.1961142e-19,1.2890614e-18,2.1795139,1.0351819,-0.83794576,0.050000001,0.79059273,0.18595222,5.3256481e-21,1.03518,-0.83793902,0
194,-0.34479985,-3.6226592e-19,1.2871271e-18,2.1075702,1.1062846,-0.83747226,0.050000001,0.78124982,0.20619375,5.3277544e-21,1.10629,-0.83746803,0
194,-0.32584393,-1.0949538e-19,2.4389922e-19,2.0323913,1.177405,-0.83705717,0.050000001,0.76910025,0.22457166,1.1756659e-21,1.17741,-0.83705503,0
194,-0.30443418,7.6822545e-20,-3.0393966e-19,1.9556496,1.2485416,-0.83668494,0.050000001,0.75409031,0.24052759,-9.1600802e-22,1.24854,-0.83668399,0
194,-0.28097367,1.7377103e-19,-6.0952142e-19,1.8794104,1.3196921,-0.83634484,0.050000001,0.73626173,0.25360671,-1.8699504e-21,1.31969,-0.83634502,0
194,-0.25593314,-4.6234275e-20,1.2538585e-19,1.8059981,1.3908497,-0.8360287,0.050000001,0.71573246,0.26347688,3.7336986e-22,1.3908499,-0.83602899,0
194,-0.22981815,-4.1633567e-20,1.5444714e-19,1.7378026,1.4620154,-0.83573103,0.050000001,0.6926741,0.26994354,4.1773956e-22,1.46202,-0.83573198,0
194,-0.20314151,1.2151334e-19,-1.8906008e-19,1.6771048,1.5331899,-0.8354466,0.050000001,0.66728085,0.27295125,-7.9137855e-22,1.53319,-0.83544803,0
194,-0.17639776,2.1855099e-19,-4.1836061e-19,1.6258497,1.6043723,-0.83517253,0.050000001,0.63974893,0.27257603,-1.2143957e-21,1.60437,-0.83517402,0
194,-0.15004796,1.83127e-19,-5.2657806e-19,1.5853895,1.6755604,-0.83490819,0.050000001,0.61026186,0.26900649,-8.938258e-22,1.67556,-0.83490998,0
194,-0.12450852,9.2547552e-20,-1.9860498e-19,1.5561413,1.7467502,-0.83465123,0.050000001,0.57898557,0.2625179,-3.4380477e-22,1.74675,-0.83465302,0
194,-0.10013986,1.8768426e-19,-3.9423994e-19,1.5370685,1.8179443,-0.83440059,0.050000001,0.54608172,0.25343263,-6.1883207e-22,1.81794,-0.83440202,0
194,-0.077245936,-3.2769733e-20,8.5005319e-20,1.5251806,1.8891462,-0.8341558,0.050000001,0.51174992,0.24206457,1.20998e-23,1.88915,-0.83415699,0
194,-0.056078982,-1.2275279e-19,3.142553e-19,1.5153548,1.9603503,-0.8339166,0.050000001,0.47629976,0.22865222,3.2405353e-22,1.96035,-0.83391798,0
194,-0.036832277,7.2106756e-20,-1.8720931e-19,1.5007733,2.0315604,-0.83368284,0.050000001,0.44020909,0.21328731,-1.0234336e-22,2.0315599,-0.83368403,0
194,-0.019647099,4.8490911e-21,2.5436649e-20,1.4741691,2.1027722,-0.83345377,0.050000001,0.4041791,0.19587709,-2.6213592e-23,2.1027701,-0.83345503,0
194,-0.0046085659,-3.3784748e-20,8.7999454e-20,1.4295932,2.1739898,-0.83322984,0.050000001,0.36912081,0.17615208,2.0252374e-23,2.17399,-0.83323097,0
194,0.0082511604,4.6310621e-20,-1.3061373e-19,1.364044,2.2452161,-0.8330102,0.050000001,0.3360877,0.15374096,6.4619882e-23,2.2452199,-0.83301097,0
194,0.018950295,3.5285234e-20,-1.4961329e-19,1.2782828,2.3164423,-0.8327952,0.050000001,0.30615872,0.12828712,1.0924122e-22,2.3164401,-0.83279598,0
194,0.027555605,-1.5937305e-20,-1.3897783e-20,1.176494,2.3876722,-0.83258498,0.050000001,0.28029862,0.099559046,5.6407751e-23,2.38767,-0.83258599,0
194,0.034169625,-1.3684942e-20,1.0210681e-19,1.0651135,2.4589102,-0.83237892,0.050000001,0.2592656,0.067543343,-1.0088252e-22,2.45891,-0.83238,0
194,0.038930126,-1.5525926e-20,1.3013452e-19,0.95138943,2.5301504,-0.8321771,0.050000001,0.24355213,0.032467995,-1.6302114e-22,2.5301499,-0.832178,0
194,0.041972954,-3.0424474e-21,6.1511748e-20,0.84219301,2.6013947,-0.83197993,0.050000001,0.23336032,-0.0051770345,-1.0759858e-22,2.6013899,-0.831981,0
194,0.043432098,2.3739378e-20,5.1054996e-20,0.74332678,2.6726449,-0.83178717,0.050000001,0.22866242,-0.044737514,-9.27896e-23,2.6726401,-0.831788,0
194,0.043439887,-2.0066017e-20,-8.0994592e-20,0.65927607,2.7438948,-0.8315981,0.050000001,0.22929372,-0.085469291,1.4373376e-22,2.74389,-0.831599,0
194,0.042098586,-3.2836783e-20,-6.8163011e-20,0.59323287,2.8151481,-0.83141267,0.050000001,0.23496649,-0.12653975,1.1686649e-22,2.81515,-0.83141398,0
194,0.039490782,5.5390444e-20,1.185815e-19,0.54723346,2.8864059,-0.83123124,0.050000001,0.24530026,-0.16709808,-1.7766645e-22,2.88641,-0.83123201,0
194,0.035672884,3.6064299e-21,2.2654058e-20,0.52233785,2.9576681,-0.83105403,0.050000001,0.25988778,-0.20631789,-4.8905429e-23,2.95767,-0.83105499,0
194,0.030671848,-5.3500132e-20,-4.0675618e-20,0.51882356,3.0289345,-0.83088034,0.050000001,0.27833885,-0.2434182,1.5561171e-23,3.0289299,-0.830881,0
194,0.024488332,-9.3372511e-21,1.8628668e-20,0.53632975,3.1002045,-0.83071107,0.050000001,0.30031627,-0.27766964,-5.070932e-23,3.1001999,-0.83071202,0
194,0.017101789,5.01288e-23,-3.8007147e-22,0.57397789,3.1714783,-0.83054465,0.050000001,0.32554895,-0.30838311,0,3.1714799,-0.83054501,0
194,0.0084788557,-3.1261029e-20,-3.927185e-20,0.63041174,3.2427545,-0.83038205,0.050000001,0.35383779,-0.3348991,3.484853e-24,3.2427499,-0.830383,0
194,-0.0014187139,-1.3590279e-19,-1.5177053e-19,0.70373267,3.3140347,-0.83022326,0.050000001,0.38504496,-0.35658649,-2.9612399e-23,3.3140299,-0.83022398,0
194,-0.012617396,-1.823388e-19,-1.811866e-19,0.79140979,3.3853142,-0.83006752,0.050000001,0.41906351,-0.3728328,-8.23651e-23,3.3853099,-0.83006799,0
194,-0.025116662,-7.8912197e-20,-6.9900471e-20,0.89022624,3.4566,-0.82991463,0.050000001,0.45578328,-0.38306105,-4.9264859e-23,3.4566,-0.82991499,0
194,-0.038871154,1.3413567e-19,2.100467e-19,0.99634463,3.5278902,-0.82976568,0.050000001,0.49504316,-0.38676035,1.6024137e-22,3.52789,-0.82976598,0
194,-0.05377467,1.2968863e-19,2.3036517e-19,1.1053822,3.59918,-0.82961994,0.050000001,0.53659606,-0.38353109,1.8301346e-22,3.59918,-0.82962,0
194,-0.069646433,-1.6820387e-19,-2.6754632e-19,1.21267,3.670476,-0.82947665,0.050000001,0.58008629,-0.3731319,-2.8049869e-22,3.67048,-0.82947701,0
194,-0.086224705,-1.8294624e-19,-3.7156612e-19,1.3136859,3.7417748,-0.8293364,0.050000001,0.62503946,-0.35552603,-3.638586e-22,3.74177,-0.829337,0
194,-0.10317373,-5.5262134e-20,-1.3744401e-19,1.4043508,3.8130746,-0.82919943,0.050000001,0.67088848,-0.33090094,-1.5296819e-22,3.8130701,-0.82920003,0
194,-0.12009463,-5.8466431e-20,-1.2034708e-19,1.4813727,3.8843782,-0.82906544,0.050000001,0.71699715,-0.29967341,-1.9019045e-22,3.8843801,-0.82906598,0
194,-0.13654754,-8.3134876e-20,-1.9384974e-19,1.5425423,3.955682,-0.82893419,0.050000001,0.76270062,-0.26247019,-3.5139414e-22,3.9556799,-0.82893503,0
194,-0.15208235,-7.1292791e-20,-1.1866504e-19,1.5867083,4.0269899,-0.8288058,0.050000001,0.80736238,-0.22007161,-2.5736879e-22,4.0269899,-0.82880598,0
194,-0.16626279,-1.4589941e-20,-9.4003874e-20,1.6136715,4.0982995,-0.82868046,0.050000001,0.85039812,-0.17336492,-1.4864362e-22,4.0983,-0.82868099,0
194,-0.17869447,5.0389995e-20,4.0847435e-19,1.6239922,4.1696119,-0.82855749,0.050000001,0.89130366,-0.12328618,7.8347469e-22,4.16961,-0.82855803,0
194,-0.18904407,4.3081909e-20,4.3259928e-19,1.6184901,4.2409301,-0.82843709,0.050000001,0.92966914,-0.07077273,7.6423052e-22,4.2409301,-0.82843697,0
194,-0.19704686,-6.6087955e-21,-1.6618503e-19,1.5977826,4.3122482,-0.82831883,0.050000001,0.96516031,-0.01674775,-3.3614085e-22,4.3122501,-0.82831901,0
194,-0.20252411,3.045321e-21,-9.6153917e-20,1.5620428,4.3835678,-0.82820344,0.050000001,0.99749529,0.037882138,-1.7709658e-22,4.3835702,-0.82820398,0
194,-0.20539531,-2.7264996e-21,8.6995063e-20,1.5109779,4.4548922,-0.82809067,0.050000001,1.0264205,0.09222123,1.7324009e-22,4.4548898,-0.82809103,0
194,-0.20565584,-5.5874281e-21,8.9006288e-20,1.443887,4.5262184,-0.8279798,0.050000001,1.0516846,0.14536053,1.9409049e-22,4.5262198,-0.82797998,0
194,-0.20338443,4.894344e-20,-2.9561913e-19,1.3601086,4.5975423,-0.82787168,0.050000001,1.0730242,0.1963599,-4.9735022e-22,4.5975399,-0.82787198,0
194,-0.19875717,1.0959222e-19,-5.0457811e-19,1.2597907,4.6688724,-0.82776564,0.050000001,1.0901895,0.24427469,-8.3495704e-22,4.66887,-0.827766,0
194,-0.19203354,-2.5116502e-20,9.2444801e-20,1.1445049,4.7402043,-0.82766163,0.050000001,1.1029717,0.28818589,1.5941193e-22,4.7402,-0.82766199,0
194,-0.18354391,-2.2475103e-20,9.2270046e-20,1.0174752,4.8115382,-0.82755983,0.050000001,1.1112444,0.32728133,1.9477765e-22,4.8115401,-0.82756001,0
194,-0.17366958,-1.094551e-20,-7.1273985e-21,0.88349354,4.8828721,-0.82746023,0.050000001,1.1150244,0.36093405,-4.7696814e-24,4.8828702,-0.82745999,0
194,-0.16281632,5.6655478e-21,-4.2933893e-21,0.74833894,4.9542103,-0.8273629,0.050000001,1.1145093,0.38878062,3.7558804e-23,4.9542098,-0.82736301,0
194,-0.15138583,7.9738583e-20,-2.129577e-19,0.61789769,5.0255504,-0.82726699,0.050000001,1.1100668,0.41075251,-2.1298257e-22,5.0255499,-0.82726699,0
194,-0.13974752,3.9013885e-21,-1.0099716e-21,0.497338,5.0968904,-0.82717341,0.050000001,1.1022021,0.4270753,2.0622933e-23,5.09689,-0.82717401,0
194,-0.12821889,-8.1539245e-20,2.0776608e-19,0.39040038,5.1682324,-0.8270818,0.050000001,1.0915246,0.43822086,1.7915604e-22,5.1682301,-0.82708198,0
194,-0.11705232,1.6329415e-21,7.1808648e-21,0.29918924,5.2395778,-0.82699203,0.050000001,1.0786821,0.44483182,-5.936284e-24,5.2395802,-0.82699198,0
194,-0.10643442,8.422638e-20,-1.9847254e-19,0.22418025,5.3109221,-0.826904,0.050000001,1.0643023,0.44763908,-1.9257787e-22,5.3109198,-0.826904,0
194,-0.096487008,4.1534451e-20,-9.6033937e-20,0.16451097,5.3822699,-0.82681805,0.050000001,1.0489447,0.44738773,-7.4950312e-23,5.3822699,-0.82681799,0
194,-0.087278649,4.0154106e-20,-9.659907e-20,0.11848338,5.45362,-0.82673389,0.050000001,1.0330747,0.444776,-6.2850839e-23,5.45362,-0.82673401,0
194,-0.07883665,-8.164135e-20,1.8727038e-19,0.083938487,5.5249701,-0.82665104,0.050000001,1.0170574,0.440418,1.3196328e-22,5.5249701,-0.82665098,0
194,-0.071156554,-1.2298618e-19,2.7850874e-19,0.058654092,5.5963221,-0.8265698,0.050000001,1.001158,0.43482658,1.7860082e-22,5.5963202,-0.82656997,0
194,-0.064212888,7.5202104e-20,-1.8158937e-19,0.040542558,5.6676779,-0.8264904,0.050000001,0.9855513,0.42841098,-9.2746168e-23,5.6676798,-0.826491,0
194,-0.057968214,7.9471759e-20,-1.8192625e-19,0.027821602,5.7390318,-0.8264128,0.050000001,0.97033405,0.42148536,-1.055076e-22,5.7390299,-0.82641298,0
194,-0.05237693,-7.9726136e-20,1.7672429e-19,0.019032704,5.8103924,-0.82633686,0.050000001,0.95554769,0.41428131,9.5575478e-23,5.81039,-0.82633698,0
194,-0.047391597,-3.7072322e-20,8.8871245e-20,0.013049152,5.8817525,-0.826262,0.050000001,0.94119173,0.40696481,3.8216802e-23,5.8817501,-0.826262,0
194,-0.042964887,3.7116172e-20,-8.493729e-20,0.0090218605,5.9531097,-0.82618886,0.050000001,0.92723596,0.39964902,-3.49753e-23,5.9531102,-0.82618898,0
194,-0.039051533,-7.8278299e-20,1.6493475e-19,0.0063373037,6.0244722,-0.82611704,0.050000001,0.9136312,0.39240578,7.9613326e-23,6.0244699,-0.82611698,0
194,-0.035609152,-5.1533546e-21,3.8355206e-21,0.0045707854,6.0958347,-0.82604688,0.050000001,0.90031528,0.38527736,1.5442531e-23,6.09583,-0.826047,0
194,-0.03259901,1.4299568e-19,-3.2885509e-19,0.0034191206,6.1671982,-0.82597786,0.050000001,0.88721937,0.37828299,-1.2122448e-22,6.1672001,-0.82597798,0
194,-0.029986631,3.7789349e-20,-8.1053218e-20,0.0026860342,6.2385621,-0.82591003,0.050000001,0.87427354,0.37142554,-3.5913035e-23,6.2385602,-0.82590997,0
194,-0.027741008,1.0151002e-19,-2.3815008e-19,0.0022290852,6.3099303,-0.82584381,0.050000001,0.86140621,0.36469522,-6.9767168e-23,6.3099298,-0.82584399,0
194,-0.025835093,6.8530473e-20,-1.5882935e-19,0.0019593772,6.3812981,-0.82577884,0.050000001,0.84854716,0.35807094,-4.8523639e-23,6.3813,-0.82577902,0
194,-0.024245571,-9.515635e-20,2.3494543e-19,0.001897417,6.4526682,-0.82571501,0.050000001,0.83562714,0.35152492,5.2705286e-23,6.4526701,-0.82571501,0
194,-0.022952614,-9.3533887e-20,2.3226991e-19,0.0022388061,6.5240407,-0.8256529,0.050000001,0.82257742,0.3450304,4.8921184e-23,6.5240402,-0.82565302,0
194,-0.021939965,-3.0692999e-20,7.6826454e-20,0.0034949838,6.5954103,-0.82559121,0.050000001,0.80932117,0.33857474,1.4719154e-23,6.5954099,-0.82559103,0
194,-0.021195289,3.1624637e-20,-7.2464395e-20,0.0064867721,6.6667776,-0.82553101,0.050000001,0.79576468,0.33218125,-2.2041252e-23,6.66678,-0.82553101,0
194,-0.020710833,-2.7912114e-20,7.1104355e-20,0.01201825,6.7381496,-0.82547224,0.050000001,0.78178811,0.32592142,1.2603524e-23,6.7381501,-0.825472,0
194,-0.020484021,-1.0091281e-21,2.9933118e-21,0.020200172,6.8095284,-0.82541418,0.050000001,0.76724964,0.31989837,1.0878995e-25,6.8095298,-0.825414,0
194,-0.0205178,5.539025e-20,-1.4273901e-19,0.029491771,6.8809023,-0.82535762,0.050000001,0.75202239,0.31417999,-2.4144511e-23,6.8808999,-0.82535797,0
194,-0.020819208,2.1740961e-20,-7.1107631e-20,0.036039427,6.95228,-0.825302,0.050000001,0.73605549,0.30867797,3.776601e-24,6.95228,-0.825302,0
194,-0.021395255,3.9963632e-20,-1.0172824e-19,0.033890851,7.0236583,-0.82524765,0.050000001,0.71946067,0.30301538,-1.8630425e-23,7.0236602,-0.825248,0
194,-0.022246275,1.4980609e-20,-3.2905684e-20,0.016367162,7.0950322,-0.82519382,0.050000001,0.7025764,0.29644051,-1.2013491e-23,7.0950298,-0.825194,0
194,-0.02335698,-3.8770692e-20,9.3370887e-20,-0.021685833,7.16641,-0.82514101,0.050000001,0.68597925,0.28785396,3.0887454e-23,7.16641,-0.82514101,0
194,-0.024688618,-2.6927496e-20,6.0615905e-20,-0.081749193,7.237792,-0.82508987,0.050000001,0.67042273,0.27597931,3.1709678e-23,7.2377901,-0.82508999,0
194,-0.026175752,2.5498947e-20,-6.287405e-20,-0.16060802,7.3091741,-0.82503945,0.050000001,0.65670878,0.25962573,-1.6895141e-23,7.3091698,-0.82503903,0
194,-0.027729344,1.4573749e-20,-3.0934445e-20,-0.25092304,7.380558,-0.82498986,0.050000001,0.64553857,0.2379581,-1.3603346e-23,7.3805599,-0.82498997,0
194,-0.02924672,-4.9577429e-21,2.8086087e-20,-0.34323502,7.4519401,-0.8249408,0.050000001,0.63739914,0.21068411,2.2125737e-23,7.4519401,-0.82494098,0
194,-0.030625997,3.3148952e-21,3.4895324e-22,-0.4284443,7.5233221,-0.82489306,0.050000001,0.63251317,0.17808564,-2.4728172e-24,7.5233202,-0.824893,0
194,-0.03178037,1.8590012e-20,-8.789375e-20,-0.49968502,7.594708,-0.82484603,0.050000001,0.63085866,0.14092688,-4.407558e-23,7.5947099,-0.82484603,0
194,-0.032647748,3.1652884e-22,-5.7324884e-22,-0.55312395,7.6660919,-0.82479978,0.050000001,0.63223636,0.10028636,8.0536269e-24,7.66609,-0.82480001,0
194,-0.033195898,-4.9605896e-21,-3.0763752e-20,-0.58771932,7.7374802,-0.82475477,0.050000001,0.63634491,0.057368774,-2.9842456e-24,7.7374802,-0.82475501,0
194,-0.03342212,2.0635985e-21,-2.9481883e-20,-0.60437906,7.8088679,-0.82471037,0.050000001,0.64283973,0.013370633,-1.0262704e-23,7.8088698,-0.82471001,0
194,-0.033348262,-1.6039955e-20,-6.3029747e-20,-0.6050722,7.8802519,-0.82466686,0.050000001,0.65137064,-0.030611727,-3.1542853e-23,7.88025,-0.82466698,0
194,-0.033015694,-4.6407502e-21,-3.1299597e-20,-0.59217364,7.9516397,-0.82462406,0.050000001,0.66159892,-0.073628053,-1.7820238e-23,7.9516401,-0.824624,0
194,-0.032652553,-3.6274447e-21,9.4202155e-21,-0.57585877,8,-0.82459545,0.050000001,0.66945577,-0.10157304,1.5309883e-24,8,-0.82459551,0
194,-0.3860403,-5.7772717e-20,1.1635729e-19,2.3804677,1.0000041,-0.75841558,0.050000001,0.63263863,0.1791635,6.296867e-22,1,-0.75841123,0
194,-0.37990335,-8.8426725e-20,1.3495662e-19,2.3564262,1.0353152,-0.75812757,0.050000001,0.63130778,0.19143952,6.3592332e-22,1.03531,-0.75812501,0
194,-0.36433068,1.8393682e-19,-5.5672223e-19,2.2995341,1.1064129,-0.75763339,0.050000001,0.62570083,0.21511163,-3.8262431e-21,1.10641,-0.75763297,0
194,-0.34572947,1.2596636e-19,-3.5205644e-19,2.235018,1.1775336,-0.7572034,0.050000001,0.61697716,0.23701221,-2.6400826e-21,1.1775301,-0.75720501,0
194,-0.32442591,-4.8789465e-20,-4.1824239e-20,2.1646354,1.2486683,-0.75682056,0.050000001,0.60504544,0.25648248,6.5108303e-22,1.24866,-0.756823,0
194,-0.30085412,-7.2185667e-20,-8.1737335e-20,2.0908108,1.3198142,-0.75647336,0.050000001,0.58990306,0.27298257,6.4272716e-22,1.31981,-0.756477,0
194,-0.27553123,-1.3046684e-19,2.3699877e-19,2.0163767,1.3909696,-0.75615203,0.050000001,0.57161903,0.28611693,8.9933162e-22,1.39097,-0.75615603,0
194,-0.24901962,-1.0196374e-19,2.6514334e-19,1.9442377,1.462134,-0.75585032,0.050000001,0.55031765,0.29565352,8.1963249e-22,1.46213,-0.75585502,0
194,-0.22189176,-5.4340991e-20,9.3535386e-20,1.8769966,1.5333061,-0.75556296,0.050000001,0.52615136,0.3015233,4.3997532e-22,1.5333,-0.75556803,0
194,-0.19470295,1.223239e-20,-2.3977189e-20,1.8165336,1.6044838,-0.75528669,0.050000001,0.49929678,0.30380324,3.6998533e-23,1.60448,-0.755292,0
194,-0.16797066,1.2115885e-20,1.0299906e-22,1.7635103,1.6756697,-0.75502014,0.050000001,0.46995372,0.30268657,1.542668e-24,1.67567,-0.75502503,0
194,-0.14215893,-1.7264786e-20,-8.5144046e-20,1.7168204,1.7468599,-0.75476176,0.050000001,0.43836364,0.29843321,9.6709424e-23,1.74686,-0.754767,0
194,-0.11766616,-1.6125837e-19,1.4485113e-19,1.6732602,1.8180542,-0.75450975,0.050000001,0.4048495,0.29129755,6.1454688e-22,1.81805,-0.75451499,0
194,-0.094821498,-7.1496587e-20,4.5944852e-20,1.6276046,1.8892543,-0.7542637,0.050000001,0.36987513,0.28145042,2.9331025e-22,1.88925,-0.754269,0
194,-0.073886923,-2.0255101e-20,-8.9595305e-20,1.5733521,1.9604561,-0.75402325,0.050000001,0.33410141,0.26891249,3.4842623e-23,1.9604501,-0.75402802,0
194,-0.055051554,5.2573063e-20,-2.1801046e-21,1.5041829,2.0316637,-0.75378823,0.050000001,0.29840034,0.25351766,-9.8090202e-23,2.0316601,-0.753793,0
194,-0.038434569,1.9766781e-19,-1.3571604e-19,1.4156628,2.1028776,-0.75355846,0.050000001,0.26381907,0.23494208,-4.5045129e-22,2.10288,-0.75356299,0
194,-0.024085689,1.5391797e-19,-1.7789446e-19,1.3065097,2.1740935,-0.75333369,0.050000001,0.23149289,0.21279097,-1.8545567e-22,2.1740899,-0.75333798,0
194,-0.011985991,1.2955269e-19,-2.0748758e-19,1.1789031,2.2453175,-0.75311345,0.050000001,0.20251472,0.18671097,-3.529004e-23,2.2453201,-0.75311798,0
194,-0.0020598725,-3.0971807e-20,1.0933989e-20,1.037956,2.3165438,-0.75289786,0.050000001,0.17783131,0.15651013,4.5529404e-23,2.31654,-0.75290197,0
194,0.0058215489,-5.7074073e-20,5.5598867e-20,0.89045894,2.3877738,-0.75268704,0.050000001,0.15815486,0.12222277,2.7913638e-23,2.3877699,-0.75269097,0
194,0.011823426,9.1249008e-21,-3.4588564e-20,0.74364269,2.4590094,-0.75248039,0.050000001,0.14393365,0.084142253,5.0919987e-23,2.4590099,-0.75248498,0
194,0.016132461,3.6513501e-21,-4.3331517e-20,0.60423082,2.530252,-0.75227773,0.050000001,0.13535817,0.042803735,7.0449444e-23,2.5302501,-0.75228202,0
194,0.018932641,2.8937087e-22,3.3880158e-20,0.47798145,2.6014962,-0.75207996,0.050000001,0.13233447,-0.0010455541,-5.4830194e-23,2.60149,-0.75208402,0
194,0.02038811,6.7412001e-21,4.2398218e-20,0.36945087,2.6727443,-0.75188655,0.050000001,0.1345436,-0.046565726,-7.4427127e-23,2.67274,-0.75189102,0
194,0.020638799,2.3879837e-22,-6.8074662e-22,0.28186724,2.7439942,-0.75169671,0.050000001,0.14159334,-0.092863865,1.4560202e-25,2.7439899,-0.751701,0
194,0.019793656,1.791618e-20,6.4684312e-21,0.21720314,2.8152435,-0.75151068,0.050000001,0.15301451,-0.13900609,1.6649383e-23,2.8152399,-0.75151497,0
194,0.017929209,-1.9705341e-21,-4.9702064e-21,0.17633688,2.8865013,-0.75132906,0.050000001,0.16826761,-0.18411168,2.2731581e-23,2.8864999,-0.751333,0
194,0.01508721,2.4266051e-20,1.7348356e-20,0.15933041,2.9577661,-0.7511518,0.050000001,0.18682837,-0.22737563,7.181521e-25,2.9577601,-0.75115597,0
194,0.011273073,1.0339465e-19,6.7190356e-20,0.16570912,3.0290346,-0.75097728,0.050000001,0.20823817,-0.26808506,1.1314872e-24,3.0290301,-0.75098097,0
194,0.0064613274,-6.4529749e-20,-3.7159939e-20,0.19472153,3.1003046,-0.75080717,0.050000001,0.23213899,-0.30560407,-3.0830189e-23,3.1003001,-0.75081098,0
194,0.00060090888,-1.2410068e-19,-7.584295e-20,0.2454205,3.1715741,-0.75064033,0.050000001,0.2582908,-0.33935297,-3.7549129e-23,3.1715701,-0.75064403,0
194,-0.0063774558,-2.3661376e-21,-2.3818828e-22,0.31667432,3.2428458,-0.75047684,0.050000001,0.28658086,-0.36877832,0,3.2428401,-0.75048101,0
194,-0.014553747,-6.7777176e-20,-8.1435492e-20,0.40702942,3.314126,-0.75031728,0.050000001,0.31701168,-0.39332581,-4.3678708e-24,3.3141201,-0.75032097,0
194,-0.024004657,1.4515798e-20,-1.3924899e-20,0.51448935,3.3854098,-0.75016117,0.050000001,0.3496621,-0.41241622,4.3659579e-23,3.3854101,-0.75016499,0
194,-0.034787804,-8.8555733e-20,-7.0216771e-20,0.63626677,3.4566939,-0.75000769,0.050000001,0.38463855,-0.42545065,-1.0751188e-22,3.4566901,-0.75001103,0
194,-0.046924822,-1.3428694e-19,-9.3376749e-20,0.76864833,3.5279818,-0.74985808,0.050000001,0.42202133,-0.43184328,-1.2716776e-22,3.5279801,-0.74986202,0
194,-0.060378052,1.6798268e-19,1.6320288e-19,0.90696716,3.5992715,-0.74971151,0.050000001,0.46179473,-0.43107191,2.3934653e-22,3.5992701,-0.74971497,0
194,-0.075031377,1.5024748e-19,2.0257873e-19,1.0458418,3.6705658,-0.74956787,0.050000001,0.50380623,-0.42274722,2.8512972e-22,3.6705599,-0.74957103,0
194,-0.090677798,-1.5377229e-19,-1.9565014e-19,1.179649,3.741864,-0.7494275,0.050000001,0.5477398,-0.40668377,-3.4341218e-22,3.7418599,-0.74943101,0
194,-0.10701562,-7.5690277e-20,-1.0062674e-19,1.303041,3.8131642,-0.74928969,0.050000001,0.59312004,-0.38294989,-1.5465358e-22,3.8131599,-0.74929303,0
194,-0.12365793,1.6656962e-19,2.9566602e-19,1.4114929,3.8844662,-0.74915463,0.050000001,0.63934618,-0.35188702,4.8796361e-22,3.88446,-0.74915802,0
194,-0.14015575,1.0305422e-19,1.8671446e-19,1.5017068,3.9557717,-0.74902284,0.050000001,0.68574238,-0.31409582,3.7343183e-22,3.95577,-0.749026,0
194,-0.15602505,-1.355529e-19,-4.1497247e-19,1.5717224,4.0270796,-0.7488941,0.050000001,0.73161256,-0.27039009,-8.059157e-22,4.0270801,-0.74889702,0
194,-0.17078124,-1.4959374e-19,-4.1537063e-19,1.620948,4.0983896,-0.74876791,0.050000001,0.77629447,-0.22173038,-8.1380138e-22,4.0983901,-0.74877101,0
194,-0.18397318,-9.4105463e-21,2.5296435e-21,1.6499586,4.1697021,-0.74864405,0.050000001,0.81919974,-0.16915095,-2.8379991e-23,4.1697001,-0.74864697,0
194,-0.19520554,-2.5385643e-20,-1.6111202e-19,1.6600267,4.2410159,-0.74852312,0.050000001,0.85983992,-0.11369464,-3.4985216e-22,4.2410102,-0.74852598,0
194,-0.20415534,2.2836112e-20,-2.0797792e-20,1.6526371,4.3123336,-0.7484045,0.050000001,0.89782822,-0.056372318,-3.4101301e-24,4.3123298,-0.74840802,0
194,-0.21057889,3.980355e-20,-1.0629572e-19,1.6289576,4.3836536,-0.74828804,0.050000001,0.93286073,0.0018455351,-1.9488131e-22,4.3836498,-0.74829102,0
194,-0.21437466,-2.9718558e-21,8.5676505e-20,1.5895631,4.4549761,-0.74817473,0.050000001,0.96468925,0.060029522,1.7193038e-22,4.4549699,-0.74817801,0
194,-0.21549147,-1.9164188e-20,1.9365967e-19,1.5343572,4.5263019,-0.74806327,0.050000001,0.99309152,0.11727046,3.4406462e-22,4.5263,-0.74806601,0
194,-0.21393353,6.339096e-20,-3.6047619e-19,1.462643,4.5976257,-0.74795425,0.050000001,1.0178469,0.17264348,-7.324028e-22,4.59762,-0.74795699,0
194,-0.20985107,1.4803195e-20,-1.0665498e-19,1.3737754,4.6689539,-0.74784768,0.050000001,1.0387275,0.22519994,-1.7686886e-22,4.6689501,-0.74785101,0
194,-0.20347545,-1.2235448e-19,4.9209006e-19,1.2680266,4.7402859,-0.74774307,0.050000001,1.0555022,0.27397323,8.3522533e-22,4.7402802,-0.74774599,0
194,-0.19511805,-8.3825829e-21,1.1487491e-19,1.1471878,4.8116183,-0.74764073,0.050000001,1.0679773,0.31804731,1.5452456e-22,4.8116102,-0.74764401,0
194,-0.1851555,2.5462786e-20,-9.9498628e-20,1.0148947,4.8829541,-0.74754024,0.050000001,1.0760599,0.35664278,-1.6691849e-22,4.8829498,-0.74754298,0
194,-0.1740067,-4.0083844e-21,-9.3427611e-21,0.8764649,4.9542918,-0.74744207,0.050000001,1.0797999,0.38920435,2.7024964e-23,4.9542899,-0.74744499,0
194,-0.16210325,-1.1820968e-19,2.9124642e-19,0.73804814,5.0256281,-0.74734586,0.050000001,1.079415,0.41547513,3.9254067e-22,5.02562,-0.74734902,0
194,-0.14985605,-1.1888436e-19,3.0533516e-19,0.60565859,5.0969682,-0.74725145,0.050000001,1.0752875,0.4355256,3.7801311e-22,5.0969601,-0.74725401,0
194,-0.1376306,7.9519496e-20,-1.9336011e-19,0.48441425,5.1683116,-0.747159,0.050000001,1.0679374,0.44972506,-2.4671338e-22,5.1683102,-0.74716198,0
194,-0.12572868,-3.6272876e-21,-1.1297406e-20,0.37786424,5.2396564,-0.74706864,0.050000001,1.057965,0.45868087,9.430328e-24,5.2396498,-0.74707198,0
194,-0.11437777,-3.7735802e-20,9.5213872e-20,0.28781492,5.3109999,-0.74697977,0.050000001,1.045995,0.46315229,9.7415556e-23,5.3109999,-0.74698299,0
194,-0.10373454,4.8336881e-20,-9.2801438e-20,0.21439867,5.3823438,-0.74689299,0.050000001,1.0326203,0.46395814,-8.9258286e-23,5.38234,-0.74689603,0
194,-0.093890972,-4.9211875e-22,-1.0491951e-21,0.15644836,5.4536939,-0.74680823,0.050000001,1.0183603,0.46190074,1.2495915e-25,5.4536901,-0.74681097,0
194,-0.084888272,-4.3690039e-20,9.5657092e-20,0.11206391,5.525044,-0.74672502,0.050000001,1.0036433,0.45770779,7.5090477e-23,5.5250401,-0.746728,0
194,-0.076728545,3.5801285e-20,-8.9599008e-20,0.078994818,5.596396,-0.74664325,0.050000001,0.98879337,0.4520022,-6.0087434e-23,5.5963898,-0.74664599,0
194,-0.069386937,7.9714685e-20,-1.8157089e-19,0.054947857,5.6677518,-0.74656302,0.050000001,0.97404194,0.44529083,-1.0636106e-22,5.6677499,-0.746566,0
194,-0.06282264,1.1747005e-19,-2.6668897e-19,0.037816085,5.7391038,-0.74648434,0.050000001,0.95953411,0.43796846,-1.3604483e-22,5.7391,-0.74648702,0
194,-0.056984603,-6.6602778e-21,-2.5014174e-21,0.025841907,5.8104615,-0.74640763,0.050000001,0.94534695,0.43032843,8.2541183e-24,5.8104601,-0.74641103,0
194,-0.051818796,-8.4697472e-20,1.7303548e-19,0.01761288,5.8818245,-0.74633193,0.050000001,0.93150645,0.42258188,1.090254e-22,5.8818202,-0.74633503,0
194,-0.04727111,7.2431805e-20,-1.6875445e-19,0.012029185,5.9531817,-0.74625814,0.050000001,0.9180007,0.4148739,-6.0942673e-23,5.9531798,-0.746261,0
194,-0.043289896,-3.793469e-20,8.1941752e-20,0.0082850819,6.0245419,-0.74618602,0.050000001,0.90479195,0.40729663,2.8883779e-23,6.0245399,-0.746189,0
194,-0.039827034,3.6604568e-20,-7.8817019e-20,0.005809376,6.0959044,-0.74611503,0.050000001,0.8918252,0.39990467,-2.9472579e-23,6.0959001,-0.74611801,0
194,-0.036838837,1.8431431e-19,-4.1253862e-19,0.0041903295,6.1672659,-0.74604517,0.050000001,0.87903535,0.39272445,-1.5251755e-22,6.1672602,-0.74604797,0
194,-0.034286361,3.5524134e-20,-8.2485371e-20,0.0031454565,6.2386322,-0.74597722,0.050000001,0.8663519,0.38576132,-2.5971595e-23,6.2386298,-0.74598002,0
194,-0.032135475,3.7254092e-20,-7.8941536e-20,0.0024834685,6.3099961,-0.74591047,0.050000001,0.85370386,0.37900624,-2.5946634e-23,6.3099899,-0.74591303,0
194,-0.030356372,-4.8454831e-22,-3.1523435e-21,0.0021053792,6.3813639,-0.7458446,0.050000001,0.84101731,0.37243664,3.8477006e-24,6.3813601,-0.74584699,0
194,-0.028923856,-3.5795417e-20,7.5506164e-20,0.00206689,6.4527364,-0.74578041,0.050000001,0.82821929,0.36602613,2.530263e-23,6.4527302,-0.74578297,0
194,-0.027816892,3.2539117e-20,-7.7531587e-20,0.0026892093,6.5241089,-0.74571747,0.050000001,0.81523335,0.35975435,-2.0130509e-23,6.5240998,-0.74572003,0
194,-0.02701878,9.8111453e-20,-2.2368755e-19,0.0046373457,6.5954785,-0.74565518,0.050000001,0.80196935,0.35362557,-6.8465787e-23,6.59547,-0.74565798,0
194,-0.026517622,3.3519468e-20,-7.491588e-20,0.0087865656,6.6668463,-0.74559438,0.050000001,0.78831434,0.34768981,-2.4815303e-23,6.6668401,-0.745597,0
194,-0.026306842,-3.3176654e-20,7.278359e-20,0.015670251,6.7382159,-0.74553508,0.050000001,0.77412921,0.34204209,2.4517728e-23,6.7382102,-0.745538,0
194,-0.026386224,-1.4044394e-22,1.5864702e-22,0.024565158,6.8095922,-0.74547613,0.050000001,0.75926727,0.33677968,-4.2322166e-26,6.8095899,-0.74547899,0
194,-0.0267611,2.9003463e-20,-6.8994573e-20,0.032604102,6.8809662,-0.74541897,0.050000001,0.74362797,0.33189946,-1.7246868e-23,6.88096,-0.74542201,0
194,-0.02743951,-2.6464754e-22,-2.9796086e-21,0.034516294,6.952342,-0.74536276,0.050000001,0.7272318,0.32715398,3.5357373e-24,6.9523401,-0.74536598,0
194,-0.028426355,-2.9225538e-20,6.5785067e-20,0.023467047,7.0237155,-0.74530733,0.050000001,0.71030307,0.32192907,1.8245524e-23,7.0237098,-0.74531001,0
194,-0.029714493,-2.9112538e-20,6.1955039e-20,-0.0069464669,7.0950937,-0.74525315,0.050000001,0.69330812,0.31520694,2.7154476e-23,7.0950899,-0.74525601,0
194,-0.031274788,-2.5790692e-20,6.1339481e-20,-0.060239214,7.1664715,-0.74519992,0.050000001,0.67693096,0.3056756,3.1434075e-23,7.1664701,-0.74520302,0
194,-0.033049036,3.8705606e-21,-1.2324347e-21,-0.13532963,7.2378521,-0.74514818,0.050000001,0.66196841,0.29197118,-4.1577395e-24,7.2378502,-0.74515098,0
194,-0.034949005,3.9347192e-20,-8.968426e-20,-0.22637166,7.3092341,-0.74509746,0.050000001,0.64918709,0.27297544,-5.5176592e-23,7.3092299,-0.74510002,0
194,-0.036863782,2.6864411e-20,-6.0017996e-20,-0.32424876,7.3806162,-0.74504721,0.050000001,0.63918638,0.2480635,-4.2577859e-23,7.38061,-0.74505001,0
194,-0.038673431,-2.9238612e-20,8.744629e-20,-0.41905752,7.452002,-0.74499732,0.050000001,0.63231772,0.21722189,5.3055168e-23,7.4520001,-0.745,0
194,-0.040264718,-6.1042592e-22,4.8825004e-24,-0.50242609,7.5233817,-0.74494898,0.050000001,0.62867868,0.18101227,1.653268e-23,7.5233798,-0.74495202,0
194,-0.041546308,2.0535274e-20,-8.7666004e-20,-0.568896,7.5947638,-0.7449016,0.050000001,0.6281594,0.14041241,-4.7782943e-23,7.5947599,-0.74490398,0
194,-0.042456817,-5.7926606e-21,2.8565115e-20,-0.61607391,7.6661496,-0.74485499,0.050000001,0.63051814,0.096629947,1.3707908e-23,7.6661501,-0.74485803,0
194,-0.042967811,-1.0203488e-20,8.8095989e-20,-0.64397401,7.7375336,-0.74480915,0.050000001,0.63544828,0.05093661,5.4310347e-23,7.7375302,-0.74481201,0
194,-0.043083172,-1.0037661e-21,3.0550371e-20,-0.6540888,7.8089242,-0.74476439,0.050000001,0.64262259,0.0045401761,2.2658204e-23,7.8089199,-0.74476701,0
194,-0.042833477,-1.6032455e-20,-1.230929e-19,-0.64857244,7.8803096,-0.74472016,0.050000001,0.65171438,-0.041467588,-7.1556778e-23,7.8803101,-0.74472302,0
194,-0.042269144,1.7434565e-20,9.230712e-20,-0.62977254,7.9516935,-0.74467677,0.050000001,0.66240472,-0.086143099,5.2604047e-23,7.9516902,-0.74467897,0
194,-0.041717995,2.3937825e-20,1.5572189e-19,-0.60964614,8.0000038,-0.74464798,0.050000001,0.67050844,-0.11494362,8.396703e-23,8,-0.7446506,0
194,-0.39953408,1.2588477e-20,9.3517996e-20,2.3913014,1.0001065,-0.67845225,0.050000001,0.46868226,0.17909567,6.4343958e-22,1,-0.67853814,0
194,-0.39400911,4.2237471e-20,-3.1948812e-19,2.382313,1.0355363,-0.67815417,0.050000001,0.46837193,0.19313198,-2.1769514e-21,1.03543,-0.67824101,0
194,-0.37957206,4.0714224e-20,-8.4026645e-19,2.3508766,1.1066326,-0.67764848,0.050000001,0.46483192,0.2204455,-4.4296354e-21,1.10653,-0.677737,0
194,-0.36195087,2.9162105e-19,-7.7161977e-19,2.3067703,1.1777511,-0.67721039,0.050000001,0.45817354,0.24610257,-5.6894985e-21,1.17765,-0.67729998,0
194,-0.34146595,-5.3535139e-20,2.1820851e-19,2.2517457,1.2488831,-0.67682242,0.050000001,0.44827074,0.26936638,1.5042706e-21,1.24878,-0.67691302,0
194,-0.3185634,3.0633207e-19,-5.4979917e-20,2.1883278,1.3200291,-0.67647195,0.050000001,0.43506661,0.28962615,-1.0622332e-21,1.31993,-0.67656302,0
194,-0.29378653,4.2059782e-19,-5.5714202e-19,2.1194854,1.3911833,-0.67614853,0.050000001,0.4185698,0.30642864,-4.27647e-21,1.39108,-0.67623901,0
194,-0.26773202,-1.0474936e-19,-2.7659915e-20,2.0480871,1.4623495,-0.6758455,0.050000001,0.39884794,0.31949887,1.4615004e-24,1.46225,-0.67593598,0
194,-0.24101907,7.4025905e-20,6.5494332e-20,1.9763759,1.5335196,-0.67555767,0.050000001,0.37602293,0.32872781,-3.6593213e-22,1.53342,-0.67564797,0
194,-0.2142497,-3.0578277e-19,3.2299648e-19,1.9053909,1.6046952,-0.67528141,0.050000001,0.35028654,0.33414853,1.7477204e-21,1.6046,-0.67537099,0
194,-0.18798585,-1.9874945e-19,1.2429637e-19,1.8344575,1.6758772,-0.67501473,0.050000001,0.32192189,0.33588263,1.0998737e-21,1.6757801,-0.67510402,0
194,-0.16272874,-5.9194479e-20,7.8985868e-20,1.7609273,1.7470651,-0.67475599,0.050000001,0.29133555,0.3340672,1.3886157e-22,1.7469701,-0.67484403,0
194,-0.138906,-3.1525934e-19,3.7937116e-19,1.6804646,1.8182595,-0.67450428,0.050000001,0.25910699,0.32877231,1.8028672e-21,1.8181601,-0.67459202,0
194,-0.1168621,1.7854077e-19,-6.1894759e-20,1.5879127,1.8894598,-0.67425859,0.050000001,0.226009,0.31993797,-5.9201888e-22,1.88936,-0.67434603,0
194,-0.096858442,5.0979128e-20,-7.0165692e-20,1.478615,1.9606612,-0.67401844,0.050000001,0.19300996,0.30734834,-2.3855414e-22,1.96057,-0.67410499,0
194,-0.079067744,-6.0416277e-20,5.9135478e-20,1.3498274,2.0318649,-0.67378378,0.050000001,0.16121902,0.29066122,1.9428699e-22,2.03177,-0.67387003,0
194,-0.063572109,1.4166406e-19,2.2028741e-20,1.2015833,2.1030815,-0.67355448,0.050000001,0.13178417,0.26948771,-5.8512113e-22,2.1029899,-0.67364001,0
194,-0.050372504,1.9822285e-19,-3.5345735e-21,1.0369135,2.1742976,-0.67333001,0.050000001,0.10579567,0.24350487,-5.6671909e-22,2.1742001,-0.67341501,0
194,-0.03938961,1.234348e-19,-3.3882413e-20,0.86121511,2.2455192,-0.67310989,0.050000001,0.084177591,0.21254952,-2.0933913e-22,2.24543,-0.67319399,0
194,-0.030480422,6.1681269e-20,-1.2180078e-20,0.68136489,2.3167436,-0.67289501,0.050000001,0.067625321,0.17669885,-1.5451345e-22,2.3166499,-0.672979,0
194,-0.023449251,-7.2354183e-21,7.3655637e-22,0.50467777,2.3879709,-0.67268431,0.050000001,0.056565795,0.13629183,-9.8285203e-23,2.3878801,-0.67276698,0
194,-0.018066909,-8.1733458e-20,1.1186848e-20,0.33812529,2.4592071,-0.67247826,0.050000001,0.051154345,0.091926768,1.7763295e-22,2.45912,-0.67256099,0
194,-0.014097748,2.0386558e-20,1.5455601e-21,0.18776865,2.5304496,-0.67227614,0.050000001,0.051312916,0.044429671,0,2.53036,-0.67235798,0
194,-0.011340449,3.9154893e-21,2.287784e-20,0.058382578,2.601692,-0.67207873,0.050000001,0.056669943,-0.0052816919,-3.4627908e-23,2.6015999,-0.67216003,0
194,-0.0096223084,7.5744929e-20,4.6519878e-20,-0.046814498,2.6729376,-0.67188519,0.050000001,0.066628337,-0.056199636,2.4893742e-22,2.6728499,-0.67196602,0
194,-0.0087984158,3.5422543e-20,-4.3976484e-21,-0.12619457,2.7441878,-0.67169571,0.050000001,0.080608279,-0.10725112,1.8631242e-22,2.7441001,-0.671776,0
194,-0.0087781819,-6.1412751e-20,-1.8407161e-20,-0.17952611,2.8154373,-0.67151022,0.050000001,0.097996555,-0.15745708,-1.7934895e-22,2.8153501,-0.67158997,0
194,-0.0095132347,-2.9937054e-19,-1.3844872e-19,-0.20757347,2.8866954,-0.67132878,0.050000001,0.11812644,-0.2059585,-2.3768947e-22,2.88661,-0.671408,0
194,-0.010994635,1.9118236e-19,8.2842093e-20,-0.21158437,2.9579577,-0.67115134,0.050000001,0.14039268,-0.25202468,1.8945335e-22,2.95787,-0.67123002,0
194,-0.013249939,1.159945e-19,7.2519021e-20,-0.19289036,3.029222,-0.67097747,0.050000001,0.16429223,-0.29506007,-3.5915515e-23,3.02913,-0.67105597,0
194,-0.016335763,1.7711471e-19,1.0984747e-19,-0.1526207,3.1004922,-0.67080718,0.050000001,0.18945727,-0.33458114,8.9454896e-23,3.1004,-0.67088503,0
194,-0.020330764,1.9478074e-19,9.0781463e-20,-0.091573738,3.1717639,-0.67064053,0.050000001,0.21567714,-0.37017319,1.8721821e-22,3.17168,-0.67071801,0
194,-0.025330467,-4.6605077e-19,-2.2869975e-19,-0.010244533,3.2430358,-0.67047697,0.050000001,0.24290833,-0.40144241,-3.7573604e-22,3.24295,-0.67055398,0
194,-0.031442419,-1.7390485e-19,-9.4686932e-20,0.090942845,3.3143137,-0.67031735,0.050000001,0.27127573,-0.42797014,-1.9196307e-22,3.31423,-0.670394,0
194,-0.038778108,5.4886742e-19,3.7536975e-19,0.21123467,3.3855937,-0.67016113,0.050000001,0.30103722,-0.44926381,4.2611222e-22,3.38551,-0.670237,0
194,-0.047440991,7.6463613e-20,5.845562e-20,0.34909558,3.4568779,-0.6700083,0.050000001,0.33253342,-0.46474355,1.5755726e-23,3.45679,-0.670084,0
194,-0.057509899,-1.2221445e-19,-2.2186435e-20,0.50171804,3.5281658,-0.6698584,0.050000001,0.36611825,-0.47376186,5.8546606e-23,3.52808,-0.66993397,0
194,-0.069014743,2.6327536e-19,2.3723225e-19,0.66478568,3.5994558,-0.66971177,0.050000001,0.40206781,-0.47565907,3.6473081e-22,3.59937,-0.66978699,0
194,-0.081912704,-5.6575747e-19,-4.4002984e-19,0.83259827,3.6707497,-0.66956836,0.050000001,0.44050601,-0.46985656,-8.7888283e-22,3.67067,-0.66964298,0
194,-0.096065409,-2.9360217e-20,-1.2896892e-19,0.99853253,3.7420437,-0.66942793,0.050000001,0.48134589,-0.45595899,-1.643431e-22,3.74196,-0.66950202,0
194,-0.11122885,4.4936416e-19,3.0846767e-19,1.1558309,3.813344,-0.6692903,0.050000001,0.52428031,-0.43384051,6.6594789e-22,3.8132601,-0.66936398,0
194,-0.12705164,1.8381849e-19,3.1328297e-19,1.2983372,3.8846462,-0.66915524,0.050000001,0.56879783,-0.40369701,6.0852306e-22,3.8845601,-0.66922897,0
194,-0.143094,1.6631838e-19,4.7516894e-19,1.4211762,3.9559522,-0.66902316,0.050000001,0.61424315,-0.36604705,9.5826521e-22,3.9558699,-0.66909599,0
194,-0.1588548,-5.7285527e-20,2.7104654e-20,1.5211747,4.0272574,-0.66889441,0.050000001,0.65988207,-0.32169366,-3.4420081e-23,4.0271802,-0.66896701,0
194,-0.17381175,-5.9745756e-20,-2.3686151e-19,1.5969174,4.0985637,-0.66876793,0.050000001,0.70497531,-0.27164596,-5.4839495e-22,4.0984802,-0.66883999,0
194,-0.18746141,-3.8906401e-20,-4.3620972e-19,1.6485292,4.169878,-0.66864383,0.050000001,0.74884272,-0.21702282,-9.8096542e-22,4.1697998,-0.66871601,0
194,-0.19934645,-8.2364803e-20,-4.560163e-19,1.6773252,4.2411919,-0.66852236,0.050000001,0.79088676,-0.15898716,-9.9719591e-22,4.2411098,-0.668594,0
194,-0.20908582,2.6264426e-20,1.3609886e-19,1.6852899,4.3125105,-0.66840351,0.050000001,0.83062768,-0.098662727,3.3358656e-22,4.3124299,-0.66847497,0
194,-0.21638559,3.0695406e-20,6.3049728e-19,1.6744444,4.3838282,-0.66828704,0.050000001,0.86769104,-0.037113082,1.4796776e-21,4.38375,-0.66835803,0
194,-0.2210498,1.2566015e-22,2.1302098e-20,1.6463765,4.4551454,-0.66817325,0.050000001,0.90179151,0.024661802,8.5237107e-24,4.45507,-0.668244,0
194,-0.22297993,-1.2548439e-20,-4.7106525e-19,1.6019986,4.5264702,-0.66806155,0.050000001,0.93270481,0.085719682,-1.1384144e-21,4.5263901,-0.66813201,0
194,-0.22217683,-4.1654987e-20,-9.1103346e-20,1.5413247,4.5978007,-0.66795254,0.050000001,0.96023601,0.14514831,-1.819349e-22,4.5977201,-0.66802299,0
194,-0.21873876,1.0389631e-19,-7.153886e-19,1.4637289,4.669126,-0.66784549,0.050000001,0.98418564,0.20200758,-1.4470488e-21,4.6690502,-0.66791499,0
194,-0.21285661,2.1279205e-20,1.57052e-19,1.3687428,4.7404537,-0.66774064,0.050000001,1.0043428,0.25532818,3.4268506e-22,4.7403798,-0.66781002,0
194,-0.20481324,-3.382502e-19,1.4597636e-18,1.2569108,4.8117862,-0.66763783,0.050000001,1.0205014,0.30414486,2.7800888e-21,4.8117099,-0.66770703,0
194,-0.19496964,3.3482775e-20,-7.6293039e-20,1.1305299,4.8831205,-0.66753715,0.050000001,1.0325044,0.34757134,-1.3628713e-22,4.88304,-0.667606,0
194,-0.18374293,3.0289141e-19,-7.6609379e-19,0.99380136,4.9544587,-0.66743875,0.050000001,1.0402896,0.38489628,-1.2927842e-21,4.95438,-0.66750801,0
194,-0.17157999,-8.403713e-20,1.8142554e-19,0.85240251,5.025794,-0.66734231,0.050000001,1.0439395,0.41567606,2.7169021e-22,5.0257201,-0.66741103,0
194,-0.15892248,-5.9763127e-20,1.0555402e-20,0.71268642,5.0971317,-0.66724771,0.050000001,1.0436966,0.43980041,-1.2333669e-23,5.0970602,-0.66731602,0
194,-0.14617668,8.3538663e-20,-1.9215097e-19,0.58068424,5.1684742,-0.66715485,0.050000001,1.039959,0.45749703,-2.6916646e-22,5.1683998,-0.66722298,0
194,-0.13368857,-4.722029e-20,1.8716812e-19,0.4611952,5.2398186,-0.66706395,0.050000001,1.0332437,0.46929067,1.9817712e-22,5.2397399,-0.66713202,0
194,-0.12172813,-3.6033588e-19,8.3421997e-19,0.35737225,5.3111606,-0.6669749,0.050000001,1.0241235,0.47592181,8.4712271e-22,5.31108,-0.66704297,0
194,-0.11048821,-3.509094e-19,6.4433446e-19,0.27051282,5.3825059,-0.6668877,0.050000001,1.013186,0.47824845,5.8270184e-22,5.3824301,-0.66695499,0
194,-0.10008966,-3.4521275e-20,-1.2179247e-20,0.20033929,5.4538565,-0.6668027,0.050000001,1.0009797,0.47715226,-1.3434874e-22,5.4537802,-0.66687,0
194,-0.090591758,6.1876866e-21,-1.4011882e-20,0.14545904,5.5252042,-0.66671908,0.050000001,0.98797172,0.47346514,-1.2206649e-22,5.5251298,-0.66678602,0
194,-0.082007036,4.6033744e-19,-9.0286164e-19,0.10375985,5.5965519,-0.66663706,0.050000001,0.97454059,0.46792114,-7.3536649e-22,5.5964799,-0.666704,0
194,-0.074314393,7.6611711e-20,-1.1766123e-19,0.07290329,5.6679063,-0.66655642,0.050000001,0.96097058,0.46113127,-1.5989412e-22,5.66783,-0.666623,0
194,-0.06747143,3.6825286e-20,-7.7685708e-20,0.050587058,5.7392621,-0.66647738,0.050000001,0.94745451,0.45357972,-4.4653986e-23,5.7391901,-0.66654402,0
194,-0.061424218,3.9739719e-19,-8.683556e-19,0.034781173,5.810616,-0.66639996,0.050000001,0.93411154,0.44563362,-5.628541e-22,5.8105402,-0.666466,0
194,-0.056112695,-1.0448516e-19,1.6694075e-19,0.023794957,5.8819766,-0.66632384,0.050000001,0.92099833,0.43755841,9.7454444e-23,5.8818998,-0.66639,0
194,-0.051477004,-9.9346699e-20,1.6905424e-19,0.016275823,5.9533343,-0.66624963,0.050000001,0.90812749,0.42953917,9.8925448e-23,5.9532599,-0.66631597,0
194,-0.04745961,2.8166867e-19,-5.6947415e-19,0.011195742,6.0246921,-0.66617703,0.050000001,0.89547747,0.42169586,-2.5682613e-22,6.0246201,-0.66624302,0
194,-0.044007149,-2.0846465e-20,7.2776255e-20,0.0078119934,6.0960546,-0.66610533,0.050000001,0.88300449,0.41410086,3.7262877e-23,6.0959802,-0.66617101,0
194,-0.041071277,-3.957808e-19,8.1015207e-19,0.0055879992,6.167419,-0.66603529,0.050000001,0.87065065,0.40679133,3.6282263e-22,6.1673398,-0.66610098,0
194,-0.038609125,-9.5658947e-20,2.3898786e-19,0.0041384036,6.2387848,-0.66596693,0.050000001,0.85834903,0.39977813,9.1802848e-23,6.2387099,-0.66603202,0
194,-0.036583595,-3.599145e-19,7.6852947e-19,0.0032183588,6.3101463,-0.66589999,0.050000001,0.84603006,0.39305437,3.0515381e-22,6.31007,-0.66596502,0
194,-0.034962561,-8.394645e-20,1.6114057e-19,0.0027233544,6.3815122,-0.66583419,0.050000001,0.83361888,0.38659963,5.291832e-23,6.3814402,-0.66589898,0
194,-0.033719279,2.5532501e-19,-5.3814163e-19,0.0027701955,6.4528823,-0.66576934,0.050000001,0.82103884,0.38039142,-2.2284917e-22,6.4528098,-0.66583401,0
194,-0.032831963,1.4137583e-20,-3.4124217e-21,0.0038244247,6.5242524,-0.66570544,0.050000001,0.80820489,0.37442148,-1.4113062e-24,6.5241799,-0.66576999,0
194,-0.03228398,1.1569163e-19,-2.2005217e-19,0.0066758497,6.5956225,-0.66564327,0.050000001,0.79501277,0.36871767,-8.1120807e-23,6.5955501,-0.66570801,0
194,-0.032064579,2.4145026e-20,-7.4232158e-20,0.012099614,6.6669927,-0.66558206,0.050000001,0.7813307,0.36335731,-3.4047861e-23,6.6669202,-0.66564602,0
194,-0.032169323,1.2491474e-21,4.7157001e-21,0.020090526,6.7383623,-0.66552204,0.050000001,0.76700699,0.35844767,-7.5945446e-24,6.7382898,-0.66558599,0
194,-0.032600634,3.5078882e-20,-7.1010102e-20,0.028837455,6.8097343,-0.66546297,0.050000001,0.7519049,0.35405022,-3.198026e-23,6.80966,-0.66552699,0
194,-0.033366047,-1.346653e-20,1.3494426e-21,0.034050301,6.8811107,-0.66540509,0.050000001,0.73596853,0.35004508,-4.7496654e-25,6.8810401,-0.66546899,0
194,-0.034473479,3.0684711e-20,-6.6567961e-20,0.029237028,6.9524846,-0.66534847,0.050000001,0.71930891,0.34598184,-2.2658144e-23,6.9524102,-0.66541201,0
194,-0.035923455,2.1804734e-19,-4.3806989e-19,0.0072189989,7.0238605,-0.6652931,0.050000001,0.70226628,0.34098557,-2.4142418e-22,7.0237899,-0.66535699,0
194,-0.037698008,1.4889232e-19,-3.0913032e-19,-0.03741762,7.0952382,-0.6652385,0.050000001,0.68542224,0.33379075,-1.8833477e-22,7.09517,-0.66530198,0
194,-0.039750416,-2.9460756e-19,6.2391974e-19,-0.10603396,7.1666121,-0.66518486,0.050000001,0.66953135,0.32293159,3.5784874e-22,7.1665401,-0.66524798,0
194,-0.042000312,-3.0028908e-21,-4.0241432e-20,-0.1949275,7.2379923,-0.6651327,0.050000001,0.65538847,0.30703697,-5.5400868e-23,7.2379198,-0.665196,0
194,-0.044335641,3.440671e-20,-1.2433184e-19,-0.29603952,7.3093748,-0.66508126,0.050000001,0.64368916,0.28513539,-6.7287002e-23,7.3092999,-0.66514403,0
194,-0.046623852,-2.0299378e-19,4.4441028e-19,-0.39917564,7.3807545,-0.66503048,0.050000001,0.63491482,0.25685355,3.0945567e-22,7.3806801,-0.665093,0
194,-0.048728831,-4.0687564e-21,6.1297903e-20,-0.49463728,7.4521408,-0.66498035,0.050000001,0.62929106,0.22245686,3.4483518e-23,7.4520702,-0.665043,0
194,-0.050527915,-1.8550428e-20,5.8444769e-20,-0.57516694,7.5235205,-0.66493154,0.050000001,0.62681532,0.18274809,4.6328633e-23,7.5234499,-0.664994,0
194,-0.051926211,-6.2549864e-22,2.5029514e-22,-0.63671088,7.5949025,-0.66488397,0.050000001,0.62732011,0.13887005,8.4276353e-24,7.59483,-0.66494602,0
194,-0.052863594,2.7975636e-20,-2.8895949e-20,-0.67805117,7.6662889,-0.66483694,0.050000001,0.63054663,0.092117697,-1.781608e-23,7.6662202,-0.66489899,0
194,-0.053315163,-2.2076833e-20,-2.9318919e-20,-0.6999169,7.7376699,-0.66479075,0.050000001,0.63619721,0.043802593,-2.6941575e-23,7.7375998,-0.66485298,0
194,-0.053290296,-1.1347616e-22,-2.9495364e-20,-0.7041114,7.8090587,-0.66474533,0.050000001,0.64396483,-0.0048585031,-2.7120476e-23,7.80899,-0.66480702,0
194,-0.052827597,-7.6670167e-21,-6.2154093e-20,-0.69283426,7.8804426,-0.66470093,0.050000001,0.65354425,-0.052781194,-3.9836214e-23,7.8803701,-0.66476297,0
194,-0.051988203,-2.5399426e-20,9.2917379e-20,-0.66836607,7.951828,-0.66465712,0.050000001,0.66463333,-0.099029697,5.6638869e-23,7.9517598,-0.66471899,0
194,-0.051218066,5.1455687e-21,1.1449755e-19,-0.64447927,8.0000677,-0.66462803,0.050000001,0.67293978,-0.12861745,6.8901724e-23,8,-0.66468996,0
194,-0.40711102,-6.8437636e-19,1.0479892e-18,2.2909572,1.0007702,-0.5973019,0.050000001,0.31090435,0.17816599,1.203561e-20,1,-0.59807354,0
194,-0.40222517,-4.9403026e-20,4.9590858e-19,2.2959952,1.0368451,-0.59700084,0.050000001,0.31044334,0.19414139,6.5037116e-22,1.03608,-0.59777099,0
194,-0.38927054,2.227075e-18,-2.319589e-18,2.2885585,1.1079333,-0.59650159,0.050000001,0.30693594,0.22494704,-4.0286846e-20,1.10717,-0.59726799,0
194,-0.37312722,1.3444327e-18,-1.5791226e-18,2.2641971,1.1790432,-0.59607142,0.050000001,0.30062759,0.25423205,-1.8973336e-20,1.17829,-0.596834,0
194,-0.35409611,-1.4199674e-18,9.499216e-19,2.2243354,1.2501694,-0.59569198,0.050000001,0.29136741,0.28120789,2.0150462e-20,1.24942,-0.59644997,0
194,-0.33261383,-2.8053001e-18,2.0428313e-18,2.1710708,1.3213097,-0.59535044,0.050000001,0.279062,0.30520892,3.2430492e-20,1.32057,-0.59610403,0
194,-0.30922502,1.8907331e-19,-5.4201268e-20,2.106781,1.3924556,-0.59503579,0.050000001,0.26368016,0.32572567,-2.8183578e-21,1.3917201,-0.59578401,0
194,-0.28454065,1.6480017e-18,-1.0571706e-18,2.0335619,1.4636118,-0.59474158,0.050000001,0.24526902,0.34241334,-1.6485876e-20,1.46288,-0.59548497,0
194,-0.25919953,4.0302597e-19,-3.2126278e-19,1.952633,1.5347762,-0.59446251,0.050000001,0.22397044,0.35506803,-1.5371197e-21,1.53405,-0.59520102,0
194,-0.23382908,1.1816367e-19,6.9206447e-20,1.8639448,1.6059446,-0.59419507,0.050000001,0.20005731,0.36359689,6.7838094e-23,1.60522,-0.59492803,0
194,-0.20901482,2.0609259e-18,-3.5895593e-19,1.7659535,1.6771187,-0.59393728,0.050000001,0.17395565,0.36795256,-1.0328251e-20,1.6763999,-0.59466499,0
194,-0.1852778,4.1054212e-19,-3.2779751e-19,1.6558737,1.7482984,-0.5936873,0.050000001,0.14627261,0.36805803,-1.5104569e-21,1.7475899,-0.59441,0
194,-0.16305691,-4.2236347e-18,5.9434302e-19,1.5304352,1.8194847,-0.59344417,0.050000001,0.11781161,0.3637501,1.8963298e-20,1.8187799,-0.59416199,0
194,-0.14269379,-8.6987489e-20,6.2880803e-20,1.3868906,1.8906792,-0.59320652,0.050000001,0.089543946,0.35475835,8.9296259e-23,1.88998,-0.59391898,0
194,-0.12443168,3.9238248e-19,-3.2702544e-19,1.2240756,1.9618758,-0.59297454,0.050000001,0.06256073,0.34072626,-1.9505801e-21,1.96118,-0.593683,0
194,-0.10840751,-9.9202401e-20,9.4287623e-20,1.0431292,2.0330737,-0.59274757,0.050000001,0.037982631,0.32127881,1.9903977e-22,2.0323801,-0.59345102,0
194,-0.094647638,1.8022934e-18,2.2417187e-19,0.84763932,2.1042802,-0.59252608,0.050000001,0.016863599,0.29611248,-6.3637662e-21,2.10359,-0.593225,0
194,-0.083084755,-1.0230282e-20,-3.1372288e-20,0.64333093,2.1754897,-0.592309,0.050000001,0.00010237368,0.26509342,1.597903e-22,2.1748099,-0.59300297,0
194,-0.073564567,-1.0081269e-18,-2.9604846e-19,0.43737277,2.2467024,-0.59209633,0.050000001,-0.01162734,0.22833143,4.3789314e-21,2.2460201,-0.59278601,0
194,-0.065863892,6.4370232e-20,4.7163619e-20,0.2374901,2.3179221,-0.59188849,0.050000001,-0.017924121,0.18621261,-3.7108933e-22,2.31725,-0.592574,0
194,-0.059716191,1.0258928e-18,3.0484214e-19,0.05117248,2.3891423,-0.59168482,0.050000001,-0.018664019,0.1394048,-4.7394073e-21,2.3884699,-0.59236598,0
194,-0.054839171,-1.0685538e-19,-4.8059523e-20,-0.1152259,2.4603724,-0.59148544,0.050000001,-0.013981213,0.088809311,2.7184553e-22,2.4597099,-0.59216201,0
194,-0.050971292,1.8515664e-19,-3.0187126e-20,-0.25691095,2.5316026,-0.59129047,0.050000001,-0.0043052286,0.035493985,3.368337e-21,2.5309401,-0.59196299,0
194,-0.047936492,3.6696236e-21,5.0165541e-20,-0.37090015,2.6028364,-0.59109956,0.050000001,0.0097094523,-0.019471286,-5.2613296e-23,2.60218,-0.59176803,0
194,-0.045572717,-1.0652403e-19,7.9604747e-20,-0.45619807,2.674077,-0.5909124,0.050000001,0.027398972,-0.074892245,-3.4312853e-21,2.67342,-0.59157699,0
194,-0.043741398,-6.8984293e-22,-2.1082761e-20,-0.51362497,2.745321,-0.59072924,0.050000001,0.048077762,-0.12957804,7.8859269e-24,2.7446699,-0.59139001,0
194,-0.042406589,-1.2813472e-19,-3.3913248e-20,-0.545147,2.8165669,-0.59054995,0.050000001,0.071002506,-0.18258165,-3.0038705e-22,2.8159201,-0.59120703,0
194,-0.041574892,-1.9949679e-18,-8.0552647e-19,-0.55320966,2.8878212,-0.59037399,0.050000001,0.095474236,-0.23311804,-3.3990213e-21,2.8871801,-0.59102702,0
194,-0.04129193,1.3580901e-19,5.7285969e-21,-0.54025859,2.9590774,-0.59020209,0.050000001,0.1208708,-0.2805692,-4.1765386e-23,2.9584401,-0.59085202,0
194,-0.041632053,1.6847246e-18,6.3064565e-19,-0.5083496,3.0303357,-0.59003383,0.050000001,0.14667584,-0.32448876,3.0024259e-21,3.0297,-0.59068,0
194,-0.042687193,1.325137e-20,6.7755256e-20,-0.45887443,3.1015997,-0.5898692,0.050000001,0.17251028,-0.36457142,-4.0157236e-23,3.10097,-0.59051198,0
194,-0.044561174,1.6657054e-19,1.1705483e-19,-0.39234662,3.1728644,-0.58970773,0.050000001,0.19815914,-0.40060532,-3.8611965e-24,3.17223,-0.59034699,0
194,-0.047366183,-2.9445638e-18,-1.5025608e-18,-0.30837107,3.2441339,-0.58954966,0.050000001,0.22360103,-0.43241286,-3.3798852e-21,3.24351,-0.590186,0
194,-0.051220831,-1.1918261e-19,-1.2538331e-19,-0.20593391,3.3154039,-0.58939505,0.050000001,0.2490155,-0.45976925,-3.7571353e-23,3.31478,-0.59002799,0
194,-0.056249168,5.9722684e-18,3.23825e-18,-0.083888806,3.3866777,-0.58924371,0.050000001,0.27478278,-0.48233962,7.2142735e-21,3.38606,-0.58987302,0
194,-0.062575348,1.6105182e-19,2.0420387e-19,0.058331728,3.4579558,-0.58909529,0.050000001,0.30143836,-0.49962592,1.6760434e-22,3.45734,-0.58972198,0
194,-0.07031294,-5.8576456e-18,-3.440634e-18,0.21991493,3.5292401,-0.58894962,0.050000001,0.32960126,-0.5109638,-7.7848294e-21,3.52863,-0.58957303,0
194,-0.079543486,-7.482184e-20,-8.9375379e-20,0.39795363,3.6005261,-0.5888077,0.050000001,0.35986945,-0.51556915,-1.265536e-22,3.59992,-0.58942801,0
194,-0.090291254,-8.3246893e-19,-1.0931716e-18,0.58724403,3.6718142,-0.58866876,0.050000001,0.39270735,-0.51264697,-2.3953402e-21,3.6712101,-0.58928603,0
194,-0.10249467,2.5856059e-18,2.1577106e-18,0.78063238,3.7431045,-0.58853245,0.050000001,0.42834857,-0.50152797,5.5354527e-21,3.7425001,-0.58914697,0
194,-0.11598283,6.018964e-18,5.3051845e-18,0.96983719,3.8143985,-0.58839864,0.050000001,0.46674284,-0.48180559,1.2652007e-20,3.8138001,-0.58901,0
194,-0.13046402,-3.0098563e-18,-2.3235991e-18,1.1466614,3.8856945,-0.58826798,0.050000001,0.5075497,-0.45343947,-6.1827146e-21,3.8850999,-0.58887702,0
194,-0.14553344,-5.0398634e-18,-5.8377349e-18,1.3041593,3.956995,-0.58814007,0.050000001,0.55018955,-0.41679159,-1.5037835e-20,3.9563999,-0.58874601,0
194,-0.16069953,-1.7632525e-18,-3.3955896e-18,1.4373447,4.028295,-0.58801502,0.050000001,0.59393007,-0.37259227,-8.5833729e-21,4.0276999,-0.58861798,0
194,-0.17542343,2.3361477e-18,3.27099e-18,1.5434257,4.0995989,-0.58789235,0.050000001,0.63797814,-0.32185709,8.8515846e-21,4.09901,-0.58849299,0
194,-0.18915875,1.9827304e-18,3.5576137e-18,1.6216513,4.170907,-0.58777159,0.050000001,0.68155545,-0.2657842,9.2595809e-21,4.17032,-0.58837003,0
194,-0.20139526,1.063168e-19,5.8628591e-20,1.6729227,4.2422171,-0.58765399,0.050000001,0.72395617,-0.20564692,-1.2035326e-23,4.2416301,-0.58824998,0
194,-0.21169303,1.096044e-20,4.9514104e-20,1.6992383,4.3135314,-0.58753872,0.050000001,0.76458395,-0.14270242,1.7183603e-22,4.3129501,-0.58813202,0
194,-0.2197054,8.2110431e-21,7.7889203e-19,1.7031516,4.384841,-0.58742589,0.050000001,0.80295521,-0.078142636,1.8697366e-21,4.3842602,-0.58801699,0
194,-0.22513849,-1.0874216e-19,8.5737736e-20,1.6871365,4.4561567,-0.58731526,0.050000001,0.83870083,-0.013058509,1.7829496e-22,4.4555802,-0.58790398,0
194,-0.22783694,-1.003483e-20,-3.9148794e-19,1.65303,4.5274773,-0.5872066,0.050000001,0.87154877,0.051556993,-1.1306789e-21,4.5268998,-0.58779299,0
194,-0.22779343,9.1633652e-19,-4.6771848e-18,1.6018021,4.5988016,-0.58710063,0.050000001,0.90128559,0.11475577,-1.0940565e-20,4.5982299,-0.58768499,0
194,-0.22505611,1.3561942e-18,-6.078179e-18,1.5336014,4.6701236,-0.58699685,0.050000001,0.92771614,0.17558101,-1.2799674e-20,4.6695499,-0.58757901,0
194,-0.21977502,-8.2767842e-19,4.822999e-18,1.448097,4.741447,-0.58689505,0.050000001,0.95065641,0.23307969,1.1458418e-20,4.74088,-0.587475,0
194,-0.21220036,-1.6702454e-18,6.924994e-18,1.3452975,4.8127751,-0.58679527,0.050000001,0.96991724,0.2862815,1.440988e-20,4.8122101,-0.58737302,0
194,-0.20266704,3.7710082e-21,4.892361e-20,1.2264304,4.8841057,-0.58669728,0.050000001,0.98532188,0.33424929,1.5362945e-23,4.8835402,-0.587273,0
194,-0.19157903,-1.8319052e-18,4.6475573e-18,1.094462,4.9554396,-0.58660126,0.050000001,0.99675012,0.37616611,7.6832655e-21,4.9548802,-0.58717501,0
194,-0.17938474,-9.1086431e-21,1.5268345e-19,0.95418566,5.026772,-0.58650756,0.050000001,1.0041866,0.41143504,8.8850931e-23,5.0262098,-0.58707899,0
194,-0.16654184,2.2163645e-18,-5.714071e-18,0.81158358,5.0981078,-0.58641535,0.050000001,1.0077472,0.43977401,-9.4973154e-21,5.0975499,-0.58698499,0
194,-0.1534858,-7.529721e-22,-1.1535304e-19,0.67297357,5.169446,-0.58632517,0.050000001,1.0077002,0.46125019,-4.6714193e-24,5.16889,-0.58689302,0
194,-0.14059952,-2.6474474e-18,5.3533975e-18,0.54402679,5.2407866,-0.58623707,0.050000001,1.0044516,0.47626689,6.4452047e-21,5.2402301,-0.58680302,0
194,-0.12819281,-2.9983101e-18,6.2387314e-18,0.42895135,5.3121266,-0.58615029,0.050000001,0.99849391,0.48549935,6.6582122e-21,5.3115702,-0.58671403,0
194,-0.11649447,2.3750518e-18,-4.7590116e-18,0.33022934,5.3834705,-0.58606559,0.050000001,0.99036908,0.4898001,-5.9864079e-21,5.3829198,-0.58662802,0
194,-0.10565588,2.7322743e-18,-5.560105e-18,0.24860355,5.4548187,-0.58598268,0.050000001,0.98061264,0.49009675,-6.148028e-21,5.4542699,-0.58654302,0
194,-0.09575922,-3.5467307e-20,8.1408873e-20,0.18334205,5.5261607,-0.58590144,0.050000001,0.96970969,0.48730263,3.5136041e-23,5.52561,-0.58645999,0
194,-0.086830325,-2.3605772e-18,4.5687828e-18,0.13274835,5.597506,-0.58582127,0.050000001,0.9580726,0.48225105,3.5100993e-21,5.5969601,-0.58637798,0
194,-0.078855619,-2.7645946e-18,5.3059794e-18,0.094607309,5.6688566,-0.58574277,0.050000001,0.94602644,0.47565565,3.6918125e-21,5.6683102,-0.58629799,0
194,-0.071794614,8.1768794e-20,-8.3015375e-20,0.066563472,5.7402086,-0.58566564,0.050000001,0.93380904,0.46809441,-6.8566407e-22,5.7396698,-0.58621901,0
194,-0.065591872,3.0618601e-18,-5.9473194e-18,0.046407331,5.8115606,-0.5855906,0.050000001,0.92157996,0.46001625,-4.2261049e-21,5.8110199,-0.58614302,0
194,-0.060183689,2.6456818e-18,-5.3256725e-18,0.032199606,5.8829169,-0.58551645,0.050000001,0.90943027,0.45175177,-3.5087754e-21,5.88238,-0.58606702,0
194,-0.0555056,2.4370705e-18,-4.87457e-18,0.022361133,5.9542685,-0.58544391,0.050000001,0.89740103,0.44353384,-2.6372214e-21,5.9537301,-0.58599299,0
194,-0.0514948,-2.0886815e-18,4.1494717e-18,0.015662059,6.0256243,-0.58537328,0.050000001,0.88549173,0.43551758,2.1999089e-21,6.0250902,-0.58592099,0
194,-0.04809339,-2.5682546e-18,5.1795539e-18,0.011165769,6.0969849,-0.5853036,0.050000001,0.87367415,0.42779994,2.8002697e-21,6.0964499,-0.58585,0
194,-0.045249116,2.1535827e-18,-4.3038989e-18,0.0081861364,6.168345,-0.58523536,0.050000001,0.86190087,0.42043346,-2.275343e-21,6.16781,-0.58578002,0
194,-0.04291581,-2.3305739e-18,4.6536222e-18,0.006242644,6.2397094,-0.58516872,0.050000001,0.85011274,0.41343832,2.1847417e-21,6.2391801,-0.58571202,0
194,-0.041053802,-4.0597867e-19,8.2455897e-19,0.0050276131,6.3110714,-0.58510333,0.050000001,0.8382436,0.40681332,3.3223083e-22,6.3105402,-0.58564502,0
194,-0.039629262,2.2892436e-18,-4.6931068e-18,0.0044393884,6.382431,-0.5850389,0.050000001,0.8262198,0.40054315,-2.1962948e-21,6.3818998,-0.58557898,0
194,-0.038614322,2.9247708e-19,-6.4567227e-19,0.004704142,6.4537969,-0.58497512,0.050000001,0.81396097,0.39461383,-2.4889478e-22,6.45327,-0.58551401,0
194,-0.037987098,-2.1894412e-18,4.4456082e-18,0.0064372187,6.5251651,-0.58491313,0.050000001,0.80137295,0.38903657,2.0823064e-21,6.5246401,-0.58545101,0
194,-0.037731893,-2.2083328e-18,4.5066491e-18,0.010466737,6.5965333,-0.58485252,0.050000001,0.78833532,0.38386789,2.1397256e-21,6.5960102,-0.58538902,0
194,-0.037839752,2.1560955e-18,-4.3843021e-18,0.017255763,6.667901,-0.58479291,0.050000001,0.77469981,0.37921041,-2.0517777e-21,6.6673799,-0.58532798,0
194,-0.038309079,1.1030547e-19,-2.7728906e-19,0.025929358,6.7392693,-0.5847345,0.050000001,0.76031131,0.37516609,4.268178e-23,6.73875,-0.58526802,0
194,-0.039145112,-3.3612093e-20,1.3245067e-19,0.033323891,6.8106418,-0.5846771,0.050000001,0.74505907,0.37172335,6.1643358e-23,6.8101201,-0.58521003,0
194,-0.040357031,2.1025879e-18,-4.1773775e-18,0.033696529,6.8820119,-0.58462042,0.050000001,0.72895551,0.36859986,-2.1633429e-21,6.8814902,-0.58515197,0
194,-0.041951239,-1.7644312e-20,1.8694684e-20,0.019672727,6.9533815,-0.58456546,0.050000001,0.71221644,0.36510193,1.9760691e-23,6.9528599,-0.585096,0
194,-0.043921422,2.5447625e-19,-5.0149401e-19,-0.01560976,7.0247579,-0.58451098,0.050000001,0.69530189,0.36008382,-2.79471e-22,7.02424,-0.58503997,0
194,-0.046235897,2.0886725e-19,-5.1230578e-19,-0.07591147,7.0961337,-0.58445781,0.050000001,0.67888677,0.35206252,-2.9266298e-22,7.0956202,-0.58498597,0
194,-0.048827942,-2.0422086e-18,4.1438829e-18,-0.16001843,7.1675057,-0.58440536,0.050000001,0.6637581,0.33948302,3.1661243e-21,7.1669898,-0.58493203,0
194,-0.05159286,-6.915522e-20,1.3674151e-19,-0.26160702,7.238884,-0.58435422,0.050000001,0.65066999,0.32104477,2.2560852e-23,7.2383699,-0.58487999,0
194,-0.054393765,1.8182456e-18,-3.7115305e-18,-0.37087473,7.3102641,-0.58430386,0.050000001,0.64021564,0.29598415,-2.943397e-21,7.3097501,-0.58482802,0
194,-0.057076454,-1.9234157e-19,4.6045391e-19,-0.47720769,7.3816419,-0.58425426,0.050000001,0.63274956,0.26420611,3.5152919e-22,7.3811302,-0.58477801,0
194,-0.059489079,-1.0027879e-18,3.5203475e-18,-0.57165998,7.453022,-0.58420539,0.050000001,0.62838191,0.22624533,3.4389206e-21,7.4525099,-0.584728,0
194,-0.061499521,-1.837727e-20,9.6074592e-20,-0.64833421,7.5244021,-0.58415806,0.050000001,0.62703145,0.18310648,7.6443253e-23,7.52389,-0.58468002,0
194,-0.063008584,5.7260384e-19,-3.3542222e-20,-0.7045238,7.5957847,-0.58411151,0.050000001,0.62849647,0.13606028,9.322158e-23,7.5952702,-0.58463198,0
194,-0.063957147,-2.0364265e-19,3.7189656e-18,-0.7399978,7.6671686,-0.58406556,0.050000001,0.63252217,0.086459428,3.6992406e-21,7.6666598,-0.58458501,0
194,-0.06432429,4.4655614e-19,-3.5308229e-18,-0.75599104,7.7385483,-0.58402014,0.050000001,0.63883215,0.035625406,-3.5806322e-21,7.73804,-0.584539,0
194,-0.064130947,5.8323972e-19,3.3216227e-21,-0.75439119,7.8099303,-0.58397549,0.050000001,0.6471352,-0.015221337,-1.3112957e-22,7.8094201,-0.58449298,0
194,-0.063422054,1.6487021e-20,1.8213349e-19,-0.73731738,7.8813162,-0.58393222,0.050000001,0.6571418,-0.064988002,1.3881318e-22,7.8808098,-0.58444899,0
194,-0.062263619,-1.3374599e-18,-7.5782739e-18,-0.70702136,7.952702,-0.58388919,0.050000001,0.66856652,-0.11272665,-6.9514457e-21,7.9521999,-0.584405,0
194,-0.061248265,-4.5666326e-19,-2.6046129e-18,-0.67944455,8.0005054,-0.58386111,0.050000001,0.6769678,-0.14280796,-2.3460367e-21,8,-0.58437622,0
194,-0.40790874,3.2666108e-21,6.3245444e-19,2.1005359,1.0009588,-0.51072633,0.050000001,0.15938602,0.18028951,-1.0241619e-20,1,-0.51302129,0
194,-0.40321478,1.4199072e-20,1.3733929e-19,2.1152182,1.0416631,-0.51042217,0.050000001,0.15761381,0.20007819,-7.2033335e-22,1.04071,-0.51270902,0
194,-0.39190626,2.8874532e-18,-2.5029778e-18,2.1206169,1.1127225,-0.50998092,0.050000001,0.15250191,0.23404947,-4.4241338e-20,1.11178,-0.51225299,0
194,-0.37760273,4.1624858e-18,-2.0400493e-18,2.1057827,1.1838026,-0.50960678,0.050000001,0.14519466,0.26657221,-4.7825564e-20,1.18287,-0.51186502,0
194,-0.36058366,-1.56005e-18,5.5003054e-19,2.0715442,1.2548991,-0.5092814,0.050000001,0.13555278,0.29681867,1.9873971e-20,1.25397,-0.51152498,0
194,-0.34126121,-6.5702865e-18,3.2269954e-18,2.0192614,1.3260061,-0.50899184,0.050000001,0.12349739,0.32406688,6.9492503e-20,1.32508,-0.51122099,0
194,-0.32015666,3.260089e-18,7.276514e-19,1.9503751,1.3971212,-0.50872743,0.050000001,0.10902222,0.3477293,-2.4900878e-20,1.39621,-0.51094198,0
194,-0.29787663,5.5860193e-18,-1.3712688e-18,1.8660151,1.4682457,-0.5084818,0.050000001,0.092212215,0.36734816,-4.2303723e-20,1.46734,-0.51068199,0
194,-0.27505279,-3.3223885e-18,-3.4820615e-19,1.7665917,1.5393782,-0.50825012,0.050000001,0.073291771,0.38256994,2.6013635e-20,1.53848,-0.510436,0
194,-0.25230154,-3.5618397e-18,2.7251752e-19,1.6516525,1.6105146,-0.50802922,0.050000001,0.052657451,0.39311168,2.5088672e-20,1.60962,-0.51020098,0
194,-0.23020017,6.1034142e-18,1.025364e-19,1.5200099,1.6816566,-0.50781679,0.050000001,0.030874904,0.39870661,-3.0361622e-20,1.68077,-0.50997502,0
194,-0.2092554,-3.5363233e-18,-1.0626857e-18,1.3702004,1.7528064,-0.5076108,0.050000001,0.0086879311,0.39905575,1.6885467e-20,1.75193,-0.50975502,0
194,-0.18988204,-5.0278511e-18,1.0224697e-18,1.201268,1.8239605,-0.50741065,0.050000001,-0.013001576,0.39380804,2.3932406e-20,1.82309,-0.50954098,0
194,-0.17238307,3.971314e-18,8.7858368e-19,1.0134938,1.8951215,-0.50721556,0.050000001,-0.033193149,0.38257694,-1.9068849e-20,1.89425,-0.50933301,0
194,-0.1569443,-3.6070476e-18,-1.2741562e-18,0.80902052,1.9662918,-0.50702494,0.050000001,-0.050860871,0.3649902,1.5674347e-20,1.96543,-0.50912899,0
194,-0.14362837,7.2055923e-20,6.1898436e-20,0.59218675,2.0374627,-0.50683868,0.050000001,-0.065037295,0.34077406,-2.6804332e-22,2.0366001,-0.50893003,0
194,-0.13237208,-7.1677475e-19,-1.0112942e-18,0.36924919,2.1086404,-0.50665683,0.050000001,-0.074908912,0.309834,6.5161577e-21,2.10779,-0.50873601,0
194,-0.12300953,-2.3016836e-18,-1.0261359e-18,0.14790204,2.1798213,-0.50647861,0.050000001,-0.079886012,0.27233434,1.324695e-20,2.1789701,-0.50854498,0
194,-0.11528973,-1.7988556e-19,4.1543679e-20,-0.06362009,2.2510085,-0.50630385,0.050000001,-0.079648353,0.22873336,3.6855279e-21,2.25017,-0.508358,0
194,-0.10890871,2.1202364e-18,1.1584001e-18,-0.25752971,2.3221993,-0.50613308,0.050000001,-0.074164651,0.17978539,-1.2452698e-20,2.3213601,-0.50817603,0
194,-0.10354658,2.6787067e-18,1.1501433e-18,-0.42739305,2.3933971,-0.50596577,0.050000001,-0.063668355,0.12649055,-1.6706499e-20,2.39257,-0.50799698,0
194,-0.098910064,-5.650293e-20,-1.4644656e-19,-0.5687629,2.4645977,-0.5058018,0.050000001,-0.048622292,0.070039347,9.4092716e-23,2.4637699,-0.50782102,0
194,-0.094770171,1.5841397e-19,-3.5846647e-20,-0.67946756,2.5358014,-0.50564176,0.050000001,-0.029711457,0.011646017,3.6984065e-21,2.5349801,-0.50765002,0
194,-0.090947576,-2.1298049e-21,5.3442533e-20,-0.7595048,2.6070137,-0.50548494,0.050000001,-0.0076327035,-0.047440398,-1.1736876e-22,2.6062,-0.50748199,0
194,-0.087317482,-1.9097291e-19,3.0377833e-20,-0.81063741,2.67823,-0.50533104,0.050000001,0.016994216,-0.10594194,-3.7009862e-21,2.6774199,-0.50731701,0
194,-0.083854601,-6.7622209e-20,-4.3323759e-20,-0.83582431,2.7494483,-0.50518042,0.050000001,0.043435365,-0.16276832,-1.4630329e-22,2.7486401,-0.50715601,0
194,-0.080597028,1.5236134e-20,2.1804895e-20,-0.83855438,2.8206747,-0.50503302,0.050000001,0.070947655,-0.21703491,-2.5978505e-23,2.81987,-0.506998,0
194,-0.07762856,-1.6674015e-18,-7.2726604e-19,-0.82231349,2.8919072,-0.50488889,0.050000001,0.098894566,-0.26804107,-3.0229919e-21,2.8911099,-0.50684398,0
194,-0.075068384,3.6782402e-18,1.4735295e-18,-0.79033548,2.9631395,-0.50474727,0.050000001,0.12669095,-0.31528181,8.0171201e-21,2.9623401,-0.50669199,0
194,-0.073049873,5.8360889e-18,2.6533268e-18,-0.74524724,3.0343773,-0.50460905,0.050000001,0.15383011,-0.35845739,1.1067816e-20,3.0335901,-0.50654399,0
194,-0.071709171,-3.706459e-18,-1.5127229e-18,-0.68874574,3.1056154,-0.50447375,0.050000001,0.17990369,-0.39743701,-8.0413838e-21,3.10483,-0.50639898,0
194,-0.07117673,3.988439e-19,3.1101179e-19,-0.6213094,3.1768594,-0.50434101,0.050000001,0.20464985,-0.43222979,-6.5525422e-22,3.17608,-0.506257,0
194,-0.071574762,-2.3644172e-18,-1.1713731e-18,-0.54201341,3.2481079,-0.50421089,0.050000001,0.22799058,-0.4629057,-2.7376849e-21,3.24733,-0.506118,0
194,-0.073019959,-4.5813613e-18,-2.2952411e-18,-0.44854978,3.3193598,-0.50408375,0.050000001,0.25007111,-0.48950484,-7.503819e-21,3.3185899,-0.50598198,0
194,-0.075627647,5.7499115e-18,3.0725545e-18,-0.33764148,3.3906159,-0.50395906,0.050000001,0.27128649,-0.51193416,7.0691469e-21,3.3898499,-0.50584799,0
194,-0.079515196,-9.381507e-20,5.3277307e-20,-0.20589885,3.461874,-0.50383687,0.050000001,0.29227087,-0.52987552,-1.2514847e-22,3.4611101,-0.50571698,0
194,-0.084800184,-6.036257e-18,-3.6767723e-18,-0.051005147,3.5331354,-0.50371724,0.050000001,0.31384537,-0.54273617,-8.2805473e-21,3.5323801,-0.50558901,0
194,-0.091587685,-1.1391717e-20,2.7895208e-21,0.12702899,3.6044037,-0.50360048,0.050000001,0.33691341,-0.54966474,-3.1663321e-23,3.6036501,-0.50546402,0
194,-0.099948861,-5.5180015e-18,-4.1127648e-18,0.32494906,3.6756771,-0.5034861,0.050000001,0.36231992,-0.54965389,-1.1334248e-20,3.6749201,-0.50534099,0
194,-0.1098892,2.6091537e-18,2.1218574e-18,0.5360595,3.7469511,-0.50337392,0.050000001,0.39070511,-0.54170871,5.7344716e-21,3.7462001,-0.50522101,0
194,-0.12131534,1.11713e-17,8.871632e-18,0.75101149,3.8182247,-0.50326377,0.050000001,0.42238501,-0.52504915,2.2581013e-20,3.8174801,-0.50510299,0
194,-0.13401252,-7.7473281e-18,-6.9071306e-18,0.9594112,3.8895006,-0.50315624,0.050000001,0.45729977,-0.4992846,-1.9605891e-20,3.8887601,-0.50498801,0
194,-0.14763689,-5.2625413e-18,-6.5981567e-18,1.1515555,3.9607811,-0.50305092,0.050000001,0.4950397,-0.46450788,-1.6279654e-20,3.9600401,-0.504875,0
194,-0.16173238,7.0183181e-18,6.5510488e-18,1.3198004,4.0320649,-0.50294781,0.050000001,0.53493571,-0.42129135,2.024394e-20,4.0313301,-0.50476402,0
194,-0.17576405,-8.0308598e-19,-1.7500437e-18,1.4593192,4.103353,-0.50284678,0.050000001,0.57616985,-0.37060821,-6.8795101e-21,4.1026201,-0.50465602,0
194,-0.1891638,-2.2524548e-18,-2.3112946e-18,1.5680583,4.1746497,-0.50274718,0.050000001,0.6178869,-0.31370068,-7.3857349e-21,4.1739202,-0.50454903,0
194,-0.20137756,3.5130886e-18,5.9265204e-18,1.6461529,4.2459459,-0.50265032,0.050000001,0.65927702,-0.25194547,1.7564174e-20,4.2452202,-0.50444502,0
194,-0.21190549,1.3192504e-20,1.106683e-19,1.6953032,4.3172383,-0.50255579,0.050000001,0.69962794,-0.18673393,-4.1426873e-23,4.3165102,-0.50434399,0
194,-0.22033179,-1.3677798e-20,1.6210556e-19,1.7180996,4.388535,-0.50246269,0.050000001,0.73834771,-0.11938929,5.3941141e-23,4.3878198,-0.50424403,0
194,-0.22633514,-1.3163344e-19,-7.4528295e-18,1.7173634,4.4598379,-0.50237155,0.050000001,0.77497298,-0.051134389,-2.0249499e-20,4.4591198,-0.50414598,0
194,-0.22970532,6.2483673e-21,-5.6281074e-19,1.6955212,4.5311437,-0.50228214,0.050000001,0.80914557,0.016929705,-9.9713654e-22,4.5304298,-0.50405002,0
194,-0.23034979,1.1313066e-18,2.5950294e-18,1.6543096,4.6024499,-0.5021947,0.050000001,0.84055591,0.08376696,9.0234354e-21,4.6017399,-0.50395602,0
194,-0.22828081,1.3201299e-18,-5.1835989e-18,1.5947114,4.6737576,-0.50210881,0.050000001,0.86897242,0.14839023,-1.1265684e-20,4.6730499,-0.50386399,0
194,-0.22362015,-9.9891034e-19,5.1112851e-18,1.5170289,4.7450719,-0.50202477,0.050000001,0.89422041,0.20983692,1.2035264e-20,4.74437,-0.50377399,0
194,-0.21659139,-1.30869e-18,5.2523851e-18,1.421441,4.8163867,-0.50194275,0.050000001,0.91611147,0.26712468,1.124638e-20,4.81568,-0.50368601,0
194,-0.20750062,-2.6939574e-21,-1.5872862e-19,1.3087755,4.8877025,-0.50186175,0.050000001,0.93446189,0.31929323,-9.2460658e-23,4.8870001,-0.50359899,0
194,-0.19673169,-6.1566044e-18,1.4661659e-17,1.1812781,4.9590211,-0.50178266,0.050000001,0.94912165,0.36546329,2.5701954e-20,4.9583201,-0.50351399,0
194,-0.18472317,-4.6240495e-20,5.3281268e-19,1.0429285,5.0303426,-0.50170541,0.050000001,0.96000993,0.40493679,3.6416195e-22,5.0296502,-0.50343102,0
194,-0.17193648,6.3197414e-18,-1.5021239e-17,0.89915347,5.101665,-0.50162947,0.050000001,0.96715349,0.4372946,-2.6340607e-20,5.1009698,-0.50335002,0
194,-0.15882087,-4.8147314e-20,-1.7909352e-19,0.75617987,5.1729913,-0.50155479,0.050000001,0.97071052,0.46246448,6.8179462e-23,5.1722999,-0.50326997,0
194,-0.14578348,-2.9090447e-18,5.6535371e-18,0.62009132,5.2443194,-0.50148219,0.050000001,0.97097147,0.4807269,6.879397e-21,5.2436299,-0.50319201,0
194,-0.13316448,-7.6681032e-18,1.4873875e-17,0.49587387,5.3156476,-0.50141066,0.050000001,0.96833628,0.49267548,1.6858096e-20,5.31496,-0.503115,0
194,-0.12122308,2.6951755e-18,-5.1775116e-18,0.38696325,5.3869777,-0.50134087,0.050000001,0.96327567,0.49913049,-6.3794293e-21,5.3862901,-0.50304002,0
194,-0.11013697,3.0129667e-18,-6.1686039e-18,0.29501131,5.4583139,-0.50127244,0.050000001,0.95628327,0.50103766,-8.382385e-21,5.4576302,-0.50296599,0
194,-0.10001037,-5.0568603e-18,9.3345942e-18,0.22002743,5.5296497,-0.50120538,0.050000001,0.94783348,0.49936655,8.5186598e-21,5.5289698,-0.50289398,0
194,-0.090885565,-2.7591472e-18,5.4732349e-18,0.16082163,5.6009879,-0.50113916,0.050000001,0.93834823,0.49503118,2.7100475e-21,5.6003098,-0.502823,0
194,-0.082758889,6.8013433e-18,-1.2507269e-17,0.1154221,5.6723261,-0.50107425,0.050000001,0.9281776,0.4888362,-1.1177013e-20,5.6716499,-0.50275302,0
194,-0.075594574,5.85077e-19,-1.0849429e-18,0.081525356,5.7436638,-0.50101078,0.050000001,0.91759211,0.48144996,-2.4075332e-21,5.74299,-0.50268501,0
194,-0.069337718,-2.337217e-18,4.2847695e-18,0.056815851,5.8150034,-0.50094855,0.050000001,0.90678382,0.47340158,3.5221298e-21,5.8143301,-0.50261903,0
194,-0.063923605,7.5614755e-18,-1.4416926e-17,0.039170954,5.8863478,-0.50088716,0.050000001,0.89587653,0.4650884,-1.003827e-20,5.8856802,-0.50255299,0
194,-0.059285261,-1.7340441e-18,3.0500829e-18,0.02680942,5.9576936,-0.50082767,0.050000001,0.88493943,0.45679605,2.1485479e-21,5.9570298,-0.50248897,0
194,-0.055357106,-2.7177153e-18,5.3944393e-18,0.018306894,6.0290384,-0.50076914,0.050000001,0.87399513,0.4487195,2.8268185e-21,6.0283699,-0.50242603,0
194,-0.05207777,-2.1142679e-18,4.3126794e-18,0.012542824,6.1003861,-0.50071156,0.050000001,0.86303276,0.44098288,1.9275631e-21,6.09972,-0.50236398,0
194,-0.049392324,2.3433911e-18,-4.6394017e-18,0.0086797718,6.1717377,-0.50065553,0.050000001,0.85201854,0.43365717,-2.4165017e-21,6.1710801,-0.50230402,0
194,-0.047252804,2.0591367e-18,-3.7932696e-18,0.0061399266,6.2430902,-0.50060028,0.050000001,0.840904,0.42677581,-2.5007033e-21,6.2424302,-0.502244,0
194,-0.045617729,4.17928e-18,-8.1010413e-18,0.0045662168,6.3144426,-0.50054628,0.050000001,0.82962757,0.42034531,-4.2494255e-21,6.3137798,-0.502186,0
194,-0.044452395,6.5923445e-18,-1.2984263e-17,0.003912969,6.3857961,-0.50049281,0.050000001,0.81811696,0.41436055,-6.5298623e-21,6.3851399,-0.50212902,0
194,-0.043728895,-9.8559501e-20,1.3001245e-19,0.004551644,6.4571543,-0.50043982,0.050000001,0.80628783,0.40882659,5.2202609e-23,6.4565001,-0.50207198,0
194,-0.043426048,-6.3576382e-18,1.2417243e-17,0.007199774,6.5285125,-0.50038874,0.050000001,0.79403347,0.40378347,6.27668e-21,6.5278602,-0.50201702,0
194,-0.043529991,-6.4304355e-18,1.2635731e-17,0.012509111,6.5998726,-0.50033838,0.050000001,0.78121758,0.39932114,6.4339186e-21,6.5992198,-0.50196302,0
194,-0.044035085,6.1769762e-18,-1.1851822e-17,0.020251926,6.6712332,-0.50028902,0.050000001,0.76768458,0.39555514,-6.4364725e-21,6.6705799,-0.50190997,0
194,-0.044944383,-3.7724151e-18,6.8026568e-18,0.028271683,6.7425909,-0.50024098,0.050000001,0.75329733,0.3925423,4.4624031e-21,6.74194,-0.501858,0
194,-0.046267945,-4.2060906e-18,7.9861922e-18,0.031805601,6.8139548,-0.50019348,0.050000001,0.73800313,0.39013195,4.6611131e-21,6.8133101,-0.50180697,0
194,-0.048017725,6.243319e-18,-1.1699248e-17,0.023861878,6.8853168,-0.50014675,0.050000001,0.72191769,0.38780409,-6.8557828e-21,6.8846698,-0.50175703,0
194,-0.050198212,-9.2209773e-21,-4.412258e-20,-0.0030967733,6.9566803,-0.50010115,0.050000001,0.70538151,0.38456869,2.1157356e-24,6.9560399,-0.50170797,0
194,-0.052792832,4.9570165e-20,-3.4652693e-20,-0.054595087,7.0280476,-0.50005639,0.050000001,0.68896717,0.37900588,-4.8603894e-23,7.0274,-0.50165999,0
194,-0.055751,3.5923854e-18,-6.6636235e-18,-0.13182516,7.0994158,-0.5000121,0.050000001,0.67340577,0.36947307,-5.8813422e-21,7.0987701,-0.50161201,0
194,-0.058978982,-5.0195954e-18,9.7378018e-18,-0.2306276,7.1707811,-0.49996895,0.050000001,0.65946174,0.35442695,8.823639e-21,7.1701398,-0.50156599,0
194,-0.062341243,-7.5095711e-19,7.0425496e-19,-0.34237322,7.2421513,-0.49992636,0.050000001,0.64779478,0.33275077,-2.9175933e-22,7.2415099,-0.50151998,0
194,-0.065671369,5.4198268e-18,-1.0626028e-17,-0.45631441,7.3135276,-0.49988458,0.050000001,0.63886124,0.3039721,-9.5774275e-21,7.3128901,-0.50147498,0
194,-0.068790987,-3.0982585e-18,6.4201222e-18,-0.56231201,7.3848977,-0.49984372,0.050000001,0.63288116,0.26831099,6.7053898e-21,7.3842602,-0.50143099,0
194,-0.071531765,-1.0777037e-18,3.7264019e-18,-0.65283477,7.4562674,-0.49980354,0.050000001,0.62986535,0.22656061,3.5971851e-21,7.4556298,-0.50138801,0
194,-0.073753037,1.7667589e-20,-6.2937381e-20,-0.72360927,7.5276437,-0.49976426,0.050000001,0.62968278,0.17989409,-8.3967181e-23,7.52701,-0.50134599,0
194,-0.07535287,5.7764928e-19,1.1288629e-19,-0.77319121,7.5990181,-0.49972564,0.050000001,0.63212281,0.12966968,1.8995584e-22,7.5983801,-0.50130397,0
194,-0.076274149,-7.2530485e-20,-2.653188e-18,-0.80205035,7.6703939,-0.49968728,0.050000001,0.63694012,0.077271022,-3.8380599e-21,7.6697602,-0.50126302,0
194,-0.076504886,4.952593e-19,-3.9661474e-18,-0.81164563,7.7417698,-0.49964961,0.050000001,0.64388758,0.024020048,-4.0158767e-21,7.7411399,-0.50122303,0
194,-0.076072164,-4.4596672e-19,2.4892964e-19,-0.80382311,7.8131475,-0.49961275,0.050000001,0.6527136,-0.028871413,5.1495987e-22,7.81252,-0.50118297,0
194,-0.075031944,-5.0158258e-20,-3.2598449e-19,-0.78059751,7.8845282,-0.49957702,0.050000001,0.66314411,-0.080306172,-3.6003127e-22,7.8839002,-0.50114501,0
194,-0.073466569,-3.8656151e-19,-9.6906866e-19,-0.74413836,7.9559059,-0.49954134,0.050000001,0.67489153,-0.12932953,4.8782855e-22,7.9552798,-0.50110602,0
194,-0.072221026,-1.2521664e-19,-2.9623289e-19,-0.71446341,8.0006247,-0.49951974,0.050000001,0.68289149,-0.15803754,2.2306399e-22,8,-0.50108284,0
194,-0.40106595,5.8561042e-19,-2.3963932e-19,1.8147463,0.99841893,-0.41486132,0.050000001,0.018474488,0.18506823,-1.853318e-20,1,-0.4134213,0
194,-0.39628473,3.4490901e-19,5.3379755e-20,1.8348752,1.0487686,-0.41459745,0.050000001,0.014151429,0.21111263,-8.6981523e-21,1.0503401,-0.41316599,0
194,-0.38683456,1.5186759e-18,4.7677289e-19,1.8413534,1.1197855,-0.41430515,0.050000001,0.0068767066,0.24733444,-1.9161078e-20,1.12135,-0.41288599,0
194,-0.37479284,3.2430753e-18,-7.3918581e-19,1.825335,1.1908191,-0.41407159,0.050000001,-0.0016994287,0.2821494,-3.3016898e-20,1.1923701,-0.412664,0
194,-0.36042142,-1.0605282e-18,-6.5608471e-19,1.7869306,1.2618676,-0.41388062,0.050000001,-0.011664129,0.31468672,1.1157616e-20,1.2634,-0.41248399,0
194,-0.34410429,-4.1306885e-18,5.7102165e-19,1.7266715,1.3329247,-0.41371998,0.050000001,-0.023041651,0.34415054,3.9215053e-20,1.33445,-0.412334,0
194,-0.32632774,4.9508551e-18,7.3120776e-19,1.6451654,1.4039909,-0.4135806,0.050000001,-0.035771225,0.36983028,-3.5516967e-20,1.4055001,-0.41220501,0
194,-0.30765739,5.9486061e-18,1.4802239e-19,1.5428623,1.4750681,-0.41345596,0.050000001,-0.049690928,0.39111164,-3.990707e-20,1.47657,-0.41209,0
194,-0.28868231,-4.9685584e-18,-6.8725391e-19,1.4198778,1.5461524,-0.41334197,0.050000001,-0.064483553,0.4074564,3.5378292e-20,1.54764,-0.41198501,0
194,-0.26997048,-4.8858854e-18,5.4986166e-20,1.2760494,1.6172441,-0.41323566,0.050000001,-0.079662554,0.41836506,3.1794755e-20,1.6187201,-0.411888,0
194,-0.25204372,5.2387313e-18,1.0969931e-18,1.1112381,1.6883394,-0.41313466,0.050000001,-0.094588742,0.42335144,-2.5827349e-20,1.68981,-0.411796,0
194,-0.23534277,-4.4291535e-18,-1.0120837e-18,0.92585033,1.7594433,-0.41303828,0.050000001,-0.10848521,0.42193195,2.0224354e-20,1.7609,-0.411708,0
194,-0.22020139,-1.006641e-18,2.2684498e-19,0.72148138,1.8305553,-0.41294551,0.050000001,-0.1204868,0.41364104,7.2541946e-21,1.832,-0.41162401,0
194,-0.20682836,3.7476898e-18,6.1907583e-19,0.5014863,1.9016705,-0.41285479,0.050000001,-0.12971029,0.39807782,-1.7059576e-20,1.90311,-0.411542,0
194,-0.19529776,-3.7174915e-18,-9.7536257e-19,0.27124342,1.9727925,-0.41276667,0.050000001,-0.13534211,0.3749797,1.6125889e-20,1.97422,-0.41146201,0
194,-0.18554826,-3.4647691e-20,4.5836058e-20,0.038030662,2.0439222,-0.41268072,0.050000001,-0.13672668,0.34430251,1.4255952e-22,2.0453401,-0.41138399,0
194,-0.17739546,-2.1098706e-18,-8.781946e-19,-0.18965445,2.1150591,-0.41259658,0.050000001,-0.13343775,0.30628642,8.6749702e-21,2.1164601,-0.41130701,0
194,-0.17055893,-2.6455885e-18,-1.2797433e-18,-0.40305632,2.1862023,-0.41251469,0.050000001,-0.12532035,0.26148614,1.6843431e-20,2.1875999,-0.41123301,0
194,-0.16469948,2.8779035e-19,1.5952134e-20,-0.5942598,2.2573488,-0.41243398,0.050000001,-0.11249482,0.21076305,3.876987e-21,2.2587299,-0.41115999,0
194,-0.15945788,2.5692511e-18,1.2798794e-18,-0.7572453,2.3285019,-0.41235474,0.050000001,-0.095317595,0.15522352,-1.297883e-20,2.32988,-0.41108799,0
194,-0.15450403,1.6651326e-18,8.227798e-19,-0.88833636,2.3996599,-0.41227752,0.050000001,-0.074305728,0.096141212,-1.1598917e-20,2.4010301,-0.41101801,0
194,-0.14957836,1.8901594e-19,1.100788e-19,-0.98626822,2.4708216,-0.41220185,0.050000001,-0.050143469,0.034852911,-4.5986137e-21,2.4721799,-0.41094899,0
194,-0.14452042,-1.7608174e-20,-3.6229609e-20,-1.0521145,2.5419891,-0.41212788,0.050000001,-0.023547539,-0.027299454,1.3370841e-22,2.54334,-0.410882,0
194,-0.13919045,3.8815309e-21,2.4643439e-20,-1.0886835,2.6131673,-0.41205567,0.050000001,0.0049323235,-0.088992484,1.2726723e-22,2.6145101,-0.410817,0
194,-0.13355975,-6.2047934e-19,-1.9516444e-19,-1.0995182,2.6843472,-0.41198426,0.050000001,0.034742035,-0.14908221,-3.7768356e-21,2.6856799,-0.410752,0
194,-0.12773618,-7.9217681e-19,-3.5119181e-19,-1.0884223,2.755533,-0.41191447,0.050000001,0.065251164,-0.20660295,-3.6270561e-21,2.75686,-0.410689,0
194,-0.12185608,2.1964561e-19,-2.873518e-21,-1.0593418,2.8267252,-0.4118464,0.050000001,0.095879987,-0.26071256,2.168788e-21,2.8280399,-0.41062701,0
194,-0.11610188,3.5615194e-19,4.5463598e-20,-1.0162003,2.8979185,-0.41177973,0.050000001,0.12608926,-0.31076661,2.1841003e-21,2.89923,-0.41056699,0
194,-0.1106793,4.2155444e-18,1.7961416e-18,-0.96271217,2.969116,-0.41171384,0.050000001,0.15535377,-0.35633796,1.0110685e-20,2.9704199,-0.41050699,0
194,-0.1057928,4.4471054e-18,2.1767198e-18,-0.90212744,3.0403221,-0.41164979,0.050000001,0.18317741,-0.3972314,9.3055177e-21,3.04162,-0.410449,0
194,-0.10163083,-3.0144912e-18,-1.2250129e-18,-0.83692157,3.1115294,-0.41158712,0.050000001,0.20911548,-0.43346947,-6.8134092e-21,3.1128199,-0.41039199,0
194,-0.098354615,1.665921e-18,9.6543082e-19,-0.76832676,3.1827433,-0.41152543,0.050000001,0.23282199,-0.4652673,1.6780433e-21,3.1840301,-0.41033599,0
194,-0.096096501,-1.5976936e-18,-7.747843e-19,-0.69583154,3.2539637,-0.41146517,0.050000001,0.25409779,-0.49296099,-3.049324e-21,3.25524,-0.41028199,0
194,-0.094964698,-5.3170884e-18,-2.7026822e-18,-0.61686081,3.3251834,-0.41140607,0.050000001,0.27295348,-0.51690948,-8.9106989e-21,3.3264501,-0.41022801,0
194,-0.095051982,6.8145522e-19,3.2916337e-19,-0.52677232,3.3964093,-0.41134843,0.050000001,0.2896682,-0.53736222,1.3035761e-21,3.39767,-0.41017601,0
194,-0.096448436,-9.001974e-21,-5.7193574e-21,-0.41946322,3.4676428,-0.41129187,0.050000001,0.30482697,-0.55431533,-1.6877263e-23,3.4689,-0.41012499,0
194,-0.099248774,8.4305224e-19,4.5667913e-19,-0.28870878,3.5388765,-0.41123608,0.050000001,0.31931531,-0.56739527,1.342207e-21,3.5401299,-0.410074,0
194,-0.10355176,1.1668245e-20,8.483395e-20,-0.13002984,3.6101143,-0.41118181,0.050000001,0.33424744,-0.57581216,1.1664419e-23,3.6113601,-0.410025,0
194,-0.10944788,-5.4951804e-18,-3.6902818e-18,0.05737837,3.6813605,-0.41112867,0.050000001,0.35082519,-0.57841951,-1.022025e-20,3.6826,-0.40997699,0
194,-0.11698943,3.7889939e-19,1.7120527e-19,0.26940712,3.7526088,-0.41107666,0.050000001,0.3701449,-0.57389355,7.8344339e-22,3.75384,-0.40992999,0
194,-0.12615494,3.8577412e-18,2.7859379e-18,0.49717331,3.823859,-0.41102538,0.050000001,0.39300603,-0.56099635,7.153151e-21,3.8250799,-0.40988299,0
194,-0.13681188,-4.7320265e-18,-4.6459749e-18,0.72856283,3.8951104,-0.41097528,0.050000001,0.41977614,-0.53884429,-1.3545524e-20,3.8963301,-0.40983799,0
194,-0.14869243,1.7324237e-18,1.1043019e-18,0.95065939,3.9663639,-0.41092607,0.050000001,0.45035151,-0.50710845,4.3450739e-21,3.9675801,-0.40979299,0
194,-0.16139524,8.5328941e-18,1.0121916e-17,1.1522661,4.037622,-0.41087815,0.050000001,0.48422486,-0.46607798,2.9097106e-20,4.0388298,-0.40975001,0
194,-0.17441097,-4.2894154e-18,-6.6084398e-18,1.3254749,4.1088853,-0.41083089,0.050000001,0.52061462,-0.41659328,-2.0553647e-20,4.1100898,-0.40970701,0
194,-0.18716666,-4.1220511e-18,-6.092562e-18,1.4660653,4.1801577,-0.41078505,0.050000001,0.55861449,-0.359896,-1.7331381e-20,4.1813598,-0.409666,0
194,-0.19907729,3.1580585e-18,5.5218582e-18,1.5730829,4.25143,-0.41073999,0.050000001,0.59731561,-0.29745126,1.6681259e-20,4.2526202,-0.40962499,0
194,-0.20959608,4.4679902e-19,8.6211653e-19,1.6478164,4.3227038,-0.41069534,0.050000001,0.63589472,-0.23077542,2.3136862e-21,4.3238902,-0.40958399,0
194,-0.21825047,-1.7455133e-19,-8.8199766e-19,1.6927485,4.39398,-0.41065192,0.050000001,0.67365015,-0.16133572,-3.1240667e-21,4.3951602,-0.409545,0
194,-0.22466585,1.0486952e-19,-7.9754778e-18,1.710858,4.4652591,-0.41060981,0.050000001,0.71000785,-0.090491265,-2.1516068e-20,4.4664402,-0.40950701,0
194,-0.22858323,1.4332383e-19,9.8652062e-19,1.7049713,4.5365429,-0.41056812,0.050000001,0.74450278,-0.019499052,3.7232546e-21,4.5377202,-0.40946901,0
194,-0.229853,-3.3038133e-20,7.4953292e-18,1.6774031,4.6078291,-0.4105272,0.050000001,0.77677119,0.05051465,2.0262587e-20,4.6090002,-0.40943199,0
194,-0.22844401,8.2877578e-20,5.1651981e-20,1.6297537,4.6791143,-0.41048709,0.050000001,0.80654484,0.11853883,-1.7681575e-22,4.6802802,-0.40939599,0
194,-0.22444324,-3.7072519e-19,1.127387e-18,1.5627947,4.7504086,-0.41044742,0.050000001,0.83359492,0.18358043,2.7022605e-21,4.7515702,-0.40935999,0
194,-0.21803266,-6.2252346e-20,4.6701981e-20,1.4768822,4.8217049,-0.41040903,0.050000001,0.85769957,0.24463442,2.6270616e-23,4.8228598,-0.409325,0
194,-0.20949036,2.998456e-19,-1.2707323e-18,1.3727363,4.8930011,-0.41037145,0.050000001,0.87865853,0.30071697,-2.7495708e-21,4.8941498,-0.409291,0
194,-0.19917968,-4.2243063e-18,9.4749817e-18,1.2521569,4.9643002,-0.41033462,0.050000001,0.89629298,0.35090598,1.7146669e-20,4.9654498,-0.40925801,0
194,-0.18752579,-3.7590233e-19,1.0590156e-18,1.1184886,5.0356007,-0.41029856,0.050000001,0.91047001,0.39442426,1.4649405e-21,5.0367398,-0.40922499,0
194,-0.17498428,4.0507734e-18,-9.0797631e-18,0.97660291,5.1069045,-0.41026309,0.050000001,0.92113853,0.43074787,-1.6408087e-20,5.1080399,-0.40919301,0
194,-0.16201176,5.6198754e-19,-1.3457248e-18,0.83243734,5.1782117,-0.41022798,0.050000001,0.92835367,0.45967242,-2.178283e-21,5.1793499,-0.409161,0
194,-0.14903212,-4.4162569e-20,-1.061858e-19,0.69220036,5.2495222,-0.41019434,0.050000001,0.93229318,0.48135161,0,5.2506499,-0.40913099,0
194,-0.1364066,-5.9506178e-18,1.0983706e-17,0.56143034,5.3208342,-0.41016066,0.050000001,0.93324828,0.49628127,1.2962596e-20,5.32196,-0.4091,0
194,-0.12441984,-4.8000676e-19,1.0359792e-18,0.44432703,5.3921456,-0.41012836,0.050000001,0.93159789,0.50522298,1.0405152e-21,5.39327,-0.409071,0
194,-0.11327337,-1.5626049e-19,1.5148237e-19,0.34340388,5.4634638,-0.41009629,0.050000001,0.92776942,0.50910848,-1.8364153e-21,5.4645801,-0.409042,0
194,-0.10309109,-3.4789405e-18,6.4279374e-18,0.25947931,5.5347862,-0.41006458,0.050000001,0.92219919,0.50893521,5.4063523e-21,5.5359001,-0.409013,0
194,-0.093931191,8.4232096e-19,-1.3803896e-18,0.19196695,5.6061077,-0.41003367,0.050000001,0.91529649,0.50567728,-2.9344517e-21,5.6072202,-0.40898499,0
194,-0.085800052,8.7787603e-18,-1.6274818e-17,0.13927792,5.6774321,-0.41000336,0.050000001,0.90741861,0.50021684,-1.3465874e-20,5.6785402,-0.40895799,0
194,-0.078667969,-2.6360532e-19,4.3719933e-19,0.099284731,5.7487555,-0.40997359,0.050000001,0.89885652,0.49330595,-6.0915122e-22,5.7498598,-0.40893099,0
194,-0.072482273,-4.5725978e-18,8.537217e-18,0.069679938,5.8200793,-0.40994418,0.050000001,0.88983011,0.48555249,6.4316742e-21,5.8211799,-0.40890399,0
194,-0.067178376,4.7933421e-18,-8.8555533e-18,0.048260078,5.8914065,-0.4099153,0.050000001,0.88049418,0.47742343,-6.3405046e-21,5.8925099,-0.408878,0
194,-0.06268812,-3.9715522e-18,7.5501382e-18,0.033079889,5.9627371,-0.40988737,0.050000001,0.87094611,0.4692632,4.3999764e-21,5.96383,-0.40885299,0
194,-0.058943916,1.7593117e-19,-3.2569086e-19,0.022508981,6.0340691,-0.40985996,0.050000001,0.86123258,0.4613111,-2.1681376e-22,6.0351601,-0.40882799,0
194,-0.055882901,-7.9890435e-20,2.1110669e-19,0.01527289,6.1054034,-0.40983337,0.050000001,0.85136563,0.45372432,-2.8137967e-22,6.1064901,-0.408804,0
194,-0.053448547,1.6370699e-19,-2.5215774e-19,0.010391638,6.1767406,-0.40980688,0.050000001,0.84132856,0.4465982,-1.5900254e-22,6.1778302,-0.40878001,0
194,-0.051591866,4.3423616e-18,-8.2882381e-18,0.0071761115,6.2480793,-0.40978077,0.050000001,0.83108455,0.43998325,-4.5870998e-21,6.2491598,-0.40875599,0
194,-0.05027099,4.3721756e-18,-8.3947012e-18,0.0052800821,6.3194189,-0.40975547,0.050000001,0.8205803,0.43390021,-4.3965263e-21,6.3204999,-0.40873301,0
194,-0.049451612,4.7453946e-18,-9.0660401e-18,0.0047569866,6.3907585,-0.40973058,0.050000001,0.80974674,0.42836422,-4.815274e-21,6.39184,-0.40871099,0
194,-0.049107179,4.8239229e-19,-9.1445665e-19,0.0060909446,6.4621024,-0.40970579,0.050000001,0.79849291,0.42341042,-5.9157318e-22,6.4631801,-0.40868801,0
194,-0.049218886,-4.8594752e-18,9.215649e-18,0.0099576917,6.5334463,-0.40968189,0.050000001,0.78669912,0.41911694,4.9371911e-21,6.5345201,-0.408667,0
194,-0.04977661,-4.0641617e-18,7.8285746e-18,0.016530029,6.6047926,-0.40965781,0.050000001,0.77421975,0.41560176,4.0926231e-21,6.6058602,-0.408645,0
194,-0.05077967,4.1612152e-18,-7.7055001e-18,0.024468536,6.6761403,-0.40963456,0.050000001,0.76090813,0.41296238,-4.5308584e-21,6.6772099,-0.40862399,0
194,-0.052236304,-4.878186e-18,8.8234463e-18,0.030009301,6.7474861,-0.40961224,0.050000001,0.7466712,0.41114956,5.5423258e-21,6.7485499,-0.408604,0
194,-0.054160457,-4.3798126e-18,8.1237449e-18,0.026846841,6.8188381,-0.40958974,0.050000001,0.7315436,0.40979719,4.9147013e-21,6.8199,-0.40858299,0
194,-0.056563262,4.0083361e-18,-7.248271e-18,0.0072753425,6.8901925,-0.40956795,0.050000001,0.71576208,0.4080829,-4.527422e-21,6.8912501,-0.408564,0
194,-0.059440918,5.8888523e-19,-1.0569168e-18,-0.035537671,6.9615464,-0.40954623,0.050000001,0.69978911,0.40469888,-7.8472995e-22,6.9626002,-0.408544,0
194,-0.062759176,-5.3707281e-19,9.5474427e-19,-0.10494946,7.0329022,-0.40952545,0.050000001,0.68427503,0.39799023,9.0125256e-22,7.0339599,-0.40852499,0
194,-0.06644056,3.2263628e-18,-5.8734824e-18,-0.19913703,7.1042562,-0.40950471,0.050000001,0.66995919,0.38624629,-5.0917268e-21,7.10531,-0.40850601,0
194,-0.070359416,-3.1339166e-18,5.9738148e-18,-0.31118536,7.175612,-0.40948448,0.050000001,0.65753287,0.36804709,5.7559044e-21,7.1766601,-0.40848801,0
194,-0.074347958,2.4086551e-19,-1.1435553e-18,-0.43088835,7.2469716,-0.4094643,0.050000001,0.64752948,0.342549,-2.1373949e-21,7.2480202,-0.40847,0
194,-0.078212157,3.6324354e-18,-7.0799274e-18,-0.54744327,7.3183336,-0.40944454,0.050000001,0.64026612,0.30961558,-7.010119e-21,7.3193798,-0.408452,0
194,-0.081753813,-3.0717108e-18,6.2527389e-18,-0.65185052,7.3896956,-0.40942571,0.050000001,0.63584781,0.26977181,6.4982517e-21,7.3907399,-0.40843499,0
194,-0.084792554,-3.8722736e-19,9.4022074e-19,-0.73815751,7.4610577,-0.40940663,0.050000001,0.63421977,0.22403282,1.1174309e-21,7.4621,-0.40841699,0
194,-0.087181918,1.6009941e-19,-9.1307329e-19,-0.80345953,7.5324221,-0.40938836,0.050000001,0.63522965,0.17370203,-1.2331659e-21,7.5334601,-0.40840101,0
194,-0.088820115,-6.4739569e-20,9.1049569e-19,-0.84714925,7.603786,-0.40936998,0.050000001,0.63867831,0.12019273,1.1819266e-21,7.6048198,-0.408384,0
194,-0.089652725,3.8355354e-20,-6.6824679e-18,-0.86997634,7.6751513,-0.40935171,0.050000001,0.64434588,0.064913638,-7.9000256e-21,7.6761899,-0.40836799,0
194,-0.089674413,8.8147125e-20,-7.380137e-19,-0.87338054,7.7465172,-0.40933388,0.050000001,0.65199697,0.0092090815,-9.5687773e-22,7.74755,-0.40835199,0
194,-0.088914417,-1.086492e-18,4.2841287e-19,-0.85917991,7.8178897,-0.40931666,0.050000001,0.66138834,-0.045704614,1.0839813e-21,7.8189201,-0.40833601,0
194,-0.087444119,-1.9767472e-19,-7.8474682e-19,-0.82936531,7.8892593,-0.40929982,0.050000001,0.67226154,-0.098733373,-9.2158876e-22,7.8902898,-0.40832099,0
194,-0.085369654,8.7760337e-19,6.565701e-18,-0.78607684,7.9606252,-0.40928322,0.050000001,0.68433255,-0.1489177,7.3558013e-21,7.9616499,-0.408306,0
194,-0.083993793,5.2990229e-19,3.6054375e-18,-0.75686371,7.9989748,-0.4092744,0.050000001,0.69130111,-0.17392918,4.0234291e-21,8,-0.40829796,0
194,-0.38780999,-2.6474009e-19,1.0780618e-19,1.4968367,0.99972236,-0.32436976,0.050000001,-0.084940687,0.19410601,6.0423476e-21,1,-0.32298511,0
194,-0.38394934,5.4077584e-19,3.2819748e-19,1.5126455,1.0516026,-0.32418498,0.050000001,-0.091134503,0.22157663,-9.838336e-21,1.05188,-0.32280901,0
194,-0.37646672,1.4608855e-18,2.4942683e-19,1.5121156,1.1226114,-0.32399976,0.050000001,-0.099916652,0.25873423,-1.8818186e-20,1.12289,-0.32263601,0
194,-0.36690238,2.3740104e-19,-1.7686003e-19,1.4882946,1.1936352,-0.32386369,0.050000001,-0.10905788,0.29453981,-7.6634603e-22,1.19391,-0.322512,0
194,-0.3554993,-7.8620948e-19,-2.1622753e-19,1.4406171,1.2646716,-0.32376304,0.050000001,-0.11857788,0.3280752,8.6593273e-21,1.26494,-0.322422,0
194,-0.34261179,-1.2067868e-18,-1.4066806e-19,1.3688853,1.3357106,-0.32368746,0.050000001,-0.12843661,0.35845923,8.03929e-21,1.3359801,-0.322357,0
194,-0.32868072,1.2429271e-18,4.2209336e-19,1.2730794,1.40676,-0.32362843,0.050000001,-0.13850765,0.38485828,-7.627052e-21,1.40703,-0.322308,0
194,-0.31420431,2.2661347e-18,4.6395335e-19,1.1532625,1.4778183,-0.32358134,0.050000001,-0.1485537,0.40649852,-1.4806481e-20,1.47808,-0.32227099,0
194,-0.2996977,-1.1772318e-18,-4.0728197e-19,1.0095599,1.5488858,-0.32354265,0.050000001,-0.15820211,0.42266268,7.0925148e-21,1.54915,-0.32224199,0
194,-0.28565338,-1.1981963e-18,-2.1542916e-19,0.84241736,1.6199597,-0.32350877,0.050000001,-0.16693883,0.43266401,6.7158879e-21,1.6202199,-0.32221699,0
194,-0.27250168,1.2299353e-18,4.2632974e-19,0.65301579,1.6910394,-0.32347861,0.050000001,-0.17413093,0.43585417,-5.790541e-21,1.6913,-0.32219601,0
194,-0.26057929,-8.1366739e-20,-7.5606305e-20,0.44382364,1.762128,-0.32345152,0.050000001,-0.17906642,0.43164402,-1.0563453e-22,1.76238,-0.32217801,0
194,-0.25010356,-1.0992139e-18,-3.8259587e-19,0.21908592,1.8332235,-0.32342586,0.050000001,-0.18102238,0.41954851,5.6275803e-21,1.83348,-0.32216099,0
194,-0.24115585,9.9093123e-20,3.9012142e-20,-0.014867735,1.9043231,-0.32340106,0.050000001,-0.17935,0.39925858,-8.4791251e-24,1.90458,-0.32214499,0
194,-0.2336766,-7.6853525e-20,1.4872006e-21,-0.24992687,1.9754268,-0.32337725,0.050000001,-0.17356122,0.37071738,-1.3215367e-24,1.97568,-0.32212901,0
194,-0.22747509,-4.8092953e-20,7.8290165e-21,-0.47693202,2.0465386,-0.32335475,0.050000001,-0.16339803,0.3341763,4.1769041e-22,2.0467899,-0.322115,0
194,-0.22225471,6.5838738e-19,3.5346198e-19,-0.68679827,2.117661,-0.32333246,0.050000001,-0.14886415,0.29022178,-5.0656153e-21,2.1179099,-0.32210001,0
194,-0.21765128,-5.8034992e-19,-3.575124e-19,-0.87172604,2.1887872,-0.32331106,0.050000001,-0.13021708,0.23975049,4.2985987e-21,2.1890299,-0.32208699,0
194,-0.2132768,-6.8197831e-19,-3.237594e-19,-1.0261286,2.2599206,-0.32328963,0.050000001,-0.10791392,0.18390234,4.6936098e-21,2.26017,-0.32207301,0
194,-0.208764,3.8149901e-19,1.5932485e-19,-1.14709,2.3310566,-0.32326907,0.050000001,-0.082538247,0.12398596,-1.8156484e-22,2.3313,-0.32205999,0
194,-0.20380817,6.0708142e-20,3.0516228e-20,-1.2342682,2.4022007,-0.32324865,0.050000001,-0.054730259,0.061358165,-4.316246e-22,2.4024401,-0.322047,0
194,-0.19820157,2.5122147e-19,1.865013e-19,-1.2892821,2.4733505,-0.32322881,0.050000001,-0.025109373,-0.0026772863,-4.0606797e-21,2.4735899,-0.322034,0
194,-0.1918318,-2.4739155e-20,-4.031834e-20,-1.31511,2.5445058,-0.32320976,0.050000001,0.0058114012,-0.06678059,2.5475512e-23,2.54475,-0.32202199,0
194,-0.18467464,2.5124332e-20,3.78628e-20,-1.3152628,2.6156683,-0.32319054,0.050000001,0.037593983,-0.12968232,-3.1899878e-23,2.6159101,-0.32201001,0
194,-0.17681016,-6.0448389e-19,-2.0167103e-19,-1.2932436,2.6868343,-0.32317173,0.050000001,0.069810174,-0.1903287,-3.6492612e-21,2.6870699,-0.321998,0
194,-0.16841298,-7.6329782e-19,-3.5902676e-19,-1.2525873,2.7580066,-0.32315332,0.050000001,0.10204182,-0.2477636,-3.809325e-21,2.75824,-0.32198599,0
194,-0.15972476,2.7194111e-19,4.4733779e-20,-1.1969562,2.8291841,-0.32313547,0.050000001,0.133863,-0.3011519,2.6148972e-21,2.8294201,-0.32197499,0
194,-0.15102659,1.3173287e-19,2.6794548e-20,-1.1301672,2.9003637,-0.3231177,0.050000001,0.16482672,-0.34984571,1.5504023e-21,2.9006,-0.32196301,0
194,-0.14261045,2.9522614e-19,1.4505662e-19,-1.056163,2.9715474,-0.32310039,0.050000001,0.19446366,-0.39342448,1.2837793e-21,2.9717801,-0.32195199,0
194,-0.13475581,5.222836e-19,2.669917e-19,-0.97886246,3.0427394,-0.3230837,0.050000001,0.22229546,-0.43172413,1.8228868e-21,3.0429699,-0.321942,0
194,-0.12770937,8.0582395e-19,4.099282e-19,-0.90179873,3.1139371,-0.3230671,0.050000001,0.24785557,-0.46484211,1.6576961e-21,3.1141701,-0.321931,0
194,-0.12167137,6.5665867e-19,3.8717416e-19,-0.82757705,3.1851392,-0.3230511,0.050000001,0.27072349,-0.49312007,1.3043877e-21,3.18537,-0.32192099,0
194,-0.116792,-1.3629799e-18,-7.1620193e-19,-0.75725639,3.2563457,-0.32303524,0.050000001,0.29057401,-0.51709741,-2.733152e-21,3.2565701,-0.32191101,0
194,-0.11317571,-5.9005104e-19,-3.7040804e-19,-0.68959892,3.3275554,-0.32301977,0.050000001,0.30723691,-0.5374195,-1.2539001e-21,3.32778,-0.32190099,0
194,-0.11089427,6.3737864e-19,3.3919042e-19,-0.6204558,3.398771,-0.32300442,0.050000001,0.32077008,-0.55469966,1.1428638e-21,3.3989999,-0.32189101,0
194,-0.11000296,-8.7464269e-20,-5.3279812e-20,-0.54268992,3.4699917,-0.32298926,0.050000001,0.33153871,-0.56934601,-1.5473614e-22,3.4702101,-0.321881,0
194,-0.11055669,7.7328892e-19,4.5078733e-19,-0.4470326,3.5412149,-0.32297471,0.050000001,0.34027565,-0.58137983,1.3274034e-21,3.54144,-0.321872,0
194,-0.11262199,-9.6561866e-21,1.7213307e-21,-0.32410547,3.6124384,-0.32296053,0.050000001,0.34808075,-0.59028924,-1.9590393e-23,3.6126599,-0.321863,0
194,-0.11627592,6.1800803e-20,3.893165e-20,-0.16721088,3.6836708,-0.32294649,0.050000001,0.35633358,-0.59499824,1.4472325e-22,3.6838901,-0.321854,0
194,-0.12158644,1.7323264e-20,3.1587795e-20,0.024950117,3.7549086,-0.32293284,0.050000001,0.36650452,-0.59399003,1.6684787e-23,3.7551301,-0.321845,0
194,-0.12857936,-1.5386815e-18,-1.0137043e-18,0.24683845,3.8261511,-0.32291961,0.050000001,0.37990528,-0.58558846,-3.0882942e-21,3.82637,-0.32183701,0
194,-0.13719465,1.8708175e-19,2.6920226e-20,0.48669782,3.897393,-0.32290605,0.050000001,0.39745221,-0.56832433,2.2875424e-22,3.8976099,-0.32182801,0
194,-0.1472474,1.3466279e-18,1.1417393e-18,0.72922146,3.9686368,-0.32289338,0.050000001,0.41951951,-0.54126954,3.571347e-21,3.9688499,-0.32181999,0
194,-0.15841146,-2.027022e-19,-8.9541946e-21,0.95910317,4.0398865,-0.32288066,0.050000001,0.44592884,-0.50422704,-1.3924822e-22,4.0401001,-0.321812,0
194,-0.17022941,-4.6113768e-19,-5.0755601e-19,1.1640184,4.1111422,-0.32286802,0.050000001,0.47605807,-0.45773816,-1.6414428e-21,4.1113601,-0.32180399,0
194,-0.18214943,-3.100586e-19,-7.502432e-19,1.3362346,4.1823983,-0.32285604,0.050000001,0.50901634,-0.40293834,-2.3456796e-21,4.18261,-0.321796,0
194,-0.19358084,-1.5709262e-19,-8.9081348e-20,1.4725726,4.2536602,-0.32284454,0.050000001,0.54382604,-0.34131894,-1.9987413e-22,4.25387,-0.321789,0
194,-0.20394698,3.7902096e-19,6.9307907e-19,1.5732477,4.3249288,-0.32283264,0.050000001,0.57954621,-0.27451938,2.1282071e-21,4.32514,-0.32178101,0
194,-0.21273002,-1.2849278e-19,-9.0177193e-19,1.6405749,4.3961949,-0.32282096,0.050000001,0.61534488,-0.20417076,-2.740489e-21,4.3964,-0.32177401,0
194,-0.21950294,1.7676128e-19,2.0048269e-19,1.6777946,4.4674644,-0.3228099,0.050000001,0.65051562,-0.13178577,7.474998e-22,4.46767,-0.321767,0
194,-0.22395423,1.2287577e-19,8.1498673e-19,1.6882515,4.5387378,-0.322799,0.050000001,0.68449616,-0.058736544,2.4376833e-21,4.53895,-0.32176,0
194,-0.22589128,-1.4297998e-19,5.8040957e-20,1.6748437,4.610014,-0.32278806,0.050000001,0.71687132,0.013751348,8.9639041e-23,4.61022,-0.321753,0
194,-0.22523853,1.0162487e-20,7.7479378e-20,1.6397188,4.681294,-0.3227773,0.050000001,0.74730289,0.084570475,2.9058748e-22,4.6815,-0.32174599,0
194,-0.2220283,-3.1923102e-19,9.870251e-19,1.5842324,4.7525802,-0.32276696,0.050000001,0.77549517,0.15266392,2.3000609e-21,4.75279,-0.32174,0
194,-0.216399,-4.407827e-21,6.4168659e-20,1.5091327,4.8238659,-0.32275677,0.050000001,0.80120432,0.21700919,7.5046263e-23,4.82407,-0.321733,0
194,-0.20859751,3.4015998e-19,-1.1395634e-18,1.4151304,4.8951535,-0.32274705,0.050000001,0.82421702,0.27661374,-2.7202868e-21,4.89536,-0.32172701,0
194,-0.1989596,-1.2141626e-20,-2.2597884e-19,1.303654,4.9664435,-0.32273695,0.050000001,0.8443296,0.3305262,-3.854832e-22,4.96665,-0.32172,0
194,-0.18788844,-6.5971485e-19,1.3643168e-18,1.1774374,5.0377378,-0.32272735,0.050000001,0.86136824,0.37791511,2.4392932e-21,5.03794,-0.32171401,0
194,-0.17582768,1.1267505e-20,2.1837186e-19,1.0406924,5.109036,-0.32271814,0.050000001,0.87521547,0.4181641,3.6291242e-22,5.1092401,-0.32170799,0
194,-0.1632323,6.366256e-19,-1.3174544e-18,0.89886498,5.1803331,-0.32270935,0.050000001,0.88583606,0.45094779,-2.3533852e-21,5.1805401,-0.32170299,0
194,-0.15053351,-2.0221902e-21,-2.7213011e-20,0.75799608,5.2516375,-0.32270047,0.050000001,0.89329916,0.47628823,0,5.2518401,-0.321697,0
194,-0.13810873,-7.5687155e-19,1.225706e-18,0.6238519,5.3229418,-0.32269132,0.050000001,0.89778471,0.49455839,1.527248e-21,5.3231401,-0.32169101,0
194,-0.12626281,-6.7261706e-19,1.1965224e-18,0.501185,5.3942471,-0.32268265,0.050000001,0.8995682,0.50642759,1.3351992e-21,5.3944502,-0.321686,0
194,-0.11521976,2.6914329e-20,-2.0083451e-20,0.39327133,5.46556,-0.32267386,0.050000001,0.89899254,0.51277632,-3.0310358e-22,5.4657602,-0.32168001,0
194,-0.10512374,1.3509329e-18,-2.4466636e-18,0.3017242,5.5368719,-0.32266554,0.050000001,0.89643699,0.51459557,-2.5496976e-21,5.5370698,-0.321675,0
194,-0.096049093,6.9898866e-19,-1.2420996e-18,0.22664256,5.6081834,-0.32265764,0.050000001,0.89227897,0.51288921,-1.250594e-21,5.6083798,-0.32167,0
194,-0.088014141,-1.2849311e-18,2.4039726e-18,0.16695699,5.6795015,-0.32264969,0.050000001,0.88686675,0.50859678,2.1231759e-21,5.6796999,-0.32166499,0
194,-0.080997773,1.2019846e-20,6.1482271e-21,0.12085115,5.7508216,-0.3226417,0.050000001,0.88050032,0.50254238,-8.2137996e-24,5.75102,-0.32166001,0
194,-0.074952573,-2.2376979e-20,-1.3358679e-20,0.086155578,5.8221416,-0.32263392,0.050000001,0.8734206,0.49540955,-1.3077373e-22,5.82234,-0.32165501,0
194,-0.069816649,4.0048951e-20,-4.1150507e-21,0.060670324,5.8934612,-0.32262632,0.050000001,0.86580884,0.48773804,-6.7738216e-24,5.8936601,-0.32165,0
194,-0.065522283,6.2605925e-19,-1.1728524e-18,0.042353414,5.9647856,-0.32261872,0.050000001,0.85778922,0.47993469,-8.3189631e-22,5.9649801,-0.32164499,0
194,-0.062001947,1.2232561e-21,-7.7990724e-21,0.029440407,6.0361137,-0.32261148,0.050000001,0.84943676,0.47229055,-8.5304371e-25,6.0363102,-0.32164001,0
194,-0.059192672,-9.2169285e-20,1.7013517e-19,0.020508269,6.1074395,-0.32260472,0.050000001,0.84078705,0.46500427,1.0764085e-22,6.1076298,-0.32163599,0
194,-0.057037577,-9.5174149e-21,1.9261618e-20,0.014445999,6.1787696,-0.32259718,0.050000001,0.8318429,0.45820224,1.0391492e-23,6.1789598,-0.32163101,0
194,-0.055487547,1.0180769e-19,-1.3431494e-19,0.010486626,6.250103,-0.32259032,0.050000001,0.82258242,0.45195809,-8.7608923e-23,6.2502999,-0.32162699,0
194,-0.054501727,9.6717512e-20,-1.2681148e-19,0.0082921665,6.3214374,-0.32258391,0.050000001,0.8129636,0.44631693,-8.3545469e-23,6.32163,-0.321623,0
194,-0.054047178,5.2038992e-19,-9.1089284e-19,0.0080066668,6.3927712,-0.32257697,0.050000001,0.80292046,0.44132131,-5.305726e-22,6.3929601,-0.32161799,0
194,-0.054099452,4.8608271e-19,-8.9616541e-19,0.010148907,6.4641089,-0.32257053,0.050000001,0.7923575,0.43704158,-5.3042487e-22,6.4643002,-0.321614,0
194,-0.054643176,-5.2941482e-19,9.2839919e-19,0.015143911,6.5354495,-0.32256424,0.050000001,0.7811482,0.43359002,5.4074499e-22,6.5356398,-0.32161,0
194,-0.05567259,5.4293195e-20,-1.08393e-19,0.022465795,6.6067891,-0.32255796,0.050000001,0.76914799,0.43109274,-1.3024388e-22,6.6069798,-0.32160601,0
194,-0.057191785,2.054604e-20,1.218597e-21,0.029566288,6.6781287,-0.32255182,0.050000001,0.75623304,0.42959696,5.1512534e-24,6.6783199,-0.32160199,0
194,-0.05921302,-6.7716577e-19,1.1534327e-18,0.031260766,6.7494707,-0.32254615,0.050000001,0.7423647,0.4289133,7.5991034e-22,6.74966,-0.32159901,0
194,-0.061751567,-5.9524284e-19,9.7168576e-19,0.02021271,6.8208189,-0.32254019,0.050000001,0.72766405,0.42844978,7.4755948e-22,6.8210101,-0.32159501,0
194,-0.064814501,3.009254e-20,3.9088747e-21,-0.011340383,6.892169,-0.32253423,0.050000001,0.71246672,0.42711073,-6.1506096e-24,6.8923602,-0.32159099,0
194,-0.06838651,6.4470271e-19,-1.0924034e-18,-0.06901405,6.9635153,-0.32252845,0.050000001,0.69731659,0.42334309,-8.7156089e-22,6.9636998,-0.321587,0
194,-0.072414614,-5.4836533e-19,9.0785936e-19,-0.15396608,7.0348625,-0.32252321,0.050000001,0.68289602,0.41535538,8.9682181e-22,7.0350499,-0.32158399,0
194,-0.076796323,-5.7053309e-19,1.0514101e-18,-0.2619361,7.106215,-0.3225176,0.050000001,0.6699124,0.40145329,1.0844237e-21,7.1064,-0.32157999,0
194,-0.081378356,4.8927806e-19,-8.6613994e-19,-0.38416079,7.1775708,-0.32251227,0.050000001,0.65897375,0.38037929,-8.5990968e-22,7.1777601,-0.32157701,0
194,-0.085966267,5.0766545e-19,-8.7068628e-19,-0.50970024,7.2489228,-0.32250658,0.050000001,0.65050447,0.35154468,-9.1858861e-22,7.2491102,-0.32157299,0
194,-0.090344027,4.0886992e-19,-8.7227426e-19,-0.62815654,7.3202782,-0.32250139,0.050000001,0.64471817,0.31507725,-1.0905607e-21,7.3204699,-0.32157001,0
194,-0.094296597,-4.5270913e-20,5.3193126e-21,-0.73157716,7.3916345,-0.32249638,0.050000001,0.64164817,0.2717216,2.6623592e-23,7.39182,-0.321567,0
194,-0.097632065,-3.7316304e-19,8.7067863e-19,-0.81513762,7.4629922,-0.32249165,0.050000001,0.64120305,0.22263642,1.0853319e-21,7.4631801,-0.32156399,0
194,-0.10019621,1.8869004e-19,-1.0078265e-18,-0.87674457,7.5343523,-0.32248688,0.050000001,0.64322191,0.16920634,-1.3840153e-21,7.5345402,-0.32156101,0
194,-0.1018828,-9.7630176e-20,9.9706655e-19,-0.91621965,7.6057119,-0.32248157,0.050000001,0.647515,0.11288505,1.389759e-21,7.6058998,-0.32155699,0
194,-0.10263588,-1.2820178e-19,1.0811815e-19,-0.93446571,7.677072,-0.32247651,0.050000001,0.65387934,0.055096053,1.5412864e-22,7.6772599,-0.32155401,0
194,-0.10244969,9.640127e-20,-9.9877365e-19,-0.93289632,7.7484365,-0.32247186,0.050000001,0.66208738,-0.0028168312,-1.3667388e-21,7.74862,-0.321551,0
194,-0.10136565,1.1689642e-20,1.0105522e-18,-0.91320634,7.8198047,-0.32246792,0.050000001,0.67189652,-0.059609815,1.3650215e-21,7.8199902,-0.321549,0
194,-0.099468753,-2.080505e-19,-9.2588435e-19,-0.87734419,7.8911691,-0.32246345,0.050000001,0.68305713,-0.11415391,-1.130493e-21,7.8913498,-0.32154599,0
194,-0.096878529,-6.3653532e-20,-1.3504454e-19,-0.82755607,7.9625344,-0.32245874,0.050000001,0.69529468,-0.16547343,-1.7098565e-22,7.9627199,-0.32154301,0
194,-0.095236085,5.1565247e-20,3.5047697e-19,-0.79561919,7.9998169,-0.32245642,0.050000001,0.70209348,-0.19017617,4.2113989e-22,8,-0.32154143,0
194,-0.37153372,4.6150814e-20,1.7986375e-20,1.180127,0.99999291,-0.24107942,0.050000001,-0.15260963,0.20482609,-1.7780106e-21,1,-0.24074323,0
194,-0.36864382,9.1278095e-20,-2.1929199e-20,1.1864768,1.0519516,-0.24094626,0.050000001,-0.15973864,0.23232728,-6.9350168e-22,1.05196,-0.240613,0
194,-0.36304602,1.0419486e-19,-7.2495741e-21,1.1733205,1.1229727,-0.24081735,0.050000001,-0.16902149,0.26948464,1.8061879e-22,1.12298,-0.24048799,0
194,-0.35592562,2.3722769e-20,1.3140626e-20,1.1368465,1.1940044,-0.24072674,0.050000001,-0.1778218,0.30526879,-1.299213e-22,1.19401,-0.240401,0
194,-0.34751165,-4.1207841e-20,2.0226571e-21,1.0759964,1.2650442,-0.24066433,0.050000001,-0.1860833,0.33871055,-6.6509437e-23,1.2650501,-0.24034201,0
194,-0.33812246,-7.2541e-20,-1.654399e-20,0.99008238,1.3360896,-0.24062172,0.050000001,-0.19369122,0.36884439,2.1170091e-22,1.3361,-0.240302,0
194,-0.32814509,-4.9355676e-20,-4.041061e-20,0.8787635,1.4071414,-0.24059218,0.050000001,-0.20045036,0.39472708,6.678972e-22,1.40715,-0.24027599,0
194,-0.31800354,4.57505e-20,-1.709098e-20,0.74207634,1.4782013,-0.24057139,0.050000001,-0.20606685,0.41545281,2.9974796e-22,1.47821,-0.24025799,0
194,-0.30812275,-2.088166e-21,1.6715207e-20,0.58064252,1.5492692,-0.24055704,0.050000001,-0.21013707,0.43015829,-2.7789187e-22,1.54928,-0.240246,0
194,-0.29889211,4.3586178e-21,2.0242514e-20,0.39604402,1.6203409,-0.24054669,0.050000001,-0.21216214,0.43803406,-3.1065277e-22,1.62035,-0.240238,0
194,-0.29062587,-3.8445303e-21,-1.7835308e-20,0.19127098,1.6914208,-0.24053866,0.050000001,-0.21158519,0.43835568,1.9357686e-22,1.69143,-0.24023201,0
194,-0.28353262,2.6877101e-21,3.7079983e-21,-0.028843334,1.7625111,-0.24053241,0.050000001,-0.20784914,0.43053254,-8.000898e-25,1.76252,-0.240228,0
194,-0.27769378,1.5522645e-20,2.3361086e-20,-0.2574895,1.8336029,-0.24052691,0.050000001,-0.20047745,0.41417542,-3.2567137e-22,1.8336101,-0.240225,0
194,-0.27305135,-9.3241329e-22,-4.1307845e-21,-0.48622528,1.9047027,-0.24052201,0.050000001,-0.18915331,0.38916728,-2.2772669e-24,1.9047101,-0.24022201,0
194,-0.26941451,-3.0679008e-20,-2.0002912e-20,-0.70578319,1.9758109,-0.2405182,0.050000001,-0.17377643,0.35571659,2.8477066e-22,1.9758199,-0.24022,0
194,-0.26648098,-6.0547359e-20,-2.562258e-20,-0.90725023,2.0469205,-0.24051479,0.050000001,-0.15449187,0.31437454,4.5413296e-22,2.0469301,-0.240219,0
194,-0.26387069,8.1864572e-20,3.2533505e-20,-1.0832738,2.1180408,-0.24051106,0.050000001,-0.13166621,0.26600209,-3.6413759e-22,2.1180501,-0.240217,0
194,-0.26117006,2.5604256e-20,2.4109413e-20,-1.228934,2.1891673,-0.24050735,0.050000001,-0.10582622,0.21170177,-4.0442028e-22,2.1891699,-0.240215,0
194,-0.2579757,-2.6341802e-20,-1.7591621e-21,-1.3420227,2.2602987,-0.24050403,0.050000001,-0.077574387,0.1527254,-2.2410847e-23,2.2603099,-0.24021401,0
194,-0.25393903,1.9681482e-21,2.629649e-21,-1.4227259,2.3314323,-0.24050093,0.050000001,-0.047519997,0.090397142,-5.1147444e-25,2.33144,-0.24021301,0
194,-0.24880335,-2.2329981e-21,1.2423344e-21,-1.4729645,2.4025786,-0.24049759,0.050000001,-0.016243657,0.026000047,-3.5311752e-22,2.40259,-0.240211,0
194,-0.24240963,1.2323787e-20,-1.1790352e-20,-1.4954941,2.4737287,-0.24049468,0.050000001,0.015814323,-0.039207824,-7.8494759e-23,2.4737401,-0.24021,0
194,-0.2346935,-2.4896763e-20,-1.5216871e-20,-1.4932184,2.5448828,-0.24049176,0.050000001,0.048396103,-0.1040054,2.526413e-23,2.5448899,-0.240209,0
194,-0.2257107,4.9829056e-20,2.5228188e-20,-1.4688107,2.6160429,-0.24048835,0.050000001,0.081214316,-0.16725038,4.1018197e-22,2.61605,-0.240207,0
194,-0.21562861,4.0560717e-21,-5.8156322e-21,-1.4247559,2.6872072,-0.2404857,0.050000001,0.11395101,-0.22786818,5.0850201e-23,2.6872101,-0.240206,0
194,-0.20470101,-1.2534588e-20,-1.6683546e-20,-1.3636429,2.7583787,-0.24048297,0.050000001,0.14632402,-0.28486669,-3.1301322e-22,2.7583899,-0.240205,0
194,-0.19325806,2.2427442e-20,1.0046128e-20,-1.2884675,2.8295527,-0.24048021,0.050000001,0.17800318,-0.3373667,2.5868307e-22,2.82956,-0.24020401,0
194,-0.18166901,5.4121826e-22,8.8137249e-21,-1.2027385,2.9007325,-0.24047768,0.050000001,0.20860958,-0.38467887,4.8859845e-23,2.9007399,-0.24020299,0
194,-0.17031065,9.3317302e-20,6.1860515e-20,-1.1104883,2.9719181,-0.24047491,0.050000001,0.2377193,-0.42634597,3.46189e-22,2.97193,-0.24020199,0
194,-0.15953965,7.48305e-20,5.1291815e-20,-1.0161393,3.0431106,-0.24047212,0.050000001,0.26488099,-0.46218398,2.2151116e-22,3.0431199,-0.2402,0
194,-0.14966553,-8.6566156e-21,2.8146993e-21,-0.92413843,3.1143045,-0.24046955,0.050000001,0.28964132,-0.49230605,-7.0391971e-23,3.11431,-0.240199,0
194,-0.1409348,-1.0935842e-19,-6.1483799e-20,-0.83847815,3.1855047,-0.24046719,0.050000001,0.31156996,-0.51711291,-2.8282645e-22,3.1855099,-0.240198,0
194,-0.13352475,1.7901867e-20,-3.3260201e-22,-0.76209813,3.2567105,-0.24046484,0.050000001,0.33028749,-0.53725475,-3.048937e-23,3.2567201,-0.240197,0
194,-0.12754762,1.2136819e-19,7.301668e-20,-0.69600034,3.3279181,-0.24046224,0.050000001,0.3455033,-0.55356205,2.28097e-22,3.32793,-0.240196,0
194,-0.12306351,1.6340623e-20,2.5287204e-20,-0.63824886,3.3991327,-0.24045987,0.050000001,0.35707465,-0.56693304,3.2878224e-23,3.3991399,-0.24019501,0
194,-0.1200974,-3.1103679e-19,-1.9678606e-19,-0.58309537,3.4703529,-0.24045748,0.050000001,0.3650921,-0.5781697,-5.8960332e-22,3.47036,-0.24019399,0
194,-0.118662,-1.1075762e-19,-7.2981338e-20,-0.52080226,3.5415726,-0.24045528,0.050000001,0.36998215,-0.58776212,-1.9852783e-22,3.54158,-0.24019299,0
194,-0.11877795,1.0699988e-19,6.8800663e-20,-0.43882313,3.6127982,-0.24045306,0.050000001,0.37259457,-0.59566236,1.9965777e-22,3.6128099,-0.240192,0
194,-0.12048326,6.3997415e-22,-8.4950269e-24,-0.32467914,3.6840281,-0.24045086,0.050000001,0.37421408,-0.60112441,1.9056499e-25,3.6840401,-0.240191,0
194,-0.12382774,1.2057159e-19,7.2984575e-20,-0.16987734,3.7552624,-0.24044932,0.050000001,0.37644789,-0.60270458,2.1248452e-22,3.75527,-0.240191,0
194,-0.12885053,2.5392259e-20,5.8868146e-21,0.0266062,3.8265028,-0.2404473,0.050000001,0.38098568,-0.59847754,1.3244695e-23,3.82651,-0.24019,0
194,-0.13553905,-6.7079477e-21,-2.9709173e-21,0.2569133,3.8977423,-0.24044503,0.050000001,0.38929185,-0.58643925,-3.9485021e-24,3.8977499,-0.240189,0
194,-0.14378181,-3.0118796e-20,-4.8291608e-21,0.5059101,3.9689882,-0.24044302,0.050000001,0.40233141,-0.56497133,-1.5767457e-23,3.9690001,-0.240188,0
194,-0.1533339,-3.807312e-21,-5.1960295e-21,0.75513667,4.0402379,-0.24044079,0.050000001,0.42042616,-0.5332104,-1.575495e-23,4.0402498,-0.240187,0
194,-0.16381052,6.6228943e-21,9.5362389e-21,0.98744512,4.1114926,-0.24043876,0.050000001,0.44328466,-0.49119383,2.5624255e-23,4.1114998,-0.24018601,0
194,-0.17471042,1.8693778e-20,5.6592115e-21,1.1903094,4.1827507,-0.24043694,0.050000001,0.47016785,-0.43976948,1.7677442e-23,4.1827598,-0.24018499,0
194,-0.18546136,1.102863e-20,-1.6496498e-21,1.3568761,4.2540107,-0.24043535,0.050000001,0.50010103,-0.38035566,-6.9682671e-24,4.2540202,-0.24018499,0
194,-0.19547844,-5.0841529e-20,-1.0032773e-19,1.4852132,4.3252726,-0.24043372,0.050000001,0.53206074,-0.31465942,-3.244593e-22,4.3252802,-0.24018399,0
194,-0.20421658,1.7996521e-20,-3.856742e-22,1.5767181,4.3965383,-0.24043162,0.050000001,0.56509674,-0.24444768,2.2308352e-23,4.3965502,-0.240183,0
194,-0.21121,4.8461404e-20,2.3138108e-19,1.6344632,4.4678063,-0.24042976,0.050000001,0.59838539,-0.17140509,7.1219387e-22,4.4678102,-0.240182,0
194,-0.21610183,-2.6173544e-20,-2.3623441e-19,1.6620586,4.5390782,-0.24042861,0.050000001,0.63126034,-0.097041473,-7.3511113e-22,4.5390902,-0.240182,0
194,-0.21865223,-2.3080108e-20,-1.203842e-19,1.6628765,4.610352,-0.2404267,0.050000001,0.66317755,-0.022726843,-3.6161248e-22,4.6103601,-0.240181,0
194,-0.2187338,2.7552788e-20,1.1563902e-19,1.6396434,4.6816325,-0.2404248,0.050000001,0.69369614,0.050301794,3.845832e-22,4.6816401,-0.24018,0
194,-0.2163346,-3.823997e-21,-2.1574965e-21,1.5944231,4.7529144,-0.2404236,0.050000001,0.72247225,0.12091103,6.0338062e-24,4.7529202,-0.24018,0
194,-0.21156186,-1.9345023e-20,1.340542e-19,1.5286173,4.8242002,-0.24042192,0.050000001,0.74923342,0.18804061,3.7036189e-22,4.8242102,-0.240179,0
194,-0.20462741,1.2899743e-20,7.1106942e-21,1.4432877,4.8954883,-0.24042025,0.050000001,0.77373582,0.25066704,1.0884943e-23,4.8955002,-0.240178,0
194,-0.1958328,4.5970058e-21,-4.3441862e-21,1.3398651,4.9667783,-0.24041903,0.050000001,0.79575521,0.30781963,1.0552682e-23,4.9667902,-0.240178,0
194,-0.18555191,-1.6317822e-19,3.0987765e-19,1.2207323,5.0380702,-0.24041736,0.050000001,0.81508863,0.35863116,5.8927718e-22,5.0380802,-0.24017701,0
194,-0.17420733,-8.2247318e-20,1.6237539e-19,1.0895557,5.109364,-0.24041592,0.050000001,0.83157194,0.40241858,2.625135e-22,5.1093702,-0.24017601,0
194,-0.16223896,1.6521967e-19,-3.066061e-19,0.95125717,5.1806622,-0.24041466,0.050000001,0.84510326,0.43876684,-5.837705e-22,5.1806698,-0.24017601,0
194,-0.1500728,7.8496894e-20,-1.5591302e-19,0.81153983,5.2519646,-0.24041314,0.050000001,0.85566372,0.4675844,-2.689948e-22,5.2519698,-0.24017499,0
194,-0.13809058,8.2690021e-20,-1.602087e-19,0.67614484,5.3232703,-0.24041189,0.050000001,0.86333477,0.48912764,-2.1036824e-22,5.3232799,-0.24017499,0
194,-0.12660933,-7.4638744e-21,-2.4333717e-21,0.55012774,5.3945746,-0.24041015,0.050000001,0.86829382,0.50396502,-2.4013454e-25,5.3945799,-0.240174,0
194,-0.11586831,-4.2767703e-20,7.8726592e-20,0.43726054,5.4658823,-0.24040863,0.050000001,0.87079787,0.51290876,1.2211184e-22,5.4658899,-0.240173,0
194,-0.10602824,1.5034883e-20,1.9067823e-22,0.33979124,5.5371928,-0.24040759,0.050000001,0.87115747,0.51691705,-6.0083375e-26,5.5372,-0.240173,0
194,-0.097179964,-4.0047261e-20,7.9288629e-20,0.25844392,5.6085019,-0.24040626,0.050000001,0.86970389,0.5169968,8.8328055e-23,5.60851,-0.240172,0
194,-0.089356512,-5.7477052e-20,7.4424083e-20,0.19266571,5.6798182,-0.24040522,0.050000001,0.86676198,0.5141204,6.4812844e-23,5.6798301,-0.240172,0
194,-0.08254794,-4.418487e-20,7.5263904e-20,0.14101373,5.7511339,-0.24040389,0.050000001,0.86262691,0.50916445,6.011098e-23,5.7511401,-0.240171,0
194,-0.076714791,9.3443873e-20,-1.5636226e-19,0.10153064,5.8224521,-0.24040282,0.050000001,0.85754853,0.50287557,-1.2955153e-22,5.8224602,-0.240171,0
194,-0.071801148,9.1984229e-20,-1.5816614e-19,0.072084948,5.893774,-0.24040149,0.050000001,0.8517254,0.49585825,-1.216106e-22,5.8937802,-0.24017,0
194,-0.067743257,-4.0650809e-20,7.7174394e-20,0.050616093,5.9651003,-0.24040043,0.050000001,0.84530437,0.48857865,6.0472089e-23,5.9651098,-0.24017,0
194,-0.064476661,-4.5383074e-20,7.8065293e-20,0.035286043,6.0364242,-0.24039933,0.050000001,0.83838481,0.48138139,5.723834e-23,6.0364299,-0.240169,0
194,-0.061939873,-4.177349e-20,7.4850223e-20,0.024543662,6.1077523,-0.24039848,0.050000001,0.83102345,0.4745076,4.4822991e-23,6.10776,-0.240169,0
194,-0.060077909,3.5703838e-23,4.5768771e-22,0.017188253,6.1790824,-0.24039689,0.050000001,0.82324338,0.46811849,-1.3161248e-25,6.17909,-0.24016801,0
194,-0.058843169,4.1207217e-20,-7.3628012e-20,0.012416524,6.250412,-0.24039574,0.050000001,0.81503958,0.46231732,-4.4730704e-23,6.2504201,-0.24016801,0
194,-0.058196515,8.1890234e-20,-1.4641964e-19,0.0099116461,6.3217444,-0.2403951,0.050000001,0.80637938,0.45717821,-9.2061178e-23,6.3217502,-0.24016801,0
194,-0.058107302,-7.7595913e-20,1.424581e-19,0.0098673021,6.3930802,-0.24039397,0.050000001,0.79719955,0.45277742,9.2632112e-23,6.3930898,-0.24016701,0
194,-0.058553919,-7.7736928e-20,1.4653631e-19,0.012714374,6.4644146,-0.24039289,0.050000001,0.78740394,0.44922212,9.1921014e-23,6.4644198,-0.24016701,0
194,-0.059524655,7.7391852e-20,-1.4215453e-19,0.018463446,6.5357523,-0.24039178,0.050000001,0.77686477,0.44664973,-9.2469449e-23,6.5357599,-0.24016599,0
194,-0.061018255,8.0012237e-20,-1.3784766e-19,0.025719417,6.6070924,-0.24039114,0.050000001,0.76544875,0.44517466,-9.8835266e-23,6.6071,-0.24016599,0
194,-0.063044034,-7.5890849e-23,-1.2478989e-21,0.030739928,6.6784325,-0.24039021,0.050000001,0.75306743,0.44476622,1.2504853e-25,6.6784401,-0.240165,0
194,-0.065618947,-8.166561e-20,1.3296349e-19,0.027222525,6.7497721,-0.24038927,0.050000001,0.7397458,0.44507709,9.5701986e-23,6.7497802,-0.240165,0
194,-0.068760559,-2.3237108e-23,-7.5748023e-21,0.0072936644,6.8211179,-0.24038835,0.050000001,0.72568846,0.44529355,-6.3465982e-24,6.8211298,-0.240165,0
194,-0.072473496,2.4437993e-21,-3.2590104e-21,-0.036319707,6.892467,-0.24038742,0.050000001,0.7113108,0.44408578,-3.2450168e-24,6.8924699,-0.240164,0
194,-0.076733641,8.152539e-20,-1.2280108e-19,-0.10769741,6.9638124,-0.24038674,0.050000001,0.69720358,0.43972424,-1.2492548e-22,6.96382,-0.240164,0
194,-0.081470937,-4.3333966e-20,5.9046853e-20,-0.20587686,7.0351577,-0.24038605,0.050000001,0.68404841,0.43035734,7.4692803e-23,7.0351701,-0.240164,0
194,-0.086559452,-8.1754512e-20,1.2140646e-19,-0.32463378,7.1065097,-0.24038512,0.050000001,0.67249751,0.41436496,1.2286539e-22,7.1065202,-0.240163,0
194,-0.091818713,4.6299522e-20,-6.5423123e-20,-0.45402876,7.1778622,-0.24038419,0.050000001,0.66306871,0.39067146,-8.0957986e-23,7.1778698,-0.240163,0
194,-0.097027056,7.5485926e-21,-4.299621e-21,-0.58298862,7.2492137,-0.24038298,0.050000001,0.65608633,0.35891327,-4.3179075e-24,7.2492199,-0.240162,0
194,-0.1019438,5.0230187e-21,1.7800693e-21,-0.70176685,7.32057,-0.24038227,0.050000001,0.65168214,0.31942925,2.3923158e-24,7.32058,-0.240162,0
194,-0.10633338,-1.0088483e-21,1.8239195e-21,-0.80339503,7.3919239,-0.24038152,0.050000001,0.64983839,0.27312228,2.3653513e-24,7.3919301,-0.240162,0
194,-0.10998814,-6.5603912e-21,1.2566312e-21,-0.88397408,7.4632821,-0.24038056,0.050000001,0.65044165,0.22124541,-2.7009063e-26,7.4632902,-0.240161,0
194,-0.11274303,2.8310854e-20,-1.1995789e-19,-0.94203657,7.5346398,-0.24037984,0.050000001,0.65332991,0.16522947,-1.7980656e-22,7.5346498,-0.240161,0
194,-0.11448598,-1.7651871e-20,1.1747381e-19,-0.97768664,7.6059976,-0.24037911,0.050000001,0.6583212,0.1065453,1.8164928e-22,7.60601,-0.240161,0
194,-0.11515907,-2.0347965e-20,1.2036716e-19,-0.99187863,7.6773601,-0.24037816,0.050000001,0.66521937,0.046624959,1.7955052e-22,7.6773701,-0.24016,0
194,-0.114764,2.5354456e-20,-5.7629538e-20,-0.9859398,7.7487245,-0.24037765,0.050000001,0.67381656,-0.013176191,-8.318063e-23,7.7487302,-0.24016,0
194,-0.11335383,1.2928279e-20,1.2354637e-19,-0.96142477,7.8200865,-0.24037735,0.050000001,0.68389475,-0.07158941,1.7249127e-22,7.8200898,-0.24016,0
194,-0.11102401,-1.0429068e-21,-6.172646e-20,-0.92023778,7.8914499,-0.24037685,0.050000001,0.69520783,-0.12745863,-1.0048632e-22,7.8914599,-0.24016,0
194,-0.10790887,-2.0139649e-20,-1.2480802e-19,-0.8646993,7.9628143,-0.24037585,0.050000001,0.70747775,-0.17977707,-1.744347e-22,7.9628201,-0.240159,0
194,-0.10595942,-3.7225128e-20,-1.3020543e-19,-0.82969958,7.9999933,-0.24037559,0.050000001,0.71421403,-0.20475295,-1.6544544e-22,8,-0.240159,0
194,-0.35375559,2.6336112e-20,1.7330856e-20,0.86853737,1.0000042,-0.16041115,0.050000001,-0.19303845,0.21631433,-3.6942164e-22,1,-0.1603713,0
194,-0.35173336,-1.8191581e-20,-1.9480226e-20,0.86324441,1.0519955,-0.1603207,0.050000001,-0.20021828,0.24320574,1.1988774e-22,1.05199,-0.160282,0
194,-0.34789386,-9.1603047e-21,-2.2712536e-21,0.83465743,1.1230304,-0.16023383,0.050000001,-0.20888752,0.27945262,1.7996082e-22,1.1230299,-0.16019601,0
194,-0.34311882,-2.9125834e-20,-1.734796e-20,0.78299564,1.1940696,-0.16017359,0.050000001,-0.21631782,0.31422842,3.1362045e-22,1.19407,-0.160137,0
194,-0.33762872,-5.8702423e-20,-3.6024116e-20,0.70694166,1.2651132,-0.16013274,0.050000001,-0.22237609,0.34651136,5.880359e-22,1.26511,-0.160097,0
194,-0.33170769,-1.0424173e-23,6.0793296e-21,0.60566783,1.3361627,-0.16010569,0.050000001,-0.22687659,0.37526172,-1.6995487e-25,1.3361599,-0.160071,0
194,-0.32568288,3.3047064e-20,1.8045837e-20,0.47894281,1.4072202,-0.16008733,0.050000001,-0.22956631,0.39944208,-2.7322486e-22,1.40722,-0.160053,0
194,-0.31989592,-8.0358322e-20,-4.7847852e-20,0.32735151,1.478282,-0.16007541,0.050000001,-0.23012115,0.41804421,5.3559399e-22,1.4782799,-0.160042,0
194,-0.31466722,-6.9738434e-20,-3.2658567e-20,0.15259002,1.5493518,-0.16006768,0.050000001,-0.22815463,0.43011773,5.0039636e-22,1.54935,-0.160034,0
194,-0.31026199,7.9163162e-20,4.7083864e-20,-0.042125445,1.62043,-0.160063,0.050000001,-0.22324844,0.43480623,-5.5259027e-22,1.62043,-0.16003001,0
194,-0.30685684,5.5900426e-22,-3.0544593e-21,-0.25179064,1.6915096,-0.16005963,0.050000001,-0.21500596,0.43140358,1.383375e-23,1.69151,-0.160027,0
194,-0.30451334,-3.0276142e-20,-1.2133806e-20,-0.46958265,1.7625997,-0.16005747,0.050000001,-0.20311594,0.41941944,2.6576065e-22,1.7625999,-0.160025,0
194,-0.30316404,7.2733985e-20,3.8303965e-20,-0.6872192,1.833698,-0.16005589,0.050000001,-0.18742026,0.39864624,-5.0625236e-22,1.8336999,-0.160024,0
194,-0.30261254,3.4350349e-20,1.0830591e-20,-0.89583719,1.9047976,-0.16005448,0.050000001,-0.16796404,0.36921012,-2.6833734e-22,1.9048001,-0.160023,0
194,-0.30255082,-3.671382e-20,-1.88372e-20,-1.0870905,1.9759079,-0.1600537,0.050000001,-0.14500587,0.33157682,2.4236483e-22,1.9759099,-0.16002201,0
194,-0.302589,-4.1060548e-22,1.893913e-21,-1.2542324,2.0470221,-0.16005336,0.050000001,-0.11899579,0.2865268,-3.5775067e-24,2.04702,-0.16002201,0
194,-0.30229482,1.5288501e-21,-4.2025693e-22,-1.3929486,2.1181421,-0.16005303,0.050000001,-0.090509541,0.23507868,7.0324843e-24,2.11814,-0.16002201,0
194,-0.30123377,3.6933134e-21,-2.7163422e-22,-1.5015045,2.1892703,-0.16005246,0.050000001,-0.060161229,0.17839554,7.0230906e-24,2.18927,-0.16002101,0
194,-0.2990129,2.2115207e-21,1.646851e-22,-1.5803235,2.2603998,-0.16005209,0.050000001,-0.028529797,0.11770409,-3.4580767e-24,2.2604001,-0.16002101,0
194,-0.29531083,-1.7840139e-21,6.6660476e-23,-1.6312284,2.3315375,-0.16005169,0.050000001,0.0038737394,0.054218128,-3.4559685e-24,2.3315401,-0.16002101,0
194,-0.2899107,3.0389545e-22,4.8151456e-21,-1.6565901,2.4026818,-0.1600513,0.050000001,0.036643192,-0.01089278,0,2.4026799,-0.16002101,0
194,-0.28269434,-4.0426869e-20,-2.4020398e-20,-1.6586324,2.4738319,-0.1600509,0.050000001,0.069528811,-0.076445565,-6.8867249e-22,2.47383,-0.16002101,0
194,-0.27364901,-2.5617464e-20,-2.4924595e-20,-1.6390723,2.5449903,-0.16005051,0.050000001,0.10237069,-0.14130707,-2.398227e-22,2.5449901,-0.16002101,0
194,-0.2628918,3.6581164e-20,2.236492e-20,-1.5992321,2.6161504,-0.16005012,0.050000001,0.13499795,-0.20439509,6.8887136e-22,2.6161499,-0.16002101,0
194,-0.25065258,2.8219761e-20,2.0140328e-20,-1.540429,2.6873145,-0.16004978,0.050000001,0.16721955,-0.26460308,2.4056461e-22,2.68731,-0.16001999,0
194,-0.23726296,1.9538048e-21,4.0329118e-21,-1.4643822,2.7584844,-0.16004963,0.050000001,0.19881225,-0.32087934,0,2.7584801,-0.16001999,0
194,-0.22313385,-8.1666017e-20,-4.521198e-20,-1.3735566,2.8296599,-0.16004945,0.050000001,0.22948956,-0.37228271,-3.3350982e-22,2.8296599,-0.16001999,0
194,-0.20872131,7.9438038e-20,4.1703493e-20,-1.27135,2.900842,-0.16004929,0.050000001,0.25890279,-0.41805711,3.1060097e-22,2.90084,-0.16001999,0
194,-0.19448672,1.6205536e-19,9.8036012e-20,-1.1620065,2.9720275,-0.16004889,0.050000001,0.28665897,-0.45770341,6.1842055e-22,2.9720299,-0.16001999,0
194,-0.18086326,1.3456816e-20,1.5068803e-20,-1.0503634,3.0432198,-0.16004874,0.050000001,0.31234157,-0.49102026,-4.410811e-23,3.04322,-0.16001999,0
194,-0.16822445,-8.8032393e-20,-5.1697609e-20,-0.94149899,3.114418,-0.16004859,0.050000001,0.33554196,-0.51813138,-2.8876606e-22,3.1144199,-0.16001999,0
194,-0.15686537,-9.3973618e-20,-5.9752613e-20,-0.84031957,3.1856179,-0.16004844,0.050000001,0.35587713,-0.53946942,-2.6951888e-22,3.1856201,-0.16001999,0
194,-0.14699358,3.3521783e-21,-3.4094842e-21,-0.75105035,3.2568197,-0.16004829,0.050000001,0.37300459,-0.5557422,0,3.25682,-0.16001999,0
194,-0.1387344,1.0620812e-19,6.8302668e-20,-0.67662704,3.3280275,-0.1600474,0.050000001,0.38663056,-0.56787461,2.1602518e-22,3.3280301,-0.160019,0
194,-0.13214387,1.0581769e-19,7.5489937e-20,-0.61780673,3.3992419,-0.16004701,0.050000001,0.39652917,-0.57692641,2.0922402e-22,3.39924,-0.160019,0
194,-0.12722701,-2.1460955e-19,-1.3852822e-19,-0.57188874,3.4704599,-0.16004682,0.050000001,0.40259781,-0.58397055,-4.2094908e-22,3.4704599,-0.160019,0
194,-0.12396326,-1.0703221e-19,-7.3401668e-20,-0.53147501,3.5416818,-0.16004665,0.050000001,0.40495512,-0.58990359,-2.0739754e-22,3.5416801,-0.160019,0
194,-0.12232899,-2.4759378e-21,-7.4718142e-21,-0.48418504,3.6129098,-0.1600465,0.050000001,0.40407711,-0.59519309,1.6710715e-24,3.61291,-0.160019,0
194,-0.12231598,1.1223896e-19,7.5011258e-20,-0.41433463,3.6841397,-0.16004628,0.050000001,0.40091443,-0.5996139,2.0917135e-22,3.68414,-0.160019,0
194,-0.12393722,1.120803e-19,7.5843227e-20,-0.30684003,3.7553718,-0.16004634,0.050000001,0.3969104,-0.60208875,2.1245198e-22,3.7553699,-0.160019,0
194,-0.12721749,2.9877093e-21,2.0350523e-21,-0.15230677,3.8266096,-0.16004615,0.050000001,0.39385822,-0.60075015,1.4006648e-23,3.8266101,-0.160019,0
194,-0.13216096,-1.0441324e-19,-6.6469572e-20,0.04889961,3.8978517,-0.16004597,0.050000001,0.39360484,-0.59327596,-2.3059217e-22,3.89785,-0.160019,0
194,-0.13870549,-2.1769238e-19,-1.5275665e-19,0.28576326,3.9690998,-0.1600458,0.050000001,0.39768463,-0.57742137,-4.6183113e-22,3.9691,-0.160019,0
194,-0.14667857,1.0595939e-19,7.042407e-20,0.53959048,4.0403476,-0.1600454,0.050000001,0.4070251,-0.55156291,2.2681298e-22,4.04035,-0.160019,0
194,-0.15577175,1.925115e-20,-7.571332e-21,0.78944701,4.1115994,-0.16004501,0.050000001,0.4218322,-0.51504517,-4.6139947e-23,4.1115999,-0.160018,0
194,-0.16554815,-5.6129826e-23,-2.2825615e-21,1.017491,4.1828599,-0.16004485,0.050000001,0.44167796,-0.46823338,4.1095519e-25,4.1828599,-0.160018,0
194,-0.17547576,8.4445305e-20,8.4009859e-20,1.2120558,4.2541199,-0.16004464,0.050000001,0.46571198,-0.41231731,2.8722047e-22,4.2541199,-0.160018,0
194,-0.18498258,2.9324231e-21,3.1713707e-21,1.3679161,4.3253794,-0.1600447,0.050000001,0.49290469,-0.34897432,0,4.3253798,-0.160018,0
194,-0.1935139,-2.2022023e-20,-4.6962074e-20,1.4846667,4.3966455,-0.16004452,0.050000001,0.52223074,-0.2800599,-1.6477446e-22,4.3966498,-0.160018,0
194,-0.20057812,-3.4322225e-20,-1.0158512e-19,1.5646647,4.4679155,-0.16004433,0.050000001,0.55276442,-0.20740467,-3.3885009e-22,4.4679198,-0.160018,0
194,-0.20577939,5.0206394e-21,-1.784246e-19,1.6114026,4.5391879,-0.16004437,0.050000001,0.58372235,-0.13269193,-5.4270313e-22,4.5391898,-0.160018,0
194,-0.20883165,3.7431903e-20,-1.4104275e-19,1.6284575,4.6104622,-0.16004418,0.050000001,0.61445719,-0.057439495,-3.7088723e-22,4.6104598,-0.160018,0
194,-0.2095685,4.0569034e-20,9.1200424e-20,1.6189872,4.6817398,-0.16004398,0.050000001,0.64444554,0.017006567,3.4746564e-22,4.6817398,-0.160018,0
194,-0.20794408,-4.0287085e-21,2.3800401e-19,1.5855242,4.7530198,-0.16004404,0.050000001,0.67326647,0.089427859,7.0586941e-22,4.7530198,-0.160018,0
194,-0.2040274,-2.132561e-20,1.3406725e-19,1.5299951,4.8243055,-0.16004384,0.050000001,0.70058036,0.15869576,3.5269991e-22,4.8243098,-0.160018,0
194,-0.19799417,4.7552206e-20,-1.3568432e-19,1.4539704,4.8955941,-0.16004363,0.050000001,0.72609711,0.22374268,-3.1661588e-22,4.8955898,-0.160018,0
194,-0.19011258,-6.4299676e-20,1.4112583e-19,1.3590994,4.9668841,-0.16004367,0.050000001,0.74956131,0.28357455,3.0382358e-22,4.9668798,-0.160018,0
194,-0.18072554,-5.5489899e-20,1.4149859e-19,1.2476934,5.0381756,-0.16004349,0.050000001,0.77073932,0.33729401,3.1656188e-22,5.0381799,-0.160018,0
194,-0.17022926,-5.4430921e-20,7.9082169e-20,1.1231084,5.1094699,-0.16004285,0.050000001,0.78942615,0.384166,9.0461034e-23,5.1094699,-0.160017,0
194,-0.15904328,-3.2291031e-20,6.9609252e-20,0.98981375,5.180768,-0.16004245,0.050000001,0.80546623,0.42370391,1.1479177e-22,5.1807699,-0.160017,0
194,-0.14758064,7.5798993e-20,-1.4789485e-19,0.85314667,5.2520652,-0.16004223,0.050000001,0.81876934,0.45572308,-2.8648313e-22,5.25207,-0.160017,0
194,-0.13621859,8.9763656e-20,-1.5855671e-19,0.71868926,5.32337,-0.16004226,0.050000001,0.82933199,0.48037457,-2.27942e-22,5.32337,-0.160017,0
194,-0.12527658,-4.982715e-20,7.6148877e-20,0.59157026,5.3946781,-0.16004205,0.050000001,0.83724201,0.49812841,7.785404e-23,5.39468,-0.160017,0
194,-0.11500456,-4.798995e-20,8.0224939e-20,0.47588089,5.465982,-0.16004188,0.050000001,0.84267116,0.50971359,1.0573012e-22,5.4659801,-0.160017,0
194,-0.10557511,-2.3055048e-21,1.5250686e-21,0.37433991,5.5372896,-0.16004191,0.050000001,0.8458569,0.51603574,-2.9072449e-23,5.5372901,-0.160017,0
194,-0.097092502,-4.8951049e-20,7.9790365e-20,0.2882157,5.6086016,-0.16004169,0.050000001,0.84707505,0.51808232,7.5153699e-23,5.6086001,-0.160017,0
194,-0.08960361,-1.3856414e-22,2.1036489e-21,0.21744674,5.6799178,-0.1600415,0.050000001,0.84661484,0.51683503,-2.2800142e-23,5.6799202,-0.160017,0
194,-0.083110124,-1.8929817e-22,2.2867757e-21,0.16099708,5.7512321,-0.16004151,0.050000001,0.84475452,0.51320255,-1.0175332e-23,5.7512298,-0.160017,0
194,-0.077581652,1.4132258e-19,-2.3409845e-19,0.11718988,5.8225498,-0.16004157,0.050000001,0.84174228,0.50797915,-1.9842254e-22,5.8225498,-0.160017,0
194,-0.072969571,9.3133836e-20,-1.5852154e-19,0.084037386,5.8938723,-0.16004136,0.050000001,0.83778602,0.50182337,-1.2120162e-22,5.8938699,-0.160017,0
194,-0.069215804,-9.2640022e-20,1.5447911e-19,0.059526615,5.9651957,-0.16004114,0.050000001,0.83304852,0.49525511,1.1690443e-22,5.9651999,-0.160017,0
194,-0.066260263,-4.6682923e-20,8.0501443e-20,0.041791242,6.03652,-0.16004117,0.050000001,0.82764828,0.48866931,5.7900945e-23,6.03652,-0.160017,0
194,-0.064044818,8.8787706e-20,-1.5176532e-19,0.029215863,6.1078506,-0.16004123,0.050000001,0.8216629,0.48235035,-1.0686798e-22,6.1078501,-0.160017,0
194,-0.062517487,-3.3321876e-23,-1.0610957e-21,0.020545539,6.1791782,-0.16004099,0.050000001,0.81513411,0.4764964,5.1107226e-26,6.1791801,-0.160017,0
194,-0.061633587,-4.4148494e-20,7.580424e-20,0.014977249,6.2505054,-0.16004077,0.050000001,0.80807173,0.47124547,5.108419e-23,6.2505102,-0.160017,0
194,-0.061356667,2.3364558e-22,3.5809607e-22,0.012239438,6.3218379,-0.1600408,0.050000001,0.80045295,0.46670657,0,6.3218398,-0.160017,0
194,-0.061659314,-2.350313e-22,-3.8603248e-22,0.012511389,6.3931723,-0.16004083,0.050000001,0.79221839,0.4629952,0,6.3931699,-0.160017,0
194,-0.062523797,-4.3298727e-20,7.1603998e-20,0.01600622,6.4645081,-0.16004065,0.050000001,0.78327268,0.46025401,5.5077347e-23,6.46451,-0.160017,0
194,-0.063943088,5.4507269e-22,8.2104411e-22,0.022159589,6.5358419,-0.16004021,0.050000001,0.77349591,0.45863542,1.8774575e-26,6.53584,-0.160016,0
194,-0.065921612,4.3010106e-20,-7.1708106e-20,0.028607922,6.6071796,-0.1600403,0.050000001,0.76277721,0.45822132,-5.5181944e-23,6.6071801,-0.160016,0
194,-0.068474613,4.151277e-23,-4.5526104e-22,0.030465595,6.6785197,-0.16004033,0.050000001,0.75107533,0.45887715,-5.8543297e-26,6.6785202,-0.160016,0
194,-0.071624137,-1.9700742e-22,4.8753593e-22,0.020566108,6.7498617,-0.16003986,0.050000001,0.7384845,0.46008027,0,6.7498598,-0.160016,0
194,-0.075389341,4.2903532e-20,-6.610114e-20,-0.0090598948,6.821208,-0.16003963,0.050000001,0.72528714,0.46079892,-6.9625103e-23,6.8212099,-0.160016,0
194,-0.079770841,4.9945195e-23,-1.0228079e-21,-0.064791285,6.8925519,-0.1600399,0.050000001,0.71195924,0.45950067,-1.4302176e-26,6.89255,-0.160016,0
194,-0.084733389,-4.2105946e-20,6.6181189e-20,-0.1490179,6.9638977,-0.16003993,0.050000001,0.699112,0.45433256,6.9686275e-23,6.9639001,-0.160016,0
194,-0.090187877,5.7342489e-22,4.5276208e-22,-0.25883311,7.0352473,-0.16003995,0.050000001,0.68739843,0.4434374,-7.8378348e-24,7.0352502,-0.160016,0
194,-0.095983744,3.6682895e-20,-6.2618697e-20,-0.38647982,7.1065974,-0.16003998,0.050000001,0.67739916,0.42530766,-8.9603182e-23,7.1065998,-0.160016,0
194,-0.10191327,-5.5525645e-22,1.3803908e-22,-0.5213306,7.1779475,-0.16003978,0.050000001,0.66953784,0.3990576,7.9828487e-24,7.1779499,-0.160016,0
194,-0.10772827,-8.0424784e-21,1.4804853e-21,-0.65252995,7.2493019,-0.16003932,0.050000001,0.6640501,0.36453149,-9.9671053e-24,7.2493,-0.160016,0
194,-0.11316515,2.5367316e-20,-6.1808376e-20,-0.77113366,7.3206558,-0.16003932,0.050000001,0.66100293,0.32224393,-1.0389963e-22,7.3206601,-0.160016,0
194,-0.11796989,-9.5369417e-21,-1.8039866e-21,-0.87109786,7.3920097,-0.16003935,0.050000001,0.6603421,0.2732172,-9.0821864e-24,7.3920102,-0.160016,0
194,-0.12192075,-1.0323786e-20,-1.5511633e-21,-0.94924879,7.4633679,-0.16003914,0.050000001,0.66194409,0.21877256,-7.4049253e-24,7.4633698,-0.160016,0
194,-0.12484293,-9.4151491e-21,-9.749614e-22,-1.0045263,7.5347219,-0.16003916,0.050000001,0.66565233,0.16037163,-4.0483407e-24,7.5347199,-0.160016,0
194,-0.12661971,-1.2702167e-20,-2.0170401e-21,-1.037125,7.6060796,-0.16003917,0.050000001,0.67129737,0.099496141,-1.8467948e-24,7.6060801,-0.160016,0
194,-0.12719446,-9.3075566e-21,6.2223001e-20,-1.047897,7.6774421,-0.1600392,0.050000001,0.67869967,0.037598483,1.1238983e-22,7.6774402,-0.160016,0
194,-0.12657219,-3.6996634e-21,6.3666185e-20,-1.0380467,7.7488041,-0.16003898,0.050000001,0.68766344,-0.023936024,1.0320325e-22,7.7487998,-0.160016,0
194,-0.12481441,-1.5455972e-20,-6.5155647e-20,-1.0090638,7.8201656,-0.16003875,0.050000001,0.69797224,-0.083813936,-1.0758351e-22,7.8201699,-0.160016,0
194,-0.12203059,-1.6867554e-20,-6.7565121e-20,-0.96283388,7.8915277,-0.16003901,0.050000001,0.70938164,-0.14085208,-9.4535684e-23,7.89153,-0.160016,0
194,-0.11837057,1.4030062e-20,6.5085369e-20,-0.90172315,7.9628916,-0.16003904,0.050000001,0.7216205,-0.19401914,1.0705672e-22,7.9628901,-0.160016,0
194,-0.11610465,1.6579751e-20,6.6504662e-20,-0.8636995,8.000001,-0.16003905,0.050000001,0.72826272,-0.21921153,1.0536063e-22,8,-0.160016,0
194,-0.33548686,2.9462338e-20,1.3668623e-20,0.5642159,1.0000044,-0.080187619,0.050000001,-0.20979525,0.22732365,-3.7107616e-22,1,-0.080182575,0
194,-0.33426026,1.9860976e-20,1.3617855e-20,0.54610962,1.0520357,-0.080141366,0.050000001,-0.2161171,0.25307217,-3.3387522e-22,1.05203,-0.080136798,0
194,-0.3320795,9.1942143e-21,7.8630699e-21,0.50064367,1.1230807,-0.080097064,0.050000001,-0.2229985,0.2875928,-1.6235402e-22,1.12308,-0.080092996,0
194,-0.32955363,1.0708414e-20,1.0105266e-20,0.43269065,1.1941261,-0.080066487,0.050000001,-0.22796203,0.32046571,-1.2394914e-22,1.19412,-0.080062799,0
194,-0.32689664,-1.3578716e-20,-7.393766e-21,0.34102002,1.2651756,-0.080045819,0.050000001,-0.23081048,0.35062346,8.5182444e-23,1.26517,-0.080042399,0
194,-0.32435837,-2.0945077e-20,-1.3499396e-20,0.22511198,1.3362284,-0.080031872,0.050000001,-0.23130892,0.37696624,2.0315953e-22,1.33623,-0.080028698,0
194,-0.32220194,4.0597097e-20,2.1582974e-20,0.085381322,1.4072905,-0.080022648,0.050000001,-0.2291842,0.39839679,-2.7327535e-22,1.40729,-0.080019802,0
194,-0.32067695,-3.8282623e-20,-2.4122571e-20,-0.07655894,1.4783583,-0.08001671,0.050000001,-0.22413534,0.4138608,2.3700739e-22,1.4783601,-0.080013998,0
194,-0.31998703,-6.9626823e-20,-2.7610878e-20,-0.25760108,1.5494277,-0.080013044,0.050000001,-0.21586001,0.42239362,4.9981626e-22,1.54943,-0.080010302,0
194,-0.3202593,1.1596889e-19,5.7585018e-20,-0.45293927,1.6205081,-0.080010675,0.050000001,-0.20409648,0.42318058,-8.4822677e-22,1.62051,-0.080007903,0
194,-0.32151961,-3.2513826e-21,-1.2316376e-20,-0.65611458,1.6915897,-0.080009036,0.050000001,-0.18867658,0.41562411,-8.9537085e-24,1.69159,-0.080006398,0
194,-0.32367596,-1.0997764e-19,-4.5720392e-20,-0.85947269,1.7626795,-0.080008075,0.050000001,-0.16957596,0.39940634,8.3086087e-22,1.7626801,-0.080005497,0
194,-0.32651547,4.0891447e-20,2.5445631e-20,-1.0548644,1.8337798,-0.080007464,0.050000001,-0.14695092,0.37453604,-2.6504755e-22,1.8337801,-0.080004998,0
194,-0.32971823,3.9672965e-20,1.4271447e-20,-1.2346711,1.9048816,-0.080006897,0.050000001,-0.12114852,0.34136787,-2.6968309e-22,1.90488,-0.080004603,0
194,-0.33288205,-1.005436e-21,-3.8146294e-21,-1.3928231,1.9759916,-0.080006599,0.050000001,-0.092671677,0.30055544,-4.0487095e-24,1.9759901,-0.080004402,0
194,-0.33555612,-1.2871248e-20,4.0787383e-22,-1.5254418,2.0471098,-0.080006562,0.050000001,-0.062121931,0.25299668,3.0537437e-22,2.0471101,-0.080004297,0
194,-0.33728454,2.4228776e-22,1.3582312e-22,-1.6310164,2.118232,-0.080006562,0.050000001,-0.030129662,0.19975005,-4.279488e-24,2.1182301,-0.0800042,0
194,-0.33763009,7.5536381e-21,1.0888646e-20,-1.7099789,2.1893599,-0.08000657,0.050000001,0.002729557,0.14192553,3.0180644e-22,2.1893599,-0.080004103,0
194,-0.33621541,2.0791809e-21,1.411758e-20,-1.7639328,2.2604918,-0.080006599,0.050000001,0.035976462,0.08063402,3.0320229e-22,2.2604899,-0.080004103,0
194,-0.33275458,1.7718183e-20,3.7451293e-21,-1.7948523,2.3316321,-0.080006562,0.050000001,0.069236912,0.016938051,-3.1426575e-22,2.33163,-0.080004103,0
194,-0.32705158,-3.9935101e-21,-8.1256981e-21,-1.8044245,2.4027779,-0.080006264,0.050000001,0.10227101,-0.048102789,-3.0183285e-22,2.4027801,-0.080003999,0
194,-0.31901821,-1.5092429e-20,-2.180667e-20,-1.7936697,2.4739277,-0.080006056,0.050000001,0.1349538,-0.11340554,-5.4886115e-22,2.4739299,-0.080003999,0
194,-0.30868888,-7.2172704e-20,-6.4261271e-20,-1.7629524,2.5450842,-0.080006056,0.050000001,0.16718835,-0.1778923,-7.7580444e-22,2.5450799,-0.080003999,0
194,-0.29622462,2.9560355e-21,-1.9744654e-21,-1.7123675,2.6162465,-0.080006026,0.050000001,0.19887006,-0.24045207,2.4856517e-22,2.61624,-0.080003902,0
194,-0.28191423,1.462576e-19,1.1482355e-19,-1.6422894,2.6874149,-0.080006056,0.050000001,0.22986339,-0.29993346,1.2494471e-21,2.6874101,-0.080003902,0
194,-0.2661604,8.2177786e-23,1.5058943e-20,-1.5538877,2.7585845,-0.080006093,0.050000001,0.25996992,-0.35521156,1.5363277e-24,2.75858,-0.080003902,0
194,-0.24945149,-1.5618397e-19,-1.162336e-19,-1.4494294,2.8297601,-0.080006093,0.050000001,0.28892189,-0.40527326,-8.8767102e-22,2.8297601,-0.080003902,0
194,-0.23232687,-9.9972138e-20,-7.8174365e-20,-1.3324404,2.9009418,-0.08000607,0.050000001,0.31638616,-0.44929868,-3.8155862e-22,2.9009399,-0.080003902,0
194,-0.21533044,7.991211e-20,5.6865908e-20,-1.2075692,2.9721301,-0.080006026,0.050000001,0.34199414,-0.48675403,4.1084802e-22,2.9721301,-0.080003798,0
194,-0.19897029,2.040222e-19,1.4861918e-19,-1.0801698,3.0433221,-0.080006018,0.050000001,0.36536917,-0.51743919,7.0153246e-22,3.0433199,-0.080003798,0
194,-0.18368083,4.2088597e-21,7.24293e-21,-0.95575625,3.1145201,-0.080006026,0.050000001,0.38616088,-0.54150581,6.0199346e-25,3.1145201,-0.080003798,0
194,-0.1698025,-1.0411065e-19,-8.0283384e-20,-0.83958399,3.1857202,-0.080006033,0.050000001,0.4040637,-0.55942875,-3.2128575e-22,3.18572,-0.080003798,0
194,-0.15757138,2.2075424e-19,1.6426686e-19,-0.73633468,3.2569194,-0.080006056,0.050000001,0.41882291,-0.57196015,5.0669735e-22,3.2569201,-0.080003798,0
194,-0.1471245,1.1109686e-19,9.0993751e-20,-0.64981943,3.32813,-0.08000581,0.050000001,0.43022546,-0.58006918,2.3766531e-22,3.32813,-0.080003701,0
194,-0.13851653,-1.0991608e-19,-7.7491016e-20,-0.58252907,3.3993444,-0.080005586,0.050000001,0.43808234,-0.5848754,-2.8247004e-22,3.3993399,-0.080003701,0
194,-0.13173871,-2.2026768e-19,-1.715141e-19,-0.53468913,3.4705596,-0.080005571,0.050000001,0.44223446,-0.58757412,-4.5134845e-22,3.4705601,-0.080003701,0
194,-0.1267451,-1.0974232e-19,-8.7792265e-20,-0.50265914,3.5417857,-0.080005586,0.050000001,0.4426038,-0.58931458,-2.2434962e-22,3.54179,-0.080003701,0
194,-0.12347689,-1.1210896e-19,-7.6591471e-20,-0.4772774,3.6130121,-0.080005579,0.050000001,0.43931872,-0.59099096,-1.9554687e-22,3.6130099,-0.080003701,0
194,-0.12188362,-6.6525647e-22,-8.3683375e-21,-0.44351077,3.684242,-0.080005504,0.050000001,0.43288884,-0.59294689,5.3772254e-24,3.6842401,-0.080003597,0
194,-0.12193785,1.0990883e-19,8.2971618e-20,-0.38280818,3.7554758,-0.080005519,0.050000001,0.4243536,-0.59468073,1.9789204e-22,3.7554801,-0.080003597,0
194,-0.12363531,2.2014081e-19,1.5565591e-19,-0.27827388,3.8267093,-0.080005519,0.050000001,0.41529939,-0.59470624,4.2258304e-22,3.82671,-0.080003597,0
194,-0.12697561,2.2498338e-19,1.5866889e-19,-0.12083977,3.8979557,-0.080005519,0.050000001,0.40767276,-0.59071004,4.1434105e-22,3.8979599,-0.080003597,0
194,-0.13192299,-2.1548304e-19,-1.4660656e-19,0.086467944,3.9692047,-0.080005534,0.050000001,0.40341961,-0.58002907,-4.4277659e-22,3.9691999,-0.080003597,0
194,-0.13836078,-1.1234961e-19,-8.1086887e-20,0.32876596,4.0404501,-0.080005549,0.050000001,0.40406924,-0.5603025,-2.0292929e-22,4.0404501,-0.080003597,0
194,-0.14605193,-1.7874422e-21,-1.8673283e-21,0.58394164,4.1116996,-0.080005527,0.050000001,0.41044331,-0.53004736,1.5188592e-23,4.1117001,-0.0800035,0
194,-0.15463023,1.4671689e-22,1.065796e-22,0.82946515,4.18296,-0.080005556,0.050000001,0.42258948,-0.48893595,2.2094912e-37,4.18296,-0.0800035,0
194,-0.16361868,-1.6353627e-21,-1.030574e-21,1.047946,4.25422,-0.080005556,0.050000001,0.43992883,-0.43772659,1.3693723e-38,4.25422,-0.0800035,0
194,-0.17247583,3.1337834e-20,4.4793029e-20,1.2294977,4.3254795,-0.080005541,0.050000001,0.4615202,-0.37793338,1.4688267e-22,4.32548,-0.0800035,0
194,-0.18065315,-1.9666691e-20,-4.5996729e-20,1.3709024,4.3967457,-0.080005571,0.050000001,0.48631012,-0.31143939,-1.6491627e-22,4.39675,-0.0800035,0
194,-0.18764552,-3.8916974e-20,-1.0159057e-19,1.4732637,4.4680142,-0.080005556,0.050000001,0.51329327,-0.24020042,-3.2821534e-22,4.4680099,-0.0800035,0
194,-0.19303016,3.2375491e-20,3.823137e-20,1.5397533,4.539288,-0.080005541,0.050000001,0.54159313,-0.1660506,1.4237434e-22,4.53929,-0.0800035,0
194,-0.19648735,2.0316588e-20,4.6364785e-20,1.5739931,4.6105623,-0.080005527,0.050000001,0.5704689,-0.090657726,1.5954642e-22,4.6105599,-0.080003403,0
194,-0.19781756,-1.6047071e-20,1.1892601e-19,1.5793533,4.6818399,-0.080005519,0.050000001,0.59931141,-0.015497533,3.4675195e-22,4.6818399,-0.080003403,0
194,-0.19693352,-3.1563761e-20,1.2797026e-19,1.5586962,4.7531199,-0.080005527,0.050000001,0.62761885,0.058098361,3.4109146e-22,4.7531199,-0.080003403,0
194,-0.19386636,-2.8173161e-20,1.5705953e-20,1.514382,4.8244019,-0.080005519,0.050000001,0.65498197,0.12891923,-1.2328064e-23,4.8243999,-0.080003403,0
194,-0.18876006,4.8725446e-20,-1.8887833e-19,1.4484066,4.89569,-0.080005489,0.050000001,0.6810565,0.1958508,-4.8189465e-22,4.89569,-0.080003403,0
194,-0.18184729,-2.4519516e-20,4.5266772e-21,1.3627143,4.96698,-0.080005527,0.050000001,0.70553857,0.25785819,-2.5139495e-23,4.96698,-0.080003403,0
194,-0.17343837,-2.4327093e-20,6.197822e-20,1.2596974,5.0382724,-0.080005541,0.050000001,0.72815639,0.31401634,1.504302e-22,5.03827,-0.080003403,0
194,-0.16389954,-5.8054166e-20,7.7902933e-20,1.1425714,5.1095676,-0.080005296,0.050000001,0.74866581,0.36355606,9.6997927e-23,5.10957,-0.080003403,0
194,-0.15362673,-1.2770578e-19,2.2461792e-19,1.0155119,5.1808619,-0.08000505,0.050000001,0.76685977,0.40593094,3.6862892e-22,5.18086,-0.080003299,0
194,-0.14301446,-1.609329e-20,1.1216076e-20,0.88346702,5.2521596,-0.080005027,0.050000001,0.78258836,0.44088361,-5.2348437e-23,5.2521601,-0.080003299,0
194,-0.13242953,-1.1863541e-20,6.1825426e-21,0.75175345,5.3234615,-0.080005042,0.050000001,0.79577297,0.46847078,-5.1415975e-23,5.3234601,-0.080003299,0
194,-0.12218791,-5.7168003e-20,8.2357921e-20,0.62544972,5.3947701,-0.080005027,0.050000001,0.80641973,0.48906568,4.5942814e-23,5.3947701,-0.080003299,0
194,-0.11254235,-7.0201413e-21,4.8419663e-21,0.50882918,5.4660783,-0.080005035,0.050000001,0.81461841,0.50331032,-4.5700672e-23,5.4660802,-0.080003299,0
194,-0.10367439,-4.8735644e-21,3.5946454e-21,0.40494648,5.537384,-0.08000505,0.050000001,0.82053149,0.51204365,-5.6037965e-23,5.5373802,-0.080003299,0
194,-0.095697746,-2.6800846e-21,2.2129424e-21,0.31548044,5.6086979,-0.080005042,0.050000001,0.82437503,0.51621407,-3.7031573e-23,5.6086998,-0.080003299,0
194,-0.088671125,4.8241164e-20,-7.5763146e-20,0.24085036,5.6800103,-0.080005042,0.050000001,0.82639384,0.51679134,-1.1262945e-22,5.6800098,-0.080003299,0
194,-0.08260645,9.6203606e-20,-1.5294523e-19,0.1804214,5.7513218,-0.080005027,0.050000001,0.82683891,0.51469791,-1.5641176e-22,5.7513199,-0.080003299,0
194,-0.077482983,9.732105e-20,-1.5455457e-19,0.13282591,5.8226399,-0.080005005,0.050000001,0.82594746,0.51075894,-1.4481503e-22,5.8226399,-0.080003202,0
194,-0.073260382,1.5500066e-21,-1.6625332e-21,0.09628652,5.89396,-0.080005027,0.050000001,0.82392818,0.50567496,-5.9669372e-24,5.89396,-0.080003202,0
194,-0.069887251,-4.546984e-20,7.5814218e-20,0.068891585,5.965282,-0.080005012,0.050000001,0.82095355,0.50001276,5.1130405e-23,5.9652801,-0.080003202,0
194,-0.067308851,5.9463618e-22,9.3779848e-23,0.048804704,6.0366077,-0.080005012,0.050000001,0.81715727,0.49421221,-3.3869076e-24,6.0366101,-0.080003202,0
194,-0.06547223,4.7182637e-20,-7.7043706e-20,0.03440797,6.107934,-0.080005027,0.050000001,0.81263512,0.48860183,-5.7869877e-23,6.1079302,-0.080003202,0
194,-0.064329341,8.2803253e-22,-5.4513217e-22,0.024436878,6.1792617,-0.080005012,0.050000001,0.80744541,0.48341855,-1.0169958e-24,6.1792598,-0.080003202,0
194,-0.063839592,8.8197125e-20,-1.4767553e-19,0.018124152,6.2505894,-0.080005012,0.050000001,0.80161166,0.4788388,-1.0846499e-22,6.2505898,-0.080003202,0
194,-0.06397061,4.3760914e-20,-7.529175e-20,0.015233381,6.3219218,-0.080004983,0.050000001,0.79511994,0.47501332,-5.4025158e-23,6.3219199,-0.080003202,0
194,-0.064699337,-4.4076597e-20,7.2779848e-20,0.015864253,6.3932581,-0.080004998,0.050000001,0.78791606,0.47210002,5.4300799e-23,6.39326,-0.080003202,0
194,-0.066012897,-4.342791e-20,7.2004754e-20,0.019868858,6.4645925,-0.080005035,0.050000001,0.77991045,0.47027403,5.5092518e-23,6.4645901,-0.080003202,0
194,-0.067910172,-3.4311335e-22,1.1794047e-21,0.025948377,6.5359278,-0.08000505,0.050000001,0.77099788,0.46968749,-4.6494605e-26,6.5359302,-0.080003202,0
194,-0.070402004,8.7789803e-20,-1.4114343e-19,0.030721679,6.6072659,-0.080005087,0.050000001,0.76110232,0.4703663,-1.1840069e-22,6.6072698,-0.080003202,0
194,-0.073509686,4.7613907e-22,-1.3265697e-21,0.02829095,6.6786041,-0.080005042,0.050000001,0.75023884,0.47204879,-3.0058429e-26,6.6785998,-0.080003098,0
194,-0.077259831,-4.3934015e-20,7.008026e-20,0.010946125,6.749948,-0.080004781,0.050000001,0.7385726,0.47402465,6.3367549e-23,6.7499499,-0.080003098,0
194,-0.081671268,4.3302773e-20,-6.5674431e-20,-0.02898529,6.82129,-0.080004781,0.050000001,0.72645414,0.47505593,-6.9642881e-23,6.82129,-0.080003098,0
194,-0.086738773,5.0416738e-23,-9.5232056e-22,-0.096708797,6.892632,-0.080005042,0.050000001,0.7143985,0.47344419,5.9674123e-26,6.8926301,-0.080003098,0
194,-0.092413649,-4.3140167e-20,6.6022099e-20,-0.1928747,6.9639802,-0.080005042,0.050000001,0.70301467,0.46726295,6.963048e-23,6.9639802,-0.080003098,0
194,-0.098586544,-4.2395449e-23,1.1846614e-21,-0.31285551,7.0353303,-0.080005035,0.050000001,0.69290668,0.45469797,7.3826234e-24,7.0353298,-0.080003098,0
194,-0.10508288,6.9213429e-22,1.0772041e-21,-0.44776592,7.106678,-0.080005035,0.050000001,0.68457419,0.43438363,8.0150398e-24,7.1066799,-0.080003098,0
194,-0.1116698,1.9287907e-22,6.6903918e-23,-0.58671278,7.1780281,-0.080005027,0.050000001,0.67835045,0.40562603,-7.382636e-24,7.17803,-0.080003098,0
194,-0.11807531,3.0054574e-20,-6.2874141e-20,-0.71928161,7.2493801,-0.080004796,0.050000001,0.67439425,0.36845943,-1.0769216e-22,7.2493801,-0.080003098,0
194,-0.12401531,1.5872237e-21,6.1877159e-22,-0.83733428,7.3207321,-0.080004781,0.050000001,0.6727218,0.32354954,9.3836551e-24,7.3207302,-0.080003098,0
194,-0.12921961,-9.7321434e-21,-9.5826487e-23,-0.93565887,7.3920879,-0.080004796,0.050000001,0.67325383,0.27200812,-7.7730898e-24,7.3920898,-0.080003098,0
194,-0.13345307,5.3969996e-22,-7.3949295e-22,-1.0116044,7.4634423,-0.080004796,0.050000001,0.67586154,0.21520938,4.8506672e-25,7.4634399,-0.080003098,0
194,-0.13653186,-1.8594897e-20,6.3536712e-20,-1.0643433,7.5348001,-0.08000502,0.050000001,0.68039489,0.15463242,1.1744665e-22,7.5348001,-0.080003098,0
194,-0.13833362,-4.5486134e-22,1.4389334e-22,-1.0940833,7.6061583,-0.08000502,0.050000001,0.68669266,0.091776162,-8.634673e-26,7.6061602,-0.080003098,0
194,-0.13880162,1.492261e-21,6.4545905e-20,-1.1015682,7.6775179,-0.080005005,0.050000001,0.69458318,0.028107181,1.1181651e-22,7.6775198,-0.080003001,0
194,-0.1379399,-4.1235171e-22,1.586966e-21,-1.0878832,7.7488804,-0.080004767,0.050000001,0.70387751,-0.034970112,-3.3940854e-25,7.7488799,-0.080003001,0
194,-0.13581765,-1.8819029e-21,-6.441554e-20,-1.0544407,7.8202376,-0.080004521,0.050000001,0.71436399,-0.096133791,-1.1254675e-22,7.82024,-0.080003001,0
194,-0.13256137,6.9174837e-22,7.8947424e-24,-1.0031124,7.8915997,-0.080004744,0.050000001,0.72580355,-0.15417199,-8.8424928e-25,7.8916001,-0.080003001,0
194,-0.12833808,-2.7754514e-20,-7.1209459e-20,-0.93634564,7.9629683,-0.080004752,0.050000001,0.73792833,-0.2080244,-1.1581155e-22,7.9629698,-0.080003001,0
194,-0.12574822,-2.9834395e-20,-7.2705893e-20,-0.89527571,8,-0.080004759,0.050000001,0.74442381,-0.2333447,-1.1308214e-22,8,-0.080003001,0
194,-0.31776378,-3.7380441e-20,-3.1177284e-20,0.27243617,0.99998337,4.5718274e-08,0.050000001,-0.20462574,0.23640093,4.7234982e-22,1,2.9860132e-08,0
194,-0.31728765,-2.0641992e-20,-1.7356899e-20,0.24139795,1.0520648,4.7469857e-08,0.050000001,-0.20918846,0.26055202,2.6933615e-22,1.05208,1.8337801e-08,0
194,-0.31668118,-4.2455174e-20,-2.4018389e-20,0.1793153,1.1231143,2.3747196e-08,0.050000001,-0.21313736,0.29265165,3.986878e-22,1.12313,8.2149798e-09,0
194,-0.31629646,6.6684807e-20,4.6354433e-20,0.096019894,1.1941636,2.6827429e-10,0.050000001,-0.21459627,0.32286724,-5.4081714e-22,1.19418,2.3225899e-09,0
194,-0.31633753,5.663643e-20,3.2296301e-20,-0.009258165,1.2652144,-1.5488694e-10,0.050000001,-0.2133344,0.35010064,-5.4051023e-22,1.26524,-7.13759e-10,0
194,-0.31701362,-6.5176126e-20,-4.3514402e-20,-0.13635372,1.3362677,-3.2445308e-10,0.050000001,-0.20911063,0.373225,5.4043586e-22,1.33629,-1.99272e-09,0
194,-0.31851774,3.427931e-21,3.8027108e-21,-0.28393027,1.4073335,-2.5360869e-08,0.050000001,-0.20168442,0.39113578,2.4773258e-30,1.40736,-2.2894e-09,0
194,-0.32100013,6.8546926e-23,-3.9582454e-21,-0.44921881,1.4784037,-2.531287e-08,0.050000001,-0.19083947,0.40279651,9.29766e-31,1.47843,-2.1027899e-09,0
194,-0.32453969,-7.8618864e-20,-2.3483322e-20,-0.62793273,1.5494729,-2.5264219e-08,0.050000001,-0.1764167,0.40730408,5.6264018e-22,1.5495,-1.72815e-09,0
194,-0.32912233,1.1244866e-19,4.9134179e-20,-0.81434435,1.6205533,-2.5190534e-08,0.050000001,-0.15835345,0.40395764,-8.5388849e-22,1.62058,-1.32421e-09,0
194,-0.33462575,7.4509741e-20,1.9999146e-20,-1.0016166,1.6916391,-1.4203522e-10,0.050000001,-0.13672435,0.39232346,-5.7044847e-22,1.6916699,-9.6508701e-10,0
194,-0.34081456,-8.6462785e-20,-4.0392712e-20,-1.1825075,1.7627289,-9.8970415e-11,0.050000001,-0.11176338,0.37227371,5.3794942e-22,1.76276,-6.76599e-10,0
194,-0.34734887,1.9233951e-21,1.682061e-21,-1.3502383,1.8338293,-6.6871085e-11,0.050000001,-0.083860375,0.34400779,-1.5916683e-24,1.83386,-4.59598e-10,0
194,-0.35381165,-2.4615829e-20,-4.3676922e-21,-1.4993074,1.9049352,-2.5051202e-08,0.050000001,-0.053552225,0.30804005,3.048409e-22,1.90497,-3.03986e-10,0
194,-0.35973477,-1.016971e-23,-2.3234675e-21,-1.6261088,1.976045,-2.5021281e-08,0.050000001,-0.021459922,0.26512048,3.851081e-31,1.9760799,-1.96475e-10,0
194,-0.36463138,-3.0032941e-20,8.5011848e-21,-1.7291386,2.0471606,-1.7872282e-11,0.050000001,0.011799878,0.21615928,6.3539714e-22,2.0472,-1.2442e-10,0
194,-0.36803687,2.2770306e-24,2.2978904e-21,-1.8086621,2.1182849,-1.1070193e-11,0.050000001,0.04564647,0.16215357,-8.8585342e-25,2.11832,-7.73503e-11,0
194,-0.36952481,1.4496944e-20,1.7133946e-20,-1.866037,2.1894157,-2.5014204e-08,0.050000001,0.07959228,0.10409812,3.0809123e-22,2.18945,-4.7279e-11,0
194,-0.36873597,-1.7103007e-21,1.1942697e-20,-1.9029213,2.2605476,-5.0004044e-08,0.050000001,0.11326511,0.042962443,3.0254631e-22,2.2605801,-2.8443701e-11,0
194,-0.36540434,4.299965e-20,3.2434091e-20,-1.9206963,2.3316875,-2.4995341e-08,0.050000001,0.1464162,-0.020313149,-8.1619193e-25,2.3317201,-1.68561e-11,0
194,-0.35935438,-1.5784794e-20,-3.5048247e-20,-1.920051,2.4028356,-1.3903809e-12,0.050000001,0.17892405,-0.084768496,-6.1391897e-22,2.4028699,-9.8447604e-12,0
194,-0.35052326,6.9359482e-20,5.2240197e-20,-1.9008232,2.4739854,-7.9796586e-13,0.050000001,0.21071862,-0.14940223,2.6863402e-22,2.47402,-5.6684401e-12,0
194,-0.33897594,-8.1685236e-20,-6.7529746e-20,-1.8622622,2.5451415,-4.5142015e-13,0.050000001,0.24173714,-0.21315484,-7.9664703e-22,2.5451801,-3.2179899e-12,0
194,-0.32491183,-9.6689814e-20,-1.2125341e-19,-1.8035066,2.6163037,-2.5008129e-08,0.050000001,0.27190894,-0.27487126,-1.2066262e-21,2.6163399,-1.80117e-12,0
194,-0.30867064,1.6526614e-19,1.4705011e-19,-1.7242151,2.6874719,-5.0000139e-08,0.050000001,0.30111375,-0.33333686,1.5842706e-21,2.68751,-9.9383804e-13,0
194,-0.29071832,-2.4163106e-23,1.4240602e-20,-1.625163,2.7586436,-5.0000075e-08,0.050000001,0.32915658,-0.38734311,9.0525891e-25,2.7586801,-5.4048302e-13,0
194,-0.27161652,-5.5805656e-20,-3.6340804e-20,-1.5086293,2.8298218,-5.000004e-08,0.050000001,0.35577127,-0.43579727,-4.465755e-22,2.82986,-2.8963499e-13,0
194,-0.2519829,-1.9100724e-19,-1.5043308e-19,-1.3785261,2.9010012,-2.4992143e-08,0.050000001,0.38063428,-0.47782585,-7.8626663e-22,2.9010401,-1.52904e-13,0
194,-0.23243904,-1.1518101e-19,-1.1142706e-19,-1.2400715,2.9721894,-1.091835e-14,0.050000001,0.40340108,-0.51287723,-4.0031859e-22,2.97223,-7.9504701e-14,0
194,-0.21356256,3.4571455e-19,2.650099e-19,-1.099225,3.0433838,-5.5528498e-15,0.050000001,0.42373979,-0.54077214,1.274833e-21,3.0434201,-4.0708e-14,0
194,-0.1958423,1.0474303e-19,9.6739723e-20,-0.96198291,3.1145804,-2.7217811e-15,0.050000001,0.44136733,-0.56171477,3.7035144e-22,3.11461,-2.05205e-14,0
194,-0.17965567,-1.5475071e-19,-1.2130371e-19,-0.83378989,3.185782,-1.4432899e-15,0.050000001,0.45606822,-0.57624966,-4.9005085e-22,3.1858201,-1.01812e-14,0
194,-0.16526239,2.1456019e-19,1.6149914e-19,-0.7192322,3.2569811,-7.0429773e-16,0.050000001,0.46769309,-0.58518749,5.0702223e-22,3.25702,-4.9691298e-15,0
194,-0.1528061,2.1941361e-19,1.8282058e-19,-0.62196994,3.3281894,-2.5008294e-08,0.050000001,0.47614539,-0.58952987,4.7842422e-22,3.3282299,-2.38316e-15,0
194,-0.14233775,4.443655e-21,1.9573389e-20,-0.54485351,3.3994038,-5.0000001e-08,0.050000001,0.48134431,-0.59040141,-5.6827596e-23,3.3994401,-1.12023e-15,0
194,-0.13383657,-3.2751043e-19,-2.6344392e-19,-0.48965707,3.4706237,-5.0000001e-08,0.050000001,0.48319077,-0.58900291,-6.9286625e-22,3.47066,-5.1303298e-16,0
194,-0.12723677,-1.0957179e-19,-9.0927196e-20,-0.45599943,3.5418499,-5.0000001e-08,0.050000001,0.48155966,-0.58655906,-2.4530399e-22,3.5418899,-2.2560201e-16,0
194,-0.12245288,-1.0618079e-19,-8.8334159e-20,-0.4392454,3.6130712,-2.499212e-08,0.050000001,0.47636715,-0.58420217,-1.8733399e-22,3.6131101,-9.1618399e-17,0
194,-0.11940115,-1.1158595e-19,-8.981171e-20,-0.42836893,3.6843011,8.500145e-17,0.050000001,0.46772712,-0.58273309,-2.1186285e-22,3.68434,-3.0117199e-17,0
194,-0.11801815,2.1637721e-19,1.6933205e-19,-0.40576389,3.7555375,-8.500145e-17,0.050000001,0.45617127,-0.58228225,4.0133022e-22,3.7555799,-2.32558e-18,0
194,-0.11826766,2.1555655e-19,1.5035137e-19,-0.35053903,3.8267705,-1.7347235e-18,0.050000001,0.44282544,-0.58199364,4.1257748e-22,3.8268099,1.00256e-17,0
194,-0.12013321,4.2596855e-19,3.132748e-19,-0.24502788,3.8980174,3.1225023e-17,0.050000001,0.42940751,-0.57993388,8.3202843e-22,3.8980601,1.5409999e-17,0
194,-0.12358842,-2.5758843e-21,3.0767336e-21,-0.081899561,3.9692638,6.2450045e-17,0.050000001,0.4179872,-0.57337552,2.7909252e-23,3.9693,1.7697e-17,0
194,-0.12855369,-3.2737893e-19,-2.3276183e-19,0.13208306,4.0405092,1.7347235e-18,0.050000001,0.41054693,-0.5594247,-6.1562725e-22,4.0405502,1.8627399e-17,0
194,-0.13485359,-1.1509776e-19,-8.0837117e-20,0.37783781,4.1117611,-6.0715322e-17,0.050000001,0.40854341,-0.5357632,-2.0469253e-22,4.1118002,1.8971999e-17,0
194,-0.14219178,-1.3472454e-20,-4.3960399e-22,0.63048869,4.183022,3.469447e-18,0.050000001,0.41263846,-0.50119632,2.3866007e-23,4.1830602,1.90681e-17,0
194,-0.15015335,-1.7405248e-20,2.3582986e-21,0.86705506,4.254282,6.2450045e-17,0.050000001,0.42269665,-0.45581761,2.5519843e-23,4.2543201,1.90605e-17,0
194,-0.15824103,8.4986636e-21,4.9022193e-20,1.0717162,4.3255415,-1.1275703e-16,0.050000001,0.43800184,-0.40078023,1.7248802e-22,4.3255801,1.90109e-17,0
194,-0.16592762,-2.18351e-20,7.8782725e-21,1.2369471,4.3968058,5.8980598e-17,0.050000001,0.45755053,-0.33787635,2.3528259e-23,4.3968401,1.8945e-17,0
194,-0.17270896,-3.5331766e-20,1.0729648e-20,1.3616111,4.4680758,1.7347235e-18,0.050000001,0.48029345,-0.26912954,3.1207514e-23,4.4681101,1.88734e-17,0
194,-0.17814772,-7.1222925e-21,1.0998779e-19,1.4480954,4.5393457,1.2316537e-16,0.050000001,0.50527018,-0.19652218,3.3765137e-22,4.5393801,1.8800201e-17,0
194,-0.18190046,-3.9566359e-20,7.0633121e-20,1.5000057,4.6106215,-1.110223e-16,0.050000001,0.53165758,-0.12186848,1.7686975e-22,4.6106601,1.8727401e-17,0
194,-0.18373364,-5.9194369e-20,2.1482551e-20,1.5209235,4.6819019,6.5919492e-17,0.050000001,0.5587638,-0.046787895,5.5479463e-24,4.6819401,1.86556e-17,0
194,-0.18353204,-5.7987784e-20,2.0302833e-20,1.5139767,4.7531819,1.7347235e-18,0.050000001,0.58601201,0.027276324,-8.2819761e-24,4.7532201,1.8585e-17,0
194,-0.18129374,-5.1964766e-20,2.1919425e-20,1.4818106,4.8244615,-1.1969592e-16,0.050000001,0.61292493,0.099024557,-2.1715981e-23,4.8245001,1.85157e-17,0
194,-0.17712164,-2.4463228e-21,-1.0415332e-19,1.4267489,4.8957472,-5.7245875e-17,0.050000001,0.63909757,0.16727565,-3.2311919e-22,4.8957901,1.8447699e-17,0
194,-0.17121403,-4.5216507e-20,1.5122372e-20,1.3510451,4.9670353,1.2143064e-16,0.050000001,0.66417152,0.23094733,-4.5328582e-23,4.9670701,1.8381e-17,0
194,-0.16384695,-5.5746571e-20,7.7808331e-20,1.2572234,5.0383315,5.2041704e-18,0.050000001,0.68783045,0.28908521,1.0819131e-22,5.0383701,1.8315499e-17,0
194,-0.15535589,3.1458729e-20,-1.1465744e-19,1.1484574,5.1096258,-1.1622647e-16,0.050000001,0.70978421,0.3408809,-2.9776223e-22,5.1096601,1.82513e-17,0
194,-0.14610748,1.2578981e-20,-5.926192e-20,1.0287026,5.1809216,1.8214596e-16,0.050000001,0.72977906,0.38574487,-1.5961742e-22,5.1809602,1.81882e-17,0
194,-0.13647339,-1.1802172e-20,4.2510161e-21,0.90261626,5.2522221,-1.1622647e-16,0.050000001,0.74760801,0.42335239,-3.393022e-23,5.2522602,1.8126399e-17,0
194,-0.12680396,-5.2198115e-20,7.4944211e-20,0.77523619,5.3235216,1.8041124e-16,0.050000001,0.76312655,0.45367903,6.2333826e-23,5.3235602,1.8065701e-17,0
194,-0.11740665,-5.2020087e-20,7.5909602e-20,0.65149027,5.3948255,2.5007347e-08,0.050000001,0.77626699,0.47700667,5.6692057e-23,5.3948598,1.80062e-17,0
194,-0.10853067,-5.3364892e-20,7.8511202e-20,0.53567654,5.466136,2.4992238e-08,0.050000001,0.78704298,0.49388915,3.8737914e-23,5.4661698,1.79479e-17,0
194,-0.10036065,-4.386876e-21,4.9669728e-21,0.43107033,5.537446,6.4184769e-17,0.050000001,0.79554337,0.50508857,-3.9350316e-23,5.5374799,1.7890501e-17,0
194,-0.09301845,4.3816387e-20,-6.9921926e-20,0.33970314,5.6087561,-5.7245875e-17,0.050000001,0.80192107,0.51149893,-1.1688701e-22,5.6087899,1.7834199e-17,0
194,-0.086570904,2.1516604e-22,1.1548914e-21,0.26238301,5.6800656,2.5007468e-08,0.050000001,0.80637127,0.51406115,-3.0411636e-23,5.6801,1.7779e-17,0
194,-0.081039585,2.3290555e-21,-5.848791e-22,0.19885999,5.7513752,2.4992945e-08,0.050000001,0.80911076,0.5136928,-2.7085362e-23,5.75141,1.77248e-17,0
194,-0.076413423,3.0579038e-21,-1.1793571e-21,0.14810207,5.8226905,-5.5511151e-17,0.050000001,0.81035733,0.51123399,-2.2192817e-23,5.8227301,1.76716e-17,0
194,-0.072660729,2.5444976e-21,-2.2726447e-22,0.1085797,5.8940129,-5.5511151e-17,0.050000001,0.81031317,0.50741535,-1.6257185e-23,5.8940501,1.76195e-17,0
194,-0.069737747,1.8059245e-21,-8.0608387e-22,0.078529589,5.9653378,1.7347235e-18,0.050000001,0.80915427,0.50284129,-1.2252759e-23,5.9653702,1.75683e-17,0
194,-0.067596398,2.5606458e-21,-1.325307e-21,0.056206223,6.0366611,1.1449175e-16,0.050000001,0.80702484,0.49799222,-8.4792552e-24,6.0366998,1.7518e-17,0
194,-0.066189855,3.1502202e-21,-1.7927306e-21,0.040045403,6.107985,0,0.050000001,0.80403477,0.49323785,-4.9231105e-24,6.1080198,1.74686e-17,0
194,-0.065475442,2.2014406e-21,-1.0777747e-21,0.028832357,6.1793156,-1.7347235e-18,0.050000001,0.80025691,0.48885638,-1.5557548e-24,6.1793499,1.7420099e-17,0
194,-0.06541764,1.360535e-19,-2.2172499e-19,0.021858608,6.2506456,-1.1275703e-16,0.050000001,0.79572654,0.48506698,-1.6262534e-22,6.25068,1.73725e-17,0
194,-0.065989174,1.3451708e-19,-2.2267423e-19,0.018895112,6.3219752,5.8980598e-17,0.050000001,0.79043818,0.48206612,-1.6398623e-22,6.32201,1.7325799e-17,0
194,-0.067172281,-4.4585526e-20,7.1289411e-20,0.019861026,6.3933072,1.1622647e-16,0.050000001,0.78434408,0.48005456,5.7190144e-23,6.3933401,1.728e-17,0
194,-0.068960011,-7.2139404e-22,7.856526e-22,0.024111774,6.4646416,1.7347235e-18,0.050000001,0.7773658,0.47923097,-3.3673708e-26,6.4646702,1.7235e-17,0
194,-0.071357757,4.4464522e-20,-7.201375e-20,0.029518241,6.5359793,-5.8980598e-17,0.050000001,0.76942289,0.4797304,-5.8575939e-23,6.5360098,1.7190701e-17,0
194,-0.074383162,3.9903594e-22,-6.7634051e-22,0.031694431,6.6073198,0,0.050000001,0.76048267,0.48149931,3.6742692e-24,6.6073499,1.71473e-17,0
194,-0.07806363,-4.5360297e-20,6.8423786e-20,0.023935381,6.6786599,6.4184769e-17,0.050000001,0.75062233,0.4841319,7.0939907e-23,6.67869,1.71046e-17,0
194,-0.082429104,-4.5074774e-20,6.8685136e-20,-0.0016731436,6.75,5.3776428e-17,0.050000001,0.74007553,0.48673007,7.1735319e-23,6.75003,1.70627e-17,0
194,-0.08749757,4.6241545e-20,-6.8340344e-20,-0.052178308,6.8213396,-6.0715322e-17,0.050000001,0.72924554,0.48787251,-7.0864379e-23,6.8213701,1.70216e-17,0
194,-0.093256481,1.0192124e-21,-2.8491655e-21,-0.13142778,6.8926816,1.1622647e-16,0.050000001,0.71866822,0.48573747,1.0787697e-23,6.8927102,1.6981201e-17,0
194,-0.099643059,-4.3805731e-20,6.470736e-20,-0.23840018,6.9640293,-1.1622647e-16,0.050000001,0.7089293,0.47837412,9.2119737e-23,6.9640598,1.69416e-17,0
194,-0.10652804,-3.6394865e-20,6.2555333e-20,-0.36704457,7.035377,1.7347235e-18,0.050000001,0.70057046,0.4640508,1.0399397e-22,7.0354099,1.6902499e-17,0
194,-0.11371383,-3.1961713e-20,6.3787193e-20,-0.50772661,7.1067233,2.500569e-08,0.050000001,0.69400734,0.4415617,1.1000697e-22,7.10675,1.6864199e-17,0
194,-0.12094457,4.6921436e-20,-6.2996712e-20,-0.64959413,7.1780729,2.4994311e-08,0.050000001,0.68948936,0.41039747,-7.943568e-23,7.1781001,1.6826601e-17,0
194,-0.12792617,4.6974256e-20,-6.4882554e-20,-0.78282464,7.2494245,3.469447e-18,0.050000001,0.68710959,0.37075809,-8.5896262e-23,7.2494602,1.6789599e-17,0
194,-0.13435502,-1.4740523e-20,6.2704814e-20,-0.90005767,7.3207788,0,0.050000001,0.68684262,0.32343155,1.2371223e-22,7.3208098,1.6753299e-17,0
194,-0.13994411,1.0827706e-20,1.3472319e-21,-0.99674398,7.3921337,6.5919492e-17,0.050000001,0.68859059,0.26959822,8.5217954e-24,7.3921599,1.67176e-17,0
194,-0.14444526,2.260109e-20,8.795635e-22,-1.070623,7.4634891,-6.2450045e-17,0.050000001,0.69222033,0.21066135,1.3248862e-23,7.4635201,1.66826e-17,0
194,-0.14766504,3.144101e-21,6.6635609e-20,-1.1209919,7.5348482,2.500569e-08,0.050000001,0.69758445,0.14811972,1.257308e-22,7.5348701,1.66481e-17,0
194,-0.14947487,2.4526744e-20,-6.2512966e-20,-1.1480243,7.6062031,2.4994186e-08,0.050000001,0.70452815,0.083478458,-1.2780136e-22,7.6062298,1.6614201e-17,0
194,-0.14981571,1.6865583e-20,-6.5572714e-20,-1.1523342,7.6775608,1.179612e-16,0.050000001,0.71288532,0.018220318,-1.3163006e-22,7.6775899,1.65809e-17,0
194,-0.14869729,1.1621392e-20,9.6764723e-22,-1.1348817,7.7489233,3.469447e-18,0.050000001,0.72247219,-0.046225451,-2.783459e-24,7.74895,1.65482e-17,0
194,-0.14619738,1.2675577e-20,2.0676185e-21,-1.0970144,7.820281,-1.1449175e-16,0.050000001,0.73308206,-0.10850623,-4.8960695e-24,7.8203101,1.6515999e-17,0
194,-0.14245428,1.0399518e-20,3.7053689e-21,-1.0406127,7.8916426,6.4184769e-17,0.050000001,0.74448049,-0.16737939,-6.7401822e-24,7.8916702,1.6484399e-17,0
194,-0.13765435,-3.9487547e-20,-1.3708059e-19,-0.96822459,7.9630136,3.469447e-18,0.050000001,0.75640327,-0.22175495,-2.2298821e-22,7.9630399,1.64534e-17,0
194,-0.13473578,-4.4149489e-20,-1.3981875e-19,-0.92413592,7.9999762,3.491623e-17,0.050000001,0.76270092,-0.24712566,-2.1841569e-22,8,1.6437551e-17,0
194,-0.30139339,8.2878192e-20,4.2150051e-20,0.0012507502,1.0000044,0.080187656,0.050000001,-0.17945664,0.24218762,-9.7445865e-22,1,0.080182672,0
194,-0.30163437,6.1265074e-20,1.6466982e-20,-0.041443877,1.0520357,0.080141433,0.050000001,-0.18144284,0.26432607,-6.0665463e-22,1.05203,0.080136903,0
194,-0.3025119,-7.0706888e-20,-4.530284e-20,-0.11782857,1.1230807,0.080097079,0.050000001,-0.18147752,0.2934573,6.4946446e-22,1.12308,0.080092996,0
194,-0.30412629,-7.271668e-21,8.8416108e-21,-0.21325381,1.1941261,0.080066487,0.050000001,-0.17860559,0.32044345,1.1037824e-22,1.19412,0.080062799,0
194,-0.3066628,5.5870751e-20,2.9555722e-20,-0.32784235,1.2651756,0.080045819,0.050000001,-0.17260496,0.3441878,-4.5875208e-22,1.26517,0.080042399,0
194,-0.31028333,-2.7883499e-20,-2.1174156e-20,-0.46063539,1.3362284,0.080031872,0.050000001,-0.16327329,0.36358136,2.0170266e-22,1.33623,0.080028698,0
194,-0.31510451,-3.3172185e-20,-9.6663882e-21,-0.6094085,1.4072905,0.080022618,0.050000001,-0.15045066,0.37755945,2.753509e-22,1.40729,0.080019802,0
194,-0.32117429,-3.0535905e-20,-4.444248e-21,-0.77058548,1.4783583,0.080016688,0.050000001,-0.13404822,0.38516727,2.4795188e-22,1.4783601,0.080013998,0
194,-0.32844919,-8.4731668e-22,3.8832701e-21,-0.9392969,1.5494277,0.080013022,0.050000001,-0.11407319,0.38561285,-4.3705381e-23,1.54943,0.080010302,0
194,-0.33678097,7.9195635e-20,1.8814018e-20,-1.1097318,1.6205081,0.080010653,0.050000001,-0.090652309,0.3783415,-5.9331413e-22,1.62051,0.080007903,0
194,-0.34591532,4.0171148e-20,1.0237312e-20,-1.2756351,1.6915897,0.080009036,0.050000001,-0.064065769,0.36309421,-2.8526919e-22,1.69159,0.080006398,0
194,-0.3555012,1.4921324e-20,-1.1226839e-20,-1.4309993,1.7626795,0.080008075,0.050000001,-0.034733776,0.33990625,-3.3544822e-22,1.7626801,0.080005497,0
194,-0.36509874,1.8483615e-21,-6.6154799e-21,-1.5708309,1.8337798,0.080007464,0.050000001,-0.0031755015,0.30911008,5.756178e-24,1.8337801,0.080004998,0
194,-0.37421834,-5.7481097e-20,-5.6767779e-22,-1.6916977,1.9048816,0.080006875,0.050000001,0.029998476,0.27129436,6.2822393e-22,1.90488,0.080004603,0
194,-0.38235557,-1.854276e-21,1.8929768e-21,-1.7919209,1.9759916,0.080006577,0.050000001,0.064155474,0.22722423,-5.3181819e-24,1.9759901,0.080004402,0
194,-0.38900861,-1.7308749e-20,8.0851961e-21,-1.8714498,2.0471098,0.080006562,0.050000001,0.098728597,0.17776103,3.2965568e-22,2.0471101,0.080004297,0
194,-0.39371076,1.4644295e-22,1.996568e-21,-1.9313523,2.118232,0.080006562,0.050000001,0.13322459,0.12378864,-5.5175342e-24,2.1182301,0.0800042,0
194,-0.39605024,9.2988405e-21,5.9073487e-21,-1.9731356,2.1893599,0.080006547,0.050000001,0.16725384,0.066171713,-4.3143241e-24,2.1893599,0.080004103,0
194,-0.39568949,-1.9293832e-21,-2.2165171e-21,-1.9980984,2.2604918,0.080006547,0.050000001,0.20054357,0.0057507665,2.9615921e-25,2.2604899,0.080004103,0
194,-0.3923718,2.1338201e-20,2.865131e-20,-2.006954,2.3316321,0.080006532,0.050000001,0.23293144,-0.056633119,3.1268583e-22,2.33163,0.080004103,0
194,-0.38593769,-1.1680358e-20,-2.7319281e-20,-1.9995265,2.4027779,0.080006264,0.050000001,0.26434672,-0.12010951,-3.1096826e-22,2.4027801,0.080003999,0
194,-0.37634489,9.5415503e-20,9.5308203e-20,-1.9746515,2.4739277,0.080006056,0.050000001,0.29475161,-0.18373315,8.8336255e-22,2.4739299,0.080003999,0
194,-0.36367729,-1.7250088e-21,1.9248262e-20,-1.9305921,2.5450842,0.080006056,0.050000001,0.32410625,-0.24642961,4.5371076e-23,2.5450799,0.080003999,0
194,-0.34816542,-1.0872874e-19,-1.4041213e-19,-1.8656276,2.6162441,0.080005996,0.050000001,0.35234243,-0.30699506,-1.524818e-21,2.61624,0.080003902,0
194,-0.33019224,1.2483868e-20,1.0420762e-20,-1.7788018,2.6874099,0.080006003,0.050000001,0.37932625,-0.36413673,2.7175115e-22,2.6874101,0.080003902,0
194,-0.31027958,-8.1309858e-24,-1.1868069e-21,-1.6706299,2.7585819,0.080006041,0.050000001,0.40484565,-0.41656113,0,2.75858,0.080003902,0
194,-0.28905568,9.7055279e-20,7.9845295e-20,-1.5435764,2.8297601,0.080006041,0.050000001,0.42862236,-0.46310276,4.4075136e-22,2.8297601,0.080003902,0
194,-0.26721036,-9.5288286e-20,-7.2073623e-20,-1.4020977,2.9009418,0.080006041,0.050000001,0.45033947,-0.50284946,-4.0377069e-22,2.9009399,0.080003902,0
194,-0.24543421,-1.9684371e-19,-1.683664e-19,-1.2521392,2.9721274,0.080006026,0.050000001,0.46968338,-0.535254,-8.1159494e-22,2.9721301,0.080003798,0
194,-0.22436407,1.4310382e-19,1.1629791e-19,-1.1003977,3.0433197,0.080006018,0.050000001,0.48637992,-0.56018364,5.7304401e-22,3.0433199,0.080003798,0
194,-0.20453373,1.0470837e-19,8.9697882e-20,-0.95340377,3.1145201,0.080006026,0.050000001,0.50022799,-0.57791936,3.7058345e-22,3.1145201,0.080003798,0
194,-0.18635002,-4.780975e-20,-4.1092863e-20,-0.81680763,3.1857202,0.080006033,0.050000001,0.51111072,-0.58909315,-1.6909523e-22,3.18572,0.080003798,0
194,-0.17008445,-5.151878e-21,-2.8804883e-21,-0.69494236,3.2569194,0.080006056,0.050000001,0.51899201,-0.59459436,0,3.2569201,0.080003798,0
194,-0.15588135,1.056032e-19,9.1933092e-20,-0.59086925,3.3281276,0.080005787,0.050000001,0.52389467,-0.59546721,2.4112461e-22,3.32813,0.080003701,0
194,-0.14378347,1.0852606e-19,9.7070983e-20,-0.50678307,3.3993418,0.080005534,0.050000001,0.52586126,-0.59283078,2.2564143e-22,3.3993399,0.080003701,0
194,-0.1337567,-1.0297669e-19,-9.1752418e-20,-0.44440234,3.4705622,0.080005519,0.050000001,0.52490497,-0.58783376,-2.4110709e-22,3.4705601,0.080003701,0
194,-0.12571834,1.2063613e-21,-3.3116024e-21,-0.40486372,3.5417883,0.080005534,0.050000001,0.52096456,-0.58164519,-2.1677808e-23,3.54179,0.080003701,0
194,-0.11956222,-1.2446962e-21,8.0242174e-21,-0.38724414,3.6130121,0.080005556,0.050000001,0.51390338,-0.57543087,-8.3665183e-24,3.6130099,0.080003701,0
194,-0.11517996,-1.047506e-19,-1.0001549e-19,-0.38585889,3.684242,0.080005504,0.050000001,0.50359243,-0.57023007,-1.9388098e-22,3.6842401,0.080003597,0
194,-0.11248045,1.022515e-19,8.3207675e-20,-0.38779226,3.7554758,0.080005519,0.050000001,0.49011531,-0.56668139,1.898758e-22,3.7554801,0.080003597,0
194,-0.11139998,-2.1979794e-21,-7.0671648e-22,-0.3730545,3.8267093,0.080005519,0.050000001,0.47403312,-0.56463158,3.8254248e-24,3.82671,0.080003597,0
194,-0.1119025,2.060316e-19,1.4908778e-19,-0.31913176,3.8979557,0.080005519,0.050000001,0.4565669,-0.56281775,4.032633e-22,3.8979599,0.080003597,0
194,-0.11396051,2.0264992e-19,1.6879569e-19,-0.20891607,3.969202,0.080005534,0.050000001,0.43956578,-0.55886328,3.8051712e-22,3.9691999,0.080003597,0
194,-0.11751876,-2.108431e-19,-1.6271643e-19,-0.038150437,4.0404477,0.080005549,0.050000001,0.42518073,-0.54971182,-3.6747781e-22,4.0404501,0.080003597,0
194,-0.12245223,-1.0910121e-19,-8.4517987e-20,0.18186964,4.1116996,0.080005527,0.050000001,0.41537604,-0.53239155,-1.6743714e-22,4.1117001,0.0800035,0
194,-0.1285298,-1.3767933e-20,-1.7893756e-22,0.42812076,4.18296,0.080005556,0.050000001,0.41147456,-0.50479287,2.3865682e-23,4.18296,0.0800035,0
194,-0.13540258,-1.884347e-20,3.3888939e-21,0.6740045,4.25422,0.080005556,0.050000001,0.41394043,-0.46613601,2.5520081e-23,4.25422,0.0800035,0
194,-0.14262636,-2.2095603e-20,4.4794617e-21,0.89740169,4.3254795,0.080005541,0.050000001,0.42245504,-0.4169676,2.551372e-23,4.32548,0.0800035,0
194,-0.14970648,5.1541269e-21,4.6249523e-20,1.0849003,4.3967457,0.080005571,0.050000001,0.43618914,-0.35879916,1.4877103e-22,4.39675,0.0800035,0
194,-0.15615107,1.949064e-20,9.3776516e-20,1.2315689,4.4680142,0.080005556,0.050000001,0.45410636,-0.29363444,2.7948988e-22,4.4680099,0.0800035,0
194,-0.16151941,-2.4621427e-20,5.9392699e-20,1.338158,4.539288,0.080005541,0.050000001,0.47518656,-0.22356272,1.5661263e-22,4.53929,0.0800035,0
194,-0.16545238,-5.5699118e-20,2.0831516e-20,1.4079694,4.6105623,0.080005527,0.050000001,0.49852362,-0.15055668,2.0976007e-23,4.6105599,0.080003403,0
194,-0.16769247,-6.1308863e-20,-7.7927464e-20,1.4448271,4.6818399,0.080005519,0.050000001,0.52335268,-0.076374955,-2.6337728e-22,4.6818399,0.080003403,0
194,-0.16810128,-4.5615036e-20,-8.6001833e-20,1.452167,4.7531199,0.080005527,0.050000001,0.5490275,-0.0025788774,-2.7392275e-22,4.7531199,0.080003403,0
194,-0.16664551,-2.6026259e-20,7.143489e-21,1.4328845,4.8244019,0.080005519,0.050000001,0.57500428,0.069435187,-9.3840408e-24,4.8243999,0.080003403,0
194,-0.16338947,-3.608208e-20,6.2700769e-20,1.3895389,4.89569,0.080005489,0.050000001,0.60081834,0.13841067,1.0171772e-22,4.89569,0.080003403,0
194,-0.15849753,-2.3983771e-20,1.1653658e-20,1.3246388,4.96698,0.080005527,0.050000001,0.62605727,0.20321642,-2.0583528e-23,4.96698,0.080003403,0
194,-0.1522105,2.1466148e-20,-1.0759492e-19,1.2408639,5.0382724,0.080005541,0.050000001,0.65035182,0.26285413,-2.6974593e-22,5.03827,0.080003403,0
194,-0.14482841,5.3634265e-20,-1.2597197e-19,1.1413578,5.1095676,0.080005296,0.050000001,0.67336631,0.31648415,-2.6801737e-22,5.10957,0.080003403,0
194,-0.13668653,3.2870267e-20,-6.6025414e-20,1.0299325,5.1808619,0.08000505,0.050000001,0.69479722,0.36346966,-1.2634374e-22,5.18086,0.080003299,0
194,-0.12812901,1.4662419e-21,-1.5568289e-21,0.91099679,5.2521596,0.080005027,0.050000001,0.71438581,0.40343207,0,5.2521601,0.080003299,0
194,-0.1194848,-4.2981261e-20,7.0016225e-20,0.7893275,5.3234615,0.080005042,0.050000001,0.73192704,0.43627328,9.5659444e-23,5.3234601,0.080003299,0
194,-0.1110469,-4.5695163e-20,7.1988876e-20,0.66965193,5.3947701,0.08000505,0.050000001,0.74728721,0.46218985,8.8667391e-23,5.3947701,0.080003299,0
194,-0.1030578,-5.0136212e-20,7.5387012e-20,0.55621594,5.4660783,0.080005065,0.050000001,0.76040792,0.48164442,6.8410188e-23,5.4660802,0.080003299,0
194,-0.095700584,-1.6497654e-21,2.8027634e-21,0.45241043,5.537384,0.08000505,0.050000001,0.77130926,0.49531841,-1.2209984e-23,5.5373802,0.080003299,0
194,-0.089100115,4.5736755e-20,-7.1481278e-20,0.3605113,5.6086979,0.080005042,0.050000001,0.78008199,0.50404084,-9.2886687e-23,5.6086998,0.080003299,0
194,-0.083330385,-5.6978658e-22,-1.5233674e-22,0.28166395,5.6800103,0.080005065,0.050000001,0.78686792,0.50870776,-9.4689862e-24,5.6800098,0.080003299,0
194,-0.078421444,-4.7474393e-20,7.4581519e-20,0.21597418,5.7513218,0.08000505,0.050000001,0.79184479,0.51021618,5.4949249e-23,5.7513199,0.080003299,0
194,-0.074371271,-4.5813253e-20,7.4945265e-20,0.16273995,5.8226376,0.080005005,0.050000001,0.79520482,0.50940615,5.3525979e-23,5.8226399,0.080003202,0
194,-0.071157001,-4.4251368e-20,7.446298e-20,0.12070449,5.89396,0.080005027,0.050000001,0.79713702,0.50702488,4.6368155e-23,5.89396,0.080003202,0
194,-0.068743199,4.7392379e-20,-7.350252e-20,0.088303,5.9652843,0.080005012,0.050000001,0.7978155,0.50370491,-6.3177377e-23,5.9652801,0.080003202,0
194,-0.067089342,1.844725e-21,-1.3911985e-21,0.063925371,6.0366077,0.080005012,0.050000001,0.79738921,0.49996132,-6.8061696e-24,6.0366101,0.080003202,0
194,-0.066155426,-4.4146549e-20,7.2455031e-20,0.04611795,6.1079316,0.080005027,0.050000001,0.79597771,0.49620184,5.265905e-23,6.1079302,0.080003202,0
194,-0.065905258,1.8420383e-21,-8.7130603e-22,0.033773899,6.1792593,0.080005012,0.050000001,0.79366517,0.49274707,2.3277105e-26,6.1792598,0.080003202,0
194,-0.066309199,4.6805614e-20,-7.3567686e-20,0.026249032,6.2505894,0.080005012,0.050000001,0.79049617,0.48986256,-5.4104069e-23,6.2505898,0.080003202,0
194,-0.067345835,1.3680206e-19,-2.2059353e-19,0.023263326,6.3219218,0.080004983,0.050000001,0.78647292,0.48779154,-1.6550621e-22,6.3219199,0.080003202,0
194,-0.06900353,-1.65677e-22,-1.8621637e-21,0.024445843,6.3932557,0.080004998,0.050000001,0.78155684,0.48677349,2.8585243e-24,6.39326,0.080003202,0
194,-0.071281813,4.4890478e-20,-7.0839399e-20,0.028552989,6.4645901,0.080005035,0.050000001,0.77568734,0.487019,-6.286319e-23,6.4645901,0.080003202,0
194,-0.074193113,4.5197889e-20,-7.3340276e-20,0.032590616,6.5359306,0.08000505,0.050000001,0.76881731,0.48862752,-5.8566813e-23,6.5359302,0.080003202,0
194,-0.077762052,-9.0345868e-20,1.4002789e-19,0.031258229,6.6072683,0.080005087,0.050000001,0.76096576,0.49144828,1.2973436e-22,6.6072698,0.080003202,0
194,-0.08202187,-4.6166795e-20,6.9628115e-20,0.0173024,6.6786041,0.080005042,0.050000001,0.75227344,0.49492189,7.0810774e-23,6.6785998,0.080003098,0
194,-0.087005906,-8.2165843e-22,-1.4655487e-21,-0.017081205,6.749948,0.080004781,0.050000001,0.74303347,0.49797466,8.4032706e-24,6.7499499,0.080003098,0
194,-0.092729956,1.97267e-22,-1.1881278e-21,-0.078064971,6.82129,0.080004781,0.050000001,0.73368829,0.49903259,1.4246856e-23,6.82129,0.080003098,0
194,-0.099173538,9.487798e-22,-1.7522339e-21,-0.1680526,6.8926296,0.080005042,0.050000001,0.72477537,0.4961949,1.0635535e-23,6.8926301,0.080003098,0
194,-0.10625967,1.892941e-21,-2.8650622e-21,-0.2845231,6.9639773,0.080005042,0.050000001,0.71684104,0.48753032,7.1148359e-24,6.9639802,0.080003098,0
194,-0.11383998,-3.8726192e-20,6.4005336e-20,-0.42032987,7.0353303,0.080005035,0.050000001,0.71035546,0.47141674,1.1721867e-22,7.0353298,0.080003098,0
194,-0.12169524,-3.3221457e-20,6.6443244e-20,-0.56542873,7.106678,0.080005057,0.050000001,0.70565069,0.44681215,1.2425449e-22,7.1066799,0.080003098,0
194,-0.12954728,4.8951541e-20,-6.5828106e-20,-0.70921266,7.1780252,0.080005057,0.050000001,0.70290053,0.41338015,-9.2711446e-23,7.17803,0.080003098,0
194,-0.1370817,1.7562379e-20,-1.5264321e-21,-0.84251666,7.2493777,0.080004796,0.050000001,0.70214069,0.37146237,2.4392095e-23,7.2493801,0.080003098,0
194,-0.14397661,-1.483726e-20,6.6654479e-20,-0.95870364,7.3207321,0.080004781,0.050000001,0.70331162,0.32193682,1.4011572e-22,7.3207302,0.080003098,0
194,-0.14992896,2.1641887e-20,2.3061775e-21,-1.0537293,7.3920879,0.080004796,0.050000001,0.7062999,0.2660349,1.7983998e-23,7.3920898,0.080003098,0
194,-0.1546769,2.3155795e-20,2.0807367e-21,-1.125609,7.4634423,0.080004796,0.050000001,0.71096712,0.20518675,1.3616116e-23,7.4634399,0.080003098,0
194,-0.15801792,2.3443203e-20,3.5464609e-21,-1.173707,7.5348001,0.080005042,0.050000001,0.71716738,0.14089581,8.6667667e-24,7.5348001,0.080003098,0
194,-0.15981816,2.6670284e-20,-6.200383e-20,-1.198112,7.6061583,0.08000505,0.050000001,0.72474939,0.074680269,-1.2775017e-22,7.6061602,0.080003098,0
194,-0.16001889,1.3803618e-20,-1.3530335e-19,-1.1993217,7.6775155,0.080005005,0.050000001,0.73355037,0.0080377972,-2.7012311e-22,7.6775198,0.080003001,0
194,-0.15863435,1.1144279e-20,-8.6673796e-22,-1.1781766,7.7488756,0.080004767,0.050000001,0.74339056,-0.057578914,-4.1147766e-24,7.7488799,0.080003001,0
194,-0.15574935,1.8157669e-20,7.1986466e-20,-1.1359591,7.8202353,0.080004521,0.050000001,0.75406748,-0.12078697,1.3125166e-22,7.82024,0.080003001,0
194,-0.15151544,1.2317332e-20,3.9359071e-21,-1.0745623,7.8915997,0.080004744,0.050000001,0.76535076,-0.18030964,-8.5196662e-24,7.8916001,0.080003001,0
194,-0.14613858,-1.595644e-20,-7.1170917e-20,-0.99663574,7.9629683,0.080004752,0.050000001,0.77698141,-0.2350287,-1.3054994e-22,7.9629698,0.080003001,0
194,-0.14288215,-1.9047506e-20,-7.2604279e-20,-0.94940931,8,0.080004632,0.050000001,0.78305066,-0.26045778,-1.2805207e-22,8,0.080003001,0
194,-0.28684726,5.9119426e-20,2.7554714e-20,-0.23966822,1.0000042,0.16041112,0.050000001,-0.13678187,0.24347296,-6.2677097e-22,1,0.1603713,0
194,-0.28777343,-2.6192408e-20,-2.1364387e-20,-0.29161096,1.0519955,0.1603207,0.050000001,-0.13555884,0.26334864,2.4800585e-22,1.05199,0.160282,0
194,-0.29002798,-1.0835216e-19,-3.8415647e-20,-0.37835553,1.1230304,0.16023383,0.050000001,-0.13097084,0.2891497,9.7648853e-22,1.1230299,0.16019601,0
194,-0.29345766,-6.8029789e-21,1.2082018e-20,-0.48123679,1.1940696,0.16017359,0.050000001,-0.12325529,0.31256536,3.3600438e-24,1.19407,0.160137,0
194,-0.29821992,3.5217586e-21,1.0266751e-20,-0.59971809,1.2651132,0.16013274,0.050000001,-0.1122345,0.33253083,-9.5769812e-24,1.26511,0.160097,0
194,-0.30442291,-4.582747e-23,-1.9955718e-21,-0.73219693,1.3361627,0.16010569,0.050000001,-0.097780548,0.34799555,-4.2891471e-26,1.3361599,0.160071,0
194,-0.31210396,-3.9145763e-20,-9.3206776e-21,-0.87589175,1.4072202,0.16008733,0.050000001,-0.079835854,0.35798022,2.7530004e-22,1.40722,0.160053,0
194,-0.32121262,-5.9992243e-21,-4.0578815e-21,-1.0269111,1.478282,0.16007541,0.050000001,-0.05845084,0.36164361,-2.5441111e-24,1.4782799,0.160042,0
194,-0.33159712,4.2085912e-20,6.4077227e-21,-1.180462,1.5493518,0.16006768,0.050000001,-0.03379222,0.35833132,-3.1214335e-22,1.54935,0.160034,0
194,-0.342994,-1.6958994e-20,1.2359077e-20,-1.3312719,1.62043,0.160063,0.050000001,-0.0061293538,0.34763619,2.9232358e-22,1.62043,0.16003001,0
194,-0.35504022,-2.782262e-21,6.2411638e-21,-1.4741172,1.6915096,0.16005963,0.050000001,0.024125135,0.32943887,3.9314489e-24,1.69151,0.160027,0
194,-0.36729711,5.6515196e-20,-1.3265722e-20,-1.6044523,1.7625997,0.16005747,0.050000001,0.056445774,0.30389759,-6.3347257e-22,1.7625999,0.160025,0
194,-0.37925941,-1.9301725e-20,1.001364e-20,-1.7189578,1.833698,0.16005589,0.050000001,0.090262614,0.27142191,3.5182358e-22,1.8336999,0.160024,0
194,-0.39039278,-3.1075722e-20,8.7162921e-21,-1.8157557,1.9047976,0.16005448,0.050000001,0.12497529,0.23260657,3.223448e-22,1.9048001,0.160023,0
194,-0.4001736,1.8170109e-20,-1.4315779e-20,-1.8944046,1.9759079,0.1600537,0.050000001,0.16000508,0.18817526,-3.4591427e-22,1.9759099,0.16002201,0
194,-0.40809935,-5.7976423e-21,-2.9181607e-21,-1.955642,2.0470221,0.16005336,0.050000001,0.19485469,0.13890436,-5.5927714e-24,2.04702,0.16002201,0
194,-0.41370827,4.9952137e-21,8.8311244e-22,-2.0008519,2.1181421,0.16005303,0.050000001,0.22912173,0.085556269,1.1507044e-23,2.11814,0.16002201,0
194,-0.41660139,4.4892869e-21,1.1234275e-21,-2.0314338,2.1892703,0.16005246,0.050000001,0.26250947,0.02887875,1.1492994e-23,2.18927,0.16002101,0
194,-0.41645736,-4.2305426e-22,-4.7074705e-22,-2.0483351,2.2604024,0.16005209,0.050000001,0.29482791,-0.030399717,-5.7417529e-24,2.2604001,0.16002101,0
194,-0.41303393,-2.0979037e-21,-6.3186734e-22,-2.0516908,2.3315401,0.16005169,0.050000001,0.32597485,-0.09154059,-5.7382527e-24,2.3315401,0.16002101,0
194,-0.40618056,6.4753169e-21,-6.9672866e-21,-2.0404615,2.4026818,0.1600513,0.050000001,0.35590938,-0.15373923,0,2.4026799,0.16002101,0
194,-0.39586094,7.3639489e-20,1.1745724e-19,-2.0124946,2.4738319,0.1600509,0.050000001,0.38460854,-0.21606623,9.8573312e-22,2.47383,0.16002101,0
194,-0.38217592,2.972923e-20,5.1119584e-20,-1.9650393,2.5449903,0.16005051,0.050000001,0.41202682,-0.27741608,3.1235486e-22,2.5449901,0.16002101,0
194,-0.36538336,-7.2837886e-20,-1.1454685e-19,-1.895502,2.6161504,0.16005038,0.050000001,0.43806162,-0.3365151,-9.7670128e-22,2.6161499,0.16002101,0
194,-0.34590429,-3.1935256e-20,-4.3529782e-20,-1.8024089,2.6873145,0.16005003,0.050000001,0.46253482,-0.39198473,-3.0414645e-22,2.68731,0.16001999,0
194,-0.32430986,3.8830116e-21,-5.4548531e-21,-1.6862606,2.7584844,0.16004963,0.050000001,0.48519558,-0.44245601,0,2.7584801,0.16001999,0
194,-0.30128998,9.2853072e-20,1.0716703e-19,-1.5499759,2.8296599,0.16004945,0.050000001,0.50574207,-0.48670986,4.7233931e-22,2.8296599,0.16001999,0
194,-0.27759781,-1.0166713e-19,-9.7205257e-20,-1.3987482,2.900842,0.16004929,0.050000001,0.52386689,-0.52382505,-4.3012629e-22,2.90084,0.16001999,0
194,-0.25398138,-2.0571837e-19,-2.1778629e-19,-1.2394083,2.9720275,0.16004889,0.050000001,0.53930223,-0.5532918,-8.6843211e-22,2.9720299,0.16001999,0
194,-0.23112352,-1.3478144e-20,-1.6141029e-20,-1.0794442,3.0432198,0.16004874,0.050000001,0.55185485,-0.57505524,7.0373985e-23,3.04322,0.16001999,0
194,-0.20958953,2.1939658e-19,2.1724487e-19,-0.92587888,3.114418,0.16004859,0.050000001,0.56142944,-0.58949566,7.0904686e-22,3.1144199,0.16001999,0
194,-0.1898015,1.1320194e-19,1.16953e-19,-0.78448355,3.1856179,0.16004844,0.050000001,0.56802803,-0.59734488,3.5262252e-22,3.1856201,0.16001999,0
194,-0.17203189,-1.1301563e-19,-1.0646969e-19,-0.65933192,3.2568197,0.16004829,0.050000001,0.57173401,-0.59957433,-3.1849786e-22,3.25682,0.16001999,0
194,-0.15641776,-1.1231973e-19,-1.1081255e-19,-0.55282408,3.3280275,0.1600474,0.050000001,0.57268351,-0.59727603,-2.3744486e-22,3.3280301,0.160019,0
194,-0.14298904,-1.086458e-19,-1.1370493e-19,-0.46614894,3.3992419,0.16004701,0.050000001,0.57102871,-0.59156609,-2.1746893e-22,3.39924,0.160019,0
194,-0.13169612,2.2066278e-19,2.1456325e-19,-0.40003413,3.4704599,0.16004682,0.050000001,0.5668906,-0.58352941,4.3901172e-22,3.4704599,0.160019,0
194,-0.12244035,1.0991324e-19,1.1289776e-19,-0.35541028,3.5416818,0.16004665,0.050000001,0.56030834,-0.57422167,2.1891367e-22,3.5416801,0.160019,0
194,-0.11509845,-6.8131622e-22,-6.0373841e-21,-0.33307204,3.6129098,0.1600465,0.050000001,0.55119455,-0.56470054,-9.3658016e-24,3.61291,0.160019,0
194,-0.10954482,-1.0161929e-19,-9.2176716e-20,-0.33171275,3.6841397,0.16004628,0.050000001,0.53934711,-0.55602115,-1.822318e-22,3.68414,0.160019,0
194,-0.10566851,-1.0216578e-19,-1.0354286e-19,-0.3445403,3.7553718,0.16004634,0.050000001,0.52457011,-0.54909194,-1.7350073e-22,3.7553699,0.160019,0
194,-0.10338467,2.7839808e-21,6.0944414e-21,-0.35659838,3.8266096,0.16004615,0.050000001,0.50692219,-0.54433841,5.9286546e-24,3.8266101,0.160019,0
194,-0.10263912,9.6127254e-20,8.7968312e-20,-0.34580332,3.8978517,0.16004597,0.050000001,0.48701549,-0.54127151,1.6955169e-22,3.89785,0.160019,0
194,-0.10339803,2.0046289e-19,1.7008807e-19,-0.28899962,3.9690998,0.1600458,0.050000001,0.46619105,-0.53820175,3.6787134e-22,3.9691,0.160019,0
194,-0.10562138,-1.0061148e-19,-8.1974911e-20,-0.17101911,4.0403476,0.1600454,0.050000001,0.44642013,-0.53235751,-1.8464306e-22,4.04035,0.160019,0
194,-0.10922355,-7.8298073e-21,-3.4222833e-21,0.0081357723,4.1115994,0.16004501,0.050000001,0.4299027,-0.52048242,-8.8776773e-24,4.1115999,0.160018,0
194,-0.11403326,-1.5835179e-22,1.1448213e-21,0.23237576,4.1828599,0.16004485,0.050000001,0.41852683,-0.49969769,-3.0286702e-25,4.1828599,0.160018,0
194,-0.11976992,-9.2040031e-20,-7.8542783e-20,0.47548759,4.2541199,0.16004464,0.050000001,0.41343439,-0.46825767,-1.7958556e-22,4.2541199,0.160018,0
194,-0.12604952,9.8591508e-22,-2.1366049e-21,0.71048582,4.3253794,0.1600447,0.050000001,0.41487539,-0.42586797,0,4.3253798,0.160018,0
194,-0.13242047,2.7419842e-20,3.9285832e-20,0.91721392,4.3966455,0.16004452,0.050000001,0.42236197,-0.37351677,1.2493379e-22,4.3966498,0.160018,0
194,-0.13841353,3.9851675e-20,8.3996773e-20,1.0851641,4.4679155,0.16004433,0.050000001,0.43497857,-0.31301549,2.5908936e-22,4.4679198,0.160018,0
194,-0.14359209,3.8765483e-20,1.3559488e-19,1.2119684,4.5391879,0.16004437,0.050000001,0.45168433,-0.24649251,3.7559975e-22,4.5391898,0.160018,0
194,-0.14759028,-2.7248777e-20,1.451448e-20,1.2999119,4.6104622,0.16004418,0.050000001,0.47149962,-0.17604975,1.0463067e-23,4.6104598,0.160018,0
194,-0.15013653,-6.6319445e-20,-1.7285137e-19,1.3528975,4.6817398,0.16004398,0.050000001,0.49358249,-0.10359527,-5.0177693e-22,4.6817398,0.160018,0
194,-0.15106402,-1.3862881e-20,-9.8400107e-20,1.374763,4.7530198,0.16004404,0.050000001,0.51721728,-0.030820567,-2.730598e-22,4.7530198,0.160018,0
194,-0.15031242,1.386614e-22,-5.1901128e-21,1.3687708,4.8243055,0.16004384,0.050000001,0.54179889,0.040777277,-3.5234378e-24,4.8243098,0.160018,0
194,-0.14792407,-3.5647429e-20,1.1360753e-19,1.3377219,4.8955941,0.16004363,0.050000001,0.56680948,0.10985768,2.5490239e-22,4.8955898,0.160018,0
194,-0.14402744,4.1362588e-20,-1.0684744e-19,1.2842904,4.9668841,0.16004367,0.050000001,0.59178632,0.17523816,-2.2323216e-22,4.9668798,0.160018,0
194,-0.13882315,8.6439082e-20,-2.3184619e-19,1.2112775,5.0381756,0.16004349,0.050000001,0.6163072,0.23587538,-4.7211546e-22,5.0381799,0.160018,0
194,-0.13257463,2.0398662e-20,-1.4336783e-20,1.121852,5.1094699,0.16004285,0.050000001,0.63998705,0.29088753,1.8732113e-23,5.1094699,0.160017,0
194,-0.12558295,-4.8246392e-20,1.1435436e-19,1.0197041,5.180768,0.16004245,0.050000001,0.66247749,0.33960328,2.1141399e-22,5.1807699,0.160017,0
194,-0.11816302,-5.9337711e-20,1.2011784e-19,0.90901077,5.2520652,0.16004223,0.050000001,0.68346781,0.38158774,2.0051765e-22,5.25207,0.160017,0
194,-0.11061889,-8.0295107e-20,1.3233749e-19,0.79426897,5.32337,0.16004226,0.050000001,0.70269787,0.41667587,1.6541407e-22,5.32337,0.160017,0
194,-0.10322438,-5.0075007e-22,1.7247903e-21,0.67999816,5.3946781,0.16004205,0.050000001,0.71997273,0.44498304,9.9156013e-26,5.39468,0.160017,0
194,-0.09621045,3.5568605e-20,-6.2588925e-20,0.57035834,5.465982,0.16004188,0.050000001,0.73516959,0.46688545,-9.3012298e-23,5.4659801,0.160017,0
194,-0.089754723,1.0402901e-22,-1.887491e-22,0.46875238,5.5372896,0.16004191,0.050000001,0.74824482,0.4829824,1.4573264e-26,5.5372901,0.160017,0
194,-0.083982624,4.4207421e-20,-6.7802502e-20,0.37762293,5.6086016,0.16004169,0.050000001,0.75922745,0.49402755,-7.199587e-23,5.6086001,0.160017,0
194,-0.078971714,4.6046666e-20,-7.1166626e-20,0.29838225,5.6799178,0.1600415,0.050000001,0.76820767,0.50086266,-6.047888e-23,5.6799202,0.160017,0
194,-0.074759431,4.5807753e-20,-7.2859148e-20,0.23146674,5.7512321,0.16004151,0.050000001,0.77531946,0.50434953,-5.7888002e-23,5.7512298,0.160017,0
194,-0.071351729,-9.2540269e-20,1.4156519e-19,0.17648713,5.8225474,0.16004157,0.050000001,0.78072524,0.50531507,1.1640925e-22,5.8225498,0.160017,0
194,-0.068734214,-1.3924747e-19,2.1906338e-19,0.13246427,5.8938699,0.16004136,0.050000001,0.78459597,0.50450987,1.6913214e-22,5.8938699,0.160017,0
194,-0.066879876,9.2277536e-20,-1.428913e-19,0.098074056,5.9651957,0.16004114,0.050000001,0.78709775,0.50258386,-1.1059041e-22,5.9651999,0.160017,0
194,-0.065756291,4.6045316e-20,-7.2893967e-20,0.071891889,6.03652,0.16004117,0.050000001,0.78837949,0.50008047,-5.5595269e-23,6.03652,0.160017,0
194,-0.065330699,-9.2374684e-20,1.4591462e-19,0.052620362,6.1078477,0.16004123,0.050000001,0.78856581,0.49744177,1.0977694e-22,6.1078501,0.160017,0
194,-0.065573961,5.4847138e-22,6.9093931e-22,0.03929374,6.1791754,0.16004099,0.050000001,0.78774756,0.49503037,4.6808551e-25,6.1791801,0.160017,0
194,-0.066462927,4.5853074e-20,-7.2214541e-20,0.03132407,6.2505054,0.16004102,0.050000001,0.78597611,0.49315873,-5.4181258e-23,6.2505102,0.160017,0
194,-0.067982629,4.7398926e-20,-7.3515406e-20,0.02831311,6.3218379,0.16004105,0.050000001,0.78326172,0.49211538,-5.549177e-23,6.3218398,0.160017,0
194,-0.070128128,-7.6890088e-22,5.0198473e-22,0.029502966,6.3931723,0.16004083,0.050000001,0.77957904,0.49217021,0,6.3931699,0.160017,0
194,-0.072906114,9.1249473e-20,-1.4256573e-19,0.032965831,6.4645081,0.16004065,0.050000001,0.77489185,0.49353111,-1.2711631e-22,6.46451,0.160017,0
194,-0.07633622,1.1274153e-21,-1.7970133e-21,0.034852937,6.5358443,0.16004021,0.050000001,0.7691943,0.49624264,1.7675379e-28,6.53584,0.160016,0
194,-0.080450609,-9.142901e-20,1.4248814e-19,0.029129205,6.607182,0.1600403,0.050000001,0.7625621,0.50004202,1.2705545e-22,6.6071801,0.160016,0
194,-0.085288271,-3.9941136e-22,8.2191309e-22,0.0082684318,6.6785197,0.16004008,0.050000001,0.75519717,0.50421619,-6.4928762e-26,6.6785202,0.160016,0
194,-0.090884537,-9.8364376e-22,-5.9649466e-22,-0.035127394,6.7498617,0.1600396,0.050000001,0.7474438,0.50753337,0,6.7498598,0.160016,0
194,-0.097253069,-4.6612991e-20,6.7543737e-20,-0.10618676,6.821208,0.16003963,0.050000001,0.7397657,0.50830436,8.5048823e-23,6.8212099,0.160016,0
194,-0.10436435,-1.3467207e-22,1.2401775e-21,-0.20590208,6.8925495,0.1600399,0.050000001,0.73268408,0.50459307,2.375841e-26,6.89255,0.160016,0
194,-0.1121271,4.7756013e-20,-6.7531516e-20,-0.33046216,6.9638977,0.16003993,0.050000001,0.72669327,0.4945254,-8.5117252e-23,6.9639001,0.160016,0
194,-0.12037453,-1.3276185e-21,-2.6427845e-21,-0.47194219,7.0352502,0.16003995,0.050000001,0.72218776,0.47660962,-5.388742e-24,7.0352502,0.160016,0
194,-0.1288667,-4.0596047e-20,6.5850634e-20,-0.62017971,7.1065974,0.16003998,0.050000001,0.71941876,0.44996759,1.1189463e-22,7.1065998,0.160016,0
194,-0.13730563,1.1255433e-21,1.9229269e-21,-0.76498932,7.1779451,0.16003978,0.050000001,0.71849179,0.41441837,5.2121243e-24,7.1779499,0.160016,0
194,-0.1453585,8.5004093e-21,-7.3115314e-22,-0.89785981,7.2492995,0.16003932,0.050000001,0.71939451,0.37041938,1.2591762e-23,7.2493,0.160016,0
194,-0.15268584,-2.5335694e-20,6.643821e-20,-1.0127493,7.3206582,0.16003932,0.050000001,0.72203815,0.31891903,1.2976128e-22,7.3206601,0.160016,0
194,-0.15896995,1.1239917e-20,6.0571068e-22,-1.106011,7.3920121,0.16003935,0.050000001,0.72629398,0.26119021,7.0120024e-24,7.3920102,0.160016,0
194,-0.1639372,1.2003647e-20,2.7292012e-23,-1.1758593,7.4633679,0.16003914,0.050000001,0.73201782,0.19867054,4.7287182e-24,7.4633698,0.160016,0
194,-0.16737413,1.405101e-20,1.3673305e-21,-1.2216663,7.5347242,0.1600394,0.050000001,0.73906136,0.13287388,4.3724801e-24,7.5347199,0.160016,0
194,-0.16914292,1.1377831e-20,2.6393372e-21,-1.2434545,7.606082,0.16003942,0.050000001,0.7472738,0.065320164,1.7517293e-24,7.6060801,0.160016,0
194,-0.16919143,6.3262866e-21,-6.7088697e-20,-1.2416126,7.6774392,0.1600392,0.050000001,0.756495,-0.0024754014,-1.389964e-22,7.6774402,0.160016,0
194,-0.1675365,1.2751141e-22,-7.3082215e-20,-1.2168583,7.7488017,0.16003898,0.050000001,0.76654869,-0.06903746,-1.4564437e-22,7.7487998,0.160016,0
194,-0.1642642,1.4740518e-20,6.9176268e-20,-1.1703777,7.8201656,0.16003875,0.050000001,0.77723652,-0.13295852,1.3113371e-22,7.8201699,0.160016,0
194,-0.15954281,4.8774818e-20,1.5119159e-19,-1.1040639,7.8915277,0.16003901,0.050000001,0.78833103,-0.19292276,2.6396995e-22,7.89153,0.160016,0
194,-0.1535987,1.4037672e-20,6.9197309e-21,-1.0206907,7.9628916,0.16003904,0.050000001,0.79957771,-0.24778268,-5.1396891e-24,7.9628901,0.160016,0
194,-0.15001029,5.8790115e-22,-3.2808843e-20,-0.97037703,8.000001,0.1600388,0.050000001,0.8053624,-0.27317509,-7.4449928e-23,8,0.160016,0
194,-0.27424639,4.0373122e-20,-3.8588619e-20,-0.44150817,0.99999291,0.2410794,0.050000001,-0.079405703,0.2393712,-5.3029977e-22,1,0.24074323,0
194,-0.27582836,2.4302723e-20,-4.9273369e-20,-0.49956226,1.0519516,0.24094626,0.050000001,-0.074548841,0.25686201,1.0093469e-22,1.05196,0.240613,0
194,-0.27933884,7.6689776e-20,2.522333e-21,-0.59191096,1.1229727,0.24081735,0.050000001,-0.064936966,0.27918175,-9.4483903e-23,1.12298,0.24048799,0
194,-0.28436941,6.4807643e-20,2.6491857e-20,-0.69711357,1.1940044,0.24072674,0.050000001,-0.052185867,0.29892814,-6.1636154e-22,1.19401,0.240401,0
194,-0.29104158,-3.3935818e-20,-2.6932997e-21,-0.81414217,1.2650442,0.24066433,0.050000001,-0.036184274,0.31509888,-5.5995916e-23,1.2650501,0.24034201,0
194,-0.29940629,-6.5136318e-20,4.0409126e-21,-0.94099134,1.3360896,0.24062172,0.050000001,-0.016893147,0.32672927,1.9064332e-22,1.3361,0.240302,0
194,-0.30942518,8.1723267e-20,-7.3004659e-21,-1.0747098,1.4071414,0.24059218,0.050000001,0.0056379703,0.33294958,-4.1131642e-22,1.40715,0.24027599,0
194,-0.32096034,7.2578578e-20,-8.0396018e-21,-1.2115476,1.4782013,0.24057139,0.050000001,0.031240033,0.33303863,-2.5144276e-22,1.47821,0.24025799,0
194,-0.33376899,-9.7173256e-20,4.0761542e-21,-1.3471917,1.5492692,0.24055704,0.050000001,0.059627756,0.32648253,5.1658969e-22,1.54928,0.240246,0
194,-0.34750035,-6.1439932e-20,1.1548207e-20,-1.4772239,1.6203409,0.24054669,0.050000001,0.090428643,0.31300998,5.4167729e-22,1.62035,0.240238,0
194,-0.36171341,9.3486815e-20,-3.2077974e-20,-1.597608,1.6914208,0.24053866,0.050000001,0.12316674,0.29259712,-6.3382543e-22,1.69143,0.24023201,0
194,-0.37590641,3.114799e-20,-1.2540498e-20,-1.7051367,1.7625111,0.24053241,0.050000001,0.15728943,0.26547378,-3.0864298e-22,1.76252,0.240228,0
194,-0.38953808,-8.9617885e-20,-6.036023e-21,-1.7977911,1.8336029,0.24052691,0.050000001,0.19223166,0.23207526,2.0608929e-22,1.8336101,0.240225,0
194,-0.40205759,-1.0160379e-21,4.359134e-21,-1.8748372,1.9047027,0.24052201,0.050000001,0.22744234,0.19296992,3.8651897e-24,1.9047101,0.24022201,0
194,-0.4129346,1.869869e-21,-1.6153164e-20,-1.9366412,1.9758109,0.2405182,0.050000001,0.26242107,0.14881024,-2.847311e-22,1.9758199,0.24022,0
194,-0.4216741,-5.8568568e-23,-6.7427363e-20,-1.984376,2.0469205,0.24051479,0.050000001,0.29675928,0.10026144,-6.336925e-22,2.0469301,0.240219,0
194,-0.4278143,5.4555088e-20,6.3547537e-20,-2.0195131,2.1180408,0.24051106,0.050000001,0.33015746,0.047961868,8.1143576e-22,2.1180501,0.240217,0
194,-0.43097126,-6.4193662e-20,7.5613575e-20,-2.043267,2.1891673,0.24050735,0.050000001,0.36240914,-0.0074382606,7.3069184e-22,2.1891699,0.240215,0
194,-0.43084335,-2.1409062e-21,-6.3519156e-22,-2.0562272,2.2602987,0.24050403,0.050000001,0.39338547,-0.06529858,-4.5774575e-23,2.2603099,0.24021401,0
194,-0.42718986,2.5531362e-21,-5.1591174e-21,-2.0577989,2.3314323,0.24050093,0.050000001,0.42302495,-0.12495676,-8.5512157e-25,2.33144,0.24021301,0
194,-0.41986439,-8.5788654e-21,1.0144895e-19,-2.0458341,2.4025786,0.24049759,0.050000001,0.451309,-0.18564954,7.3107812e-22,2.40259,0.240211,0
194,-0.40883687,4.7276942e-20,-9.3513754e-21,-2.0169828,2.4737287,0.24049468,0.050000001,0.47819468,-0.24642441,4.1234647e-24,2.4737401,0.24021,0
194,-0.39422262,1.8646166e-20,1.2996134e-20,-1.9674325,2.5448828,0.24049176,0.050000001,0.50358284,-0.30611861,-5.4681497e-23,2.5448899,0.240209,0
194,-0.37630486,-6.7785506e-20,-9.3221084e-20,-1.8938774,2.6160429,0.2404886,0.050000001,0.52729577,-0.36337888,-5.9476704e-22,2.61605,0.240207,0
194,-0.35554308,7.2538951e-20,5.8765411e-21,-1.7946742,2.6872072,0.24048595,0.050000001,0.5490768,-0.41674322,-3.9445074e-23,2.6872101,0.240206,0
194,-0.33255738,1.3071336e-19,1.1825255e-19,-1.670717,2.7583787,0.24048297,0.050000001,0.56861502,-0.46478459,6.257219e-22,2.7583899,0.240205,0
194,-0.30809516,-1.4353945e-19,-1.1774287e-19,-1.5257858,2.8295527,0.24048021,0.050000001,0.58558619,-0.50626409,-5.4310632e-22,2.82956,0.24020401,0
194,-0.28296036,-2.1955046e-20,9.7433289e-21,-1.3661445,2.9007325,0.24047768,0.050000001,0.59971118,-0.54030329,-6.7016668e-24,2.9007399,0.24020299,0
194,-0.25794461,-1.0115912e-19,-9.5418127e-20,-1.1996164,2.9719181,0.24047491,0.050000001,0.61079729,-0.56647772,-4.0029259e-22,2.97193,0.24020199,0
194,-0.23375884,-1.3124899e-19,-1.2627881e-19,-1.0343552,3.0431106,0.24047212,0.050000001,0.61876583,-0.58484507,-3.4654904e-22,3.0431199,0.2402,0
194,-0.21098118,1.0518944e-19,9.6153348e-20,-0.87769192,3.1143045,0.24046955,0.050000001,0.6236586,-0.59590423,4.0090103e-22,3.11431,0.240199,0
194,-0.19003184,9.0034364e-20,1.0749948e-19,-0.73528546,3.1855047,0.24046719,0.050000001,0.62561846,-0.6004923,3.3667203e-22,3.1855099,0.240198,0
194,-0.17117243,-1.0481036e-19,-1.1341738e-19,-0.6107502,3.2567105,0.24046484,0.050000001,0.62485743,-0.59965193,-2.7867969e-22,3.2567201,0.240197,0
194,-0.15452516,-8.9367366e-20,-1.0508068e-19,-0.50579721,3.3279181,0.24046224,0.050000001,0.62162054,-0.59450608,-2.2307313e-22,3.32793,0.240196,0
194,-0.140102,5.4036769e-21,1.6649406e-20,-0.4206785,3.3991327,0.24045987,0.050000001,0.61614859,-0.58615822,5.9841726e-23,3.3991399,0.24019501,0
194,-0.12783641,3.2852021e-19,3.4402524e-19,-0.35496598,3.4703529,0.24045748,0.050000001,0.60864097,-0.57562947,6.5360819e-22,3.47036,0.24019399,0
194,-0.11761492,1.1296384e-19,1.2283007e-19,-0.30852488,3.5415726,0.24045528,0.050000001,0.59921712,-0.56385374,2.3017237e-22,3.54158,0.24019299,0
194,-0.10930158,-1.0417878e-19,-1.1094329e-19,-0.28207582,3.6127982,0.24045306,0.050000001,0.58786809,-0.55172539,-2.2757963e-22,3.6128099,0.240192,0
194,-0.10275856,-5.0828912e-21,-4.761887e-22,-0.27652436,3.6840281,0.24045086,0.050000001,0.57442617,-0.54016393,-2.6631345e-25,3.6840401,0.240191,0
194,-0.097861879,-1.0252941e-19,-9.6997202e-20,-0.29022616,3.7552624,0.24044932,0.050000001,0.55859452,-0.53010601,-1.7255896e-22,3.75527,0.240191,0
194,-0.094512887,1.7385874e-20,5.1314303e-21,-0.3150242,3.8265028,0.2404473,0.050000001,0.5401057,-0.52231109,8.7247945e-24,3.82651,0.24019,0
194,-0.092643961,4.5279176e-21,-3.5214121e-21,-0.33387557,3.8977423,0.24044503,0.050000001,0.51902038,-0.51695973,1.8993986e-23,3.8977499,0.240189,0
194,-0.092213809,-1.8855471e-20,-5.6724852e-21,-0.32311311,3.9689882,0.24044302,0.050000001,0.49603733,-0.51319891,-8.3058534e-24,3.9690001,0.240188,0
194,-0.093189776,-4.6354127e-21,-6.1799076e-21,-0.26008084,4.0402379,0.24044079,0.050000001,0.47263768,-0.50892937,-8.299578e-24,4.0402498,0.240187,0
194,-0.095514432,1.5011624e-20,3.6194625e-21,-0.13282174,4.1114926,0.24043876,0.050000001,0.450903,-0.50107765,3.7203933e-23,4.1114998,0.24018601,0
194,-0.099067174,1.1398299e-20,5.8688408e-21,0.053770725,4.1827507,0.24043694,0.050000001,0.43303707,-0.48634079,8.7568956e-24,4.1827598,0.24018499,0
194,-0.10363302,-3.1011066e-21,1.7600608e-22,0.27917325,4.2540107,0.24043535,0.050000001,0.42080277,-0.46209866,-2.8974202e-23,4.2540202,0.24018499,0
194,-0.10889456,6.9878467e-20,7.9845321e-20,0.51518756,4.3252726,0.24043372,0.050000001,0.41513216,-0.42707229,1.844336e-22,4.3252802,0.24018399,0
194,-0.11445472,1.0376345e-20,8.5293953e-21,0.73572093,4.3965383,0.24043162,0.050000001,0.41606566,-0.38147178,9.315406e-24,4.3965502,0.240183,0
194,-0.11987948,-1.2320106e-19,-1.5605172e-19,0.92333466,4.4678063,0.24042976,0.050000001,0.4229719,-0.32668239,-3.6617954e-22,4.4678102,0.240182,0
194,-0.1247482,6.5233273e-20,1.632842e-19,1.0705758,4.5390782,0.24042861,0.050000001,0.43488249,-0.26472187,4.3383947e-22,4.5390902,0.240182,0
194,-0.12869589,2.4225934e-20,3.3074731e-22,1.1772351,4.610352,0.2404267,0.050000001,0.45077032,-0.19777991,-1.2132876e-23,4.6103601,0.240181,0
194,-0.13143967,-7.0339898e-20,-1.644958e-19,1.2467194,4.6816325,0.2404248,0.050000001,0.46970743,-0.1279133,-4.2752257e-22,4.6816401,0.24018,0
194,-0.13279071,2.1342667e-20,8.2923079e-20,1.2832775,4.7529144,0.2404236,0.050000001,0.49089813,-0.056956638,2.0903804e-22,4.7529202,0.24018,0
194,-0.13266434,1.4949649e-22,4.2397776e-21,1.2907262,4.8242002,0.24042192,0.050000001,0.51367396,0.013493211,5.868795e-24,4.8242102,0.240179,0
194,-0.13108326,5.7408362e-21,3.0380199e-21,1.2722411,4.8954883,0.24042025,0.050000001,0.53746802,0.082024246,5.8981958e-24,4.8955002,0.240178,0
194,-0.12814255,7.4530209e-21,-1.6154332e-21,1.2306565,4.9667783,0.24041903,0.050000001,0.56176913,0.14737992,-2.4201405e-23,4.9667902,0.240178,0
194,-0.12399917,9.0738392e-20,-2.1931949e-19,1.1688963,5.0380702,0.24041736,0.050000001,0.58610696,0.20846893,-3.9074469e-22,5.0380802,0.24017701,0
194,-0.11888051,5.4777613e-20,-1.2044047e-19,1.0901529,5.109364,0.24041592,0.050000001,0.61005282,0.2643787,-1.757542e-22,5.1093702,0.24017601,0
194,-0.11305384,-8.8528275e-20,2.1806554e-19,0.99798602,5.1806622,0.24041466,0.050000001,0.63321257,0.31439674,3.9105287e-22,5.1806698,0.24017601,0
194,-0.10680162,-6.2041564e-20,1.2179283e-19,0.89638937,5.2519646,0.24041314,0.050000001,0.65522891,0.35803834,2.0121682e-22,5.2519698,0.24017499,0
194,-0.10039987,-8.7613297e-20,1.3262851e-19,0.78961384,5.3232703,0.24041189,0.050000001,0.67579257,0.39507654,1.6577694e-22,5.3232799,0.24017499,0
194,-0.094101161,-5.5787011e-21,1.901701e-21,0.68195373,5.3945746,0.24041015,0.050000001,0.69465274,0.42554834,3.1579273e-25,5.3945799,0.240174,0
194,-0.088120341,4.2844547e-20,-6.288503e-20,0.57738954,5.4658823,0.24040863,0.050000001,0.71163088,0.44974843,-9.3417268e-23,5.4658899,0.240173,0
194,-0.082627393,5.3279996e-21,-1.084204e-22,0.47928071,5.5371928,0.24040759,0.050000001,0.7266227,0.46818623,1.0110557e-25,5.5372,0.240173,0
194,-0.077745058,4.4669808e-20,-6.8007811e-20,0.39018503,5.6085019,0.24040626,0.050000001,0.73959935,0.48153657,-7.223894e-23,5.60851,0.240172,0
194,-0.073552415,4.5153815e-20,-7.5503709e-20,0.31171602,5.6798182,0.24040522,0.050000001,0.75059974,0.49057645,-6.3964111e-23,5.6798301,0.240172,0
194,-0.070092037,4.9787355e-20,-7.7328088e-20,0.24457645,5.7511339,0.24040389,0.050000001,0.75971353,0.49612033,-6.1436714e-23,5.7511401,0.240171,0
194,-0.067377031,-9.3671871e-20,1.4224133e-19,0.18866931,5.8224521,0.24040282,0.050000001,0.76706904,0.4989683,1.1666219e-22,5.8224602,0.240171,0
194,-0.065400839,-9.4299928e-20,1.4567243e-19,0.14329779,5.893774,0.24040149,0.050000001,0.77281463,0.49986225,1.1286655e-22,5.8937802,0.24017,0
194,-0.064144567,5.1580524e-20,-7.1056042e-20,0.10739915,5.9651003,0.24040043,0.050000001,0.77710295,0.49945948,-5.6066995e-23,5.9651098,0.24017,0
194,-0.063583851,4.6895144e-20,-7.3362829e-20,0.079780847,6.0364242,0.24039933,0.050000001,0.78007776,0.49832293,-5.4795099e-23,6.0364299,0.240169,0
194,-0.063693501,-4.6617809e-20,7.2457364e-20,0.0593514,6.1077523,0.24039848,0.050000001,0.78186345,0.49692604,5.4345133e-23,6.10776,0.240169,0
194,-0.06445156,3.5319972e-23,8.0520711e-22,0.045291647,6.1790824,0.24039689,0.050000001,0.78255332,0.49567157,2.8511479e-26,6.17909,0.24016801,0
194,-0.065841869,4.6437467e-20,-7.3693088e-20,0.037042696,6.250412,0.24039599,0.050000001,0.78220302,0.49491689,-5.4381622e-23,6.2504201,0.24016801,0
194,-0.067856178,-8.937039e-20,1.4195859e-19,0.034009703,6.3217444,0.24039534,0.050000001,0.78083104,0.49499151,1.152107e-22,6.3217502,0.24016801,0
194,-0.070496537,9.5839201e-20,-1.3905868e-19,0.034958273,6.3930802,0.24039397,0.050000001,0.77842963,0.49618489,-1.2109948e-22,6.3930898,0.24016701,0
194,-0.073776901,1.4258782e-19,-2.1438612e-19,0.037241243,6.4644146,0.24039289,0.050000001,0.77499408,0.49868625,-1.7940833e-22,6.4644198,0.24016701,0
194,-0.077724665,-9.5570852e-20,1.3810362e-19,0.036222894,6.5357523,0.24039178,0.050000001,0.77056521,0.50247002,1.208549e-22,6.5357599,0.24016599,0
194,-0.082378641,-1.3910272e-19,2.1085052e-19,0.025343873,6.6070924,0.24039114,0.050000001,0.76527774,0.50715309,2.0962519e-22,6.6071,0.24016599,0
194,-0.087782748,6.8561706e-23,2.4050583e-21,-0.002937811,6.6784325,0.24038997,0.050000001,0.75939035,0.51187694,-1.2724047e-25,6.6784401,0.240165,0
194,-0.09397351,8.9116588e-20,-1.426893e-19,-0.055387095,6.7497721,0.24038902,0.050000001,0.75328612,0.51527709,-1.502078e-22,6.7497802,0.240165,0
194,-0.10096143,-2.9148072e-21,-9.6127386e-21,-0.13598058,6.8211179,0.24038835,0.050000001,0.74743652,0.51558703,-1.0599629e-23,6.8211298,0.240165,0
194,-0.10870759,2.9568282e-21,-5.8595269e-21,-0.24441497,6.8924642,0.24038742,0.050000001,0.74233276,0.51087391,-5.5024752e-24,6.8924699,0.240164,0
194,-0.11710721,-8.8345087e-20,1.3811669e-19,-0.37581801,6.96381,0.24038674,0.050000001,0.7384088,0.49934861,2.1362659e-22,6.96382,0.240164,0
194,-0.12597729,3.292742e-20,-6.666288e-20,-0.52176207,7.0351577,0.24038605,0.050000001,0.73598284,0.47965908,-1.1452922e-22,7.0351701,0.240164,0
194,-0.13505983,8.6868162e-20,-1.4094515e-19,-0.67215651,7.1065097,0.24038512,0.050000001,0.73523039,0.45108086,-2.172922e-22,7.1065202,0.240163,0
194,-0.14403921,-2.8867954e-20,6.1687679e-20,-0.81726718,7.1778622,0.24038419,0.050000001,0.73619443,0.41356894,1.0271899e-22,7.1778698,0.240163,0
194,-0.15256584,1.3461434e-20,-3.6171623e-21,-0.94917423,7.2492137,0.24038298,0.050000001,0.73881763,0.3676784,-7.9131592e-24,7.2492199,0.240162,0
194,-0.16028576,1.1402086e-20,2.1005789e-21,-1.0623541,7.3205724,0.24038227,0.050000001,0.74298245,0.31441385,4.3869983e-24,7.32058,0.240162,0
194,-0.16686805,-6.3528814e-22,2.1952491e-21,-1.1535079,7.3919263,0.24038152,0.050000001,0.74854213,0.25507522,4.3412065e-24,7.3919301,0.240162,0
194,-0.17202732,-1.3028389e-20,-2.0908089e-21,-1.2210286,7.4632821,0.24038056,0.050000001,0.7553429,0.1911083,-4.5385294e-26,7.4632902,0.240161,0
194,-0.17553797,-7.4448477e-21,1.4492839e-19,-1.2643439,7.5346422,0.24038009,0.050000001,0.76323223,0.1240293,2.9960523e-22,7.5346498,0.240161,0
194,-0.1772458,-1.9260109e-20,-1.4052374e-19,-1.2834241,7.6059999,0.24037936,0.050000001,0.77206451,0.055362228,-3.0059468e-22,7.60601,0.240161,0
194,-0.17713742,2.1715057e-20,-1.4579126e-19,-1.2785045,7.6773577,0.24037816,0.050000001,0.78168428,-0.013371213,-3.0021436e-22,7.6773701,0.24016,0
194,-0.1752314,6.8610997e-21,6.8844569e-20,-1.2501283,7.7487221,0.24037765,0.050000001,0.79191089,-0.080664523,1.5277956e-22,7.7487302,0.24016,0
194,-0.17158307,-5.5080865e-20,-1.5358091e-19,-1.1994057,7.8200865,0.24037735,0.050000001,0.80254799,-0.14507121,-2.845206e-22,7.8200898,0.24016,0
194,-0.16638701,4.719774e-20,1.4379943e-19,-1.1282398,7.8914499,0.24037685,0.050000001,0.81337595,-0.2052502,2.7289688e-22,7.8914599,0.24016,0
194,-0.15989268,6.8383222e-20,2.2688184e-19,-1.0395256,7.9628143,0.24037585,0.050000001,0.82414401,-0.26002401,4.0458563e-22,7.9628201,0.240159,0
194,-0.15598331,6.5663374e-20,1.9405894e-19,-0.98621339,7.9999933,0.24037546,0.050000001,0.82958364,-0.28525788,3.1240826e-22,8,0.240159,0
194,-0.26332039,1.8907648e-19,-1.5168052e-19,-0.59386814,0.9997223,0.32436979,0.050000001,-0.0088296235,0.228881,-1.8789775e-21,1,0.32298511,0
194,-0.26554045,-5.7199017e-19,-2.8144588e-20,-0.65400219,1.0516025,0.32418501,0.050000001,-6.9828595e-05,0.24389789,6.9167243e-21,1.05188,0.32280901,0
194,-0.2701984,-1.0340803e-18,3.8514969e-19,-0.74641305,1.1226114,0.32399976,0.050000001,0.014755839,0.26266962,1.2217162e-20,1.12289,0.32263601,0
194,-0.27662203,2.0837555e-19,1.1243189e-19,-0.84842086,1.1936352,0.32386369,0.050000001,0.032524358,0.27874276,-7.3110881e-22,1.19391,0.322512,0
194,-0.28489041,5.3738983e-19,-1.4949366e-19,-0.95873129,1.2646716,0.32376304,0.050000001,0.053270128,0.29120564,-6.8002825e-21,1.26494,0.322422,0
194,-0.29499793,5.7078549e-19,-5.1105477e-19,-1.0752546,1.3357106,0.32368746,0.050000001,0.076944575,0.29920259,-7.4410704e-21,1.3359801,0.322357,0
194,-0.30683917,-3.0729752e-19,3.4385257e-19,-1.1952058,1.40676,0.32362843,0.050000001,0.1034008,0.30198625,6.8698901e-21,1.40703,0.322308,0
194,-0.32020304,-5.4956158e-19,5.21147e-19,-1.3152916,1.4778183,0.32358134,0.050000001,0.13238637,0.29896083,7.5289212e-21,1.47808,0.32227099,0
194,-0.33477569,4.629413e-19,-4.1768609e-19,-1.4319679,1.5488858,0.32354265,0.050000001,0.16355009,0.28973702,-7.1387924e-21,1.54915,0.32224199,0
194,-0.35014555,-1.203698e-19,-1.599484e-19,-1.5417989,1.6199597,0.32350877,0.050000001,0.19646159,0.27414736,-5.2072807e-22,1.6202199,0.32221699,0
194,-0.36582419,-2.1964347e-19,7.8387042e-19,-1.6419041,1.6910394,0.32347861,0.050000001,0.23063111,0.2522366,8.4129979e-21,1.6913,0.32219601,0
194,-0.38127452,-1.6749161e-19,8.8184924e-20,-1.7302712,1.762128,0.32345152,0.050000001,0.26553571,0.22425972,-3.7996691e-22,1.76238,0.32217801,0
194,-0.39594075,4.9620606e-19,-9.2744876e-19,-1.8058784,1.8332235,0.32342586,0.050000001,0.30066839,0.19062725,-9.9104469e-21,1.83348,0.32216099,0
194,-0.40927148,1.8610768e-19,-6.6603413e-20,-1.8687598,1.9043231,0.32340106,0.050000001,0.33555886,0.15185526,1.1813267e-23,1.90458,0.32214499,0
194,-0.42074808,-2.1663546e-19,-9.0526137e-21,-1.9197849,1.9754268,0.32337725,0.050000001,0.3697955,0.10850789,-2.9946239e-23,1.97568,0.32212901,0
194,-0.4299086,1.6434111e-20,-1.4952265e-19,-1.9603081,2.0465386,0.32335475,0.050000001,0.40306172,0.061145715,-7.1325986e-22,2.0467899,0.322115,0
194,-0.43623,5.6109612e-21,1.5497879e-18,-1.9916335,2.117661,0.32333246,0.050000001,0.43517503,0.010314044,1.1851387e-20,2.1179099,0.32210001,0
194,-0.43934062,-5.9991956e-19,-1.3137896e-18,-2.0145736,2.1887872,0.32331106,0.050000001,0.46604368,-0.043458506,-1.012449e-20,2.1890299,0.32208699,0
194,-0.439017,5.1332761e-19,1.0429822e-19,-2.028909,2.2599206,0.32328963,0.050000001,0.49558079,-0.099634215,5.052603e-23,2.26017,0.32207301,0
194,-0.43499589,1.0424988e-19,-1.0129078e-19,-2.0326898,2.3310566,0.32326907,0.050000001,0.52372402,-0.15758412,1.4521045e-22,2.3313,0.32205999,0
194,-0.42712823,-2.7605504e-19,-1.4678939e-18,-2.0223534,2.4022007,0.32324865,0.050000001,0.55042124,-0.21652491,-9.7572642e-21,2.4024401,0.322047,0
194,-0.41539359,4.1506835e-19,1.4130377e-18,-1.9933065,2.4733505,0.32322881,0.050000001,0.57555187,-0.27544639,9.6529522e-21,2.4735899,0.322034,0
194,-0.39992574,-1.7337638e-19,7.528826e-20,-1.9409153,2.5445058,0.32320976,0.050000001,0.59890652,-0.33309546,-6.578939e-23,2.54475,0.32202199,0
194,-0.38103983,-1.2321161e-20,-6.4537232e-20,-1.8617493,2.6156683,0.32319054,0.050000001,0.62018675,-0.38802114,7.0410967e-23,2.6159101,0.32201001,0
194,-0.35923725,1.3807856e-18,1.8133336e-18,-1.7547233,2.6868343,0.32317173,0.050000001,0.63903487,-0.43869284,8.0210727e-21,2.6870699,0.321998,0
194,-0.33518624,1.5163966e-18,2.1043307e-18,-1.6218343,2.7580066,0.32315332,0.050000001,0.65508479,-0.48366436,8.0044652e-21,2.75824,0.32198599,0
194,-0.30967769,-1.5487192e-18,-2.0092835e-18,-1.4682189,2.8291841,0.32313547,0.050000001,0.66801953,-0.52174455,-9.1148268e-21,2.8294201,0.32197499,0
194,-0.28355303,-5.9113387e-19,-9.2460853e-19,-1.3014599,2.9003637,0.3231177,0.050000001,0.67762828,-0.55215281,-4.0739348e-21,2.9006,0.32196301,0
194,-0.25762534,-5.5230436e-20,4.4189526e-20,-1.1303207,2.9715474,0.32310039,0.050000001,0.68384415,-0.57460481,2.5449655e-22,2.9717801,0.32195199,0
194,-0.23260833,-8.8340056e-19,-1.0676279e-18,-0.96334511,3.0427394,0.3230837,0.050000001,0.68674779,-0.58931041,-3.4913165e-21,3.0429699,0.321942,0
194,-0.20907059,4.560564e-20,-6.8994915e-20,-0.80773419,3.1139371,0.3230671,0.050000001,0.68654817,-0.59690017,-1.6869927e-22,3.1141701,0.321931,0
194,-0.18741511,-8.7870859e-19,-9.5515755e-19,-0.6686132,3.1851392,0.3230511,0.050000001,0.68354785,-0.59830517,-1.9895323e-21,3.18537,0.32192099,0
194,-0.16788208,7.5083386e-19,8.4866591e-19,-0.54883122,3.2563457,0.32303524,0.050000001,0.67809176,-0.59461653,1.7398403e-21,3.2565701,0.32191101,0
194,-0.15057069,8.8921833e-19,9.7797305e-19,-0.44925651,3.3275554,0.32301977,0.050000001,0.67052442,-0.58695805,2.0230818e-21,3.32778,0.32190099,0
194,-0.13547301,-6.2534772e-19,-7.2918484e-19,-0.36930582,3.398771,0.32300442,0.050000001,0.66115487,-0.57639337,-1.4228651e-21,3.3989999,0.32189101,0
194,-0.12250867,1.2318229e-19,1.3436458e-19,-0.30762047,3.4699917,0.32298926,0.050000001,0.6502291,-0.56386936,2.395221e-22,3.4702101,0.321881,0
194,-0.11155205,-1.445873e-21,-5.8870157e-21,-0.2629554,3.5412149,0.32297471,0.050000001,0.63790751,-0.55020225,-2.6004827e-25,3.54144,0.321872,0
194,-0.10245963,6.4731164e-19,8.3926288e-19,-0.23510516,3.6124384,0.32296053,0.050000001,0.62423873,-0.53612196,1.0775669e-21,3.6126599,0.321863,0
194,-0.095085941,-6.4297814e-19,-8.0860079e-19,-0.22521685,3.6836708,0.32294649,0.050000001,0.60911816,-0.52235097,-1.0441683e-21,3.6838901,0.321854,0
194,-0.089299738,-6.2358975e-19,-8.27244e-19,-0.23453866,3.7549086,0.32293284,0.050000001,0.59226674,-0.50968689,-1.0754489e-21,3.7551301,0.321845,0
194,-0.08499451,1.2975225e-18,1.5899311e-18,-0.26101601,3.8261511,0.32291961,0.050000001,0.57328618,-0.49896476,1.988104e-21,3.82637,0.32183701,0
194,-0.082094491,-6.9691711e-20,-8.299105e-20,-0.29505605,3.897393,0.32290605,0.050000001,0.55185968,-0.49079743,-1.6036868e-22,3.8976099,0.32182801,0
194,-0.080553867,-1.2887523e-18,-1.4758845e-18,-0.31773356,3.9686368,0.32289338,0.050000001,0.52807915,-0.48511609,-1.8561953e-21,3.9688499,0.32181999,0
194,-0.080345094,-9.2425058e-20,-5.7069704e-20,-0.30452862,4.0398865,0.32288066,0.050000001,0.50275475,-0.48072264,-4.2489086e-23,4.0401001,0.321812,0
194,-0.081432708,5.6638685e-19,6.0137788e-19,-0.23429306,4.1111422,0.32286802,0.050000001,0.47750556,-0.47518137,7.4364804e-22,4.1113601,0.32180399,0
194,-0.083737589,6.1152506e-19,6.2319663e-19,-0.098948434,4.1823983,0.32285604,0.050000001,0.45449471,-0.46524861,9.9191749e-22,4.18261,0.321796,0
194,-0.087103635,7.158686e-20,1.0765352e-19,0.091922209,4.2536602,0.32284454,0.050000001,0.43588582,-0.44772387,1.7221309e-22,4.25387,0.321789,0
194,-0.091280125,-4.7239432e-19,-5.0472736e-19,0.31446153,4.3249288,0.32283264,0.050000001,0.4232868,-0.4203479,-7.5390329e-22,4.32514,0.32178101,0
194,-0.095930301,4.5972051e-19,5.5896932e-19,0.53980714,4.3961949,0.32282096,0.050000001,0.41742381,-0.38233367,1.1200181e-21,4.3964,0.32177401,0
194,-0.10066717,-8.5821953e-20,-1.458562e-19,0.74371547,4.4674644,0.3228099,0.050000001,0.41815561,-0.3343389,-3.8176695e-22,4.46767,0.321767,0
194,-0.10509763,-4.1002697e-19,-4.6053658e-19,0.91170144,4.5387378,0.322799,0.050000001,0.42474777,-0.27804294,-8.7749858e-22,4.53895,0.32176,0
194,-0.10886625,-1.5290549e-21,7.6287661e-21,1.0389104,4.610014,0.32278806,0.050000001,0.43620887,-0.21559936,2.1838275e-23,4.61022,0.321753,0
194,-0.11168545,-4.1971138e-20,-9.2313996e-20,1.1268362,4.681294,0.3227773,0.050000001,0.45154461,-0.14918596,-2.3648614e-22,4.6815,0.32174599,0
194,-0.11334862,-1.9947638e-20,-5.613534e-19,1.1795746,4.7525802,0.32276696,0.050000001,0.46987733,-0.080794275,-1.0795183e-21,4.75279,0.32174,0
194,-0.11373258,3.4365905e-21,9.8602352e-21,1.2014865,4.8238659,0.32275677,0.050000001,0.4904626,-0.012165471,5.0489607e-23,4.82407,0.321733,0
194,-0.11288396,8.5913712e-20,6.2008369e-19,1.1963707,4.8951535,0.32274705,0.050000001,0.51265937,0.055187203,1.2455692e-21,4.89536,0.32172701,0
194,-0.11086518,-7.5173605e-20,1.0375388e-19,1.1674776,4.9664435,0.32273695,0.050000001,0.53590095,0.11993974,1.6177866e-22,4.96665,0.32172,0
194,-0.1077483,2.9972329e-19,-8.7454394e-19,1.1178465,5.0377378,0.32272735,0.050000001,0.55968148,0.18096143,-1.3635067e-21,5.03794,0.32171401,0
194,-0.10374208,6.5514217e-20,-9.4136417e-20,1.0506227,5.109036,0.32271814,0.050000001,0.58353257,0.23730263,-1.5508296e-22,5.1092401,0.32170799,0
194,-0.099081069,-3.4929071e-19,8.9580434e-19,0.96926016,5.1803331,0.32270935,0.050000001,0.60701197,0.28820369,1.3886382e-21,5.1805401,0.32170299,0
194,-0.094013967,-1.4630383e-21,1.643535e-20,0.87756848,5.2516375,0.32270047,0.050000001,0.6297158,0.3331317,0,5.2518401,0.321697,0
194,-0.0887869,4.8974257e-19,-8.8398621e-19,0.77959681,5.3229418,0.32269132,0.050000001,0.65128839,0.37180206,-9.5508715e-22,5.3231401,0.32169101,0
194,-0.083627284,5.742736e-19,-9.5067599e-19,0.67940903,5.3942471,0.32268265,0.050000001,0.67143041,0.40418321,-9.2174073e-22,5.3944502,0.321686,0
194,-0.078731857,-5.0448189e-19,8.5081151e-19,0.58081698,5.46556,0.32267386,0.050000001,0.68990922,0.4304859,9.2599861e-22,5.4657602,0.32168001,0
194,-0.074258551,-5.5736769e-19,9.1648624e-19,0.48713398,5.5368719,0.32266554,0.050000001,0.70656711,0.45113394,8.9328913e-22,5.5370698,0.321675,0
194,-0.070324533,2.1138948e-21,1.149622e-20,0.40096006,5.6081834,0.32265764,0.050000001,0.72132194,0.46672061,0,5.6083798,0.32167,0
194,-0.06700822,6.7097464e-19,-9.9718939e-19,0.32405725,5.6795015,0.32264969,0.050000001,0.73416221,0.47795114,-7.4656827e-22,5.6796999,0.32166499,0
194,-0.064354911,-3.5297804e-21,1.8339382e-21,0.25736362,5.7508216,0.3226417,0.050000001,0.74513435,0.48558399,5.0034584e-24,5.75102,0.32166001,0
194,-0.062383488,-9.5867818e-21,-3.2588674e-20,0.20106038,5.8221416,0.32263392,0.050000001,0.75433105,0.49038112,2.5236773e-23,5.82234,0.32165501,0
194,-0.061094236,2.0564715e-20,3.0305309e-21,0.15473834,5.8934612,0.32262632,0.050000001,0.76187456,0.49306491,5.247016e-24,5.8936601,0.32165,0
194,-0.060475897,-6.7804858e-19,1.014147e-18,0.11761434,5.9647856,0.32261872,0.050000001,0.76789975,0.49429011,7.0933095e-22,5.9649801,0.32164499,0
194,-0.060511749,1.2062217e-21,3.7738875e-21,0.088763759,6.0361137,0.32261148,0.050000001,0.77254057,0.4946329,-8.2432079e-25,6.0363102,0.32164001,0
194,-0.061184227,-1.2545445e-20,1.6245969e-20,0.067321807,6.1074395,0.32260472,0.050000001,0.7759155,0.49459344,1.1139689e-23,6.1076298,0.32163599,0
194,-0.062478669,-9.8491992e-21,1.6204389e-20,0.052602138,6.1787696,0.32259718,0.050000001,0.77811652,0.49461132,1.1059455e-23,6.1789598,0.32163101,0
194,-0.06438598,1.8822272e-20,1.561394e-20,0.044012722,6.250103,0.32259032,0.050000001,0.77920252,0.49508458,1.2069365e-23,6.2502999,0.32162699,0
194,-0.06690485,-1.0284342e-19,1.5412323e-19,0.040668495,6.3214374,0.32258391,0.050000001,0.77920282,0.49637347,1.2862055e-22,6.32163,0.321623,0
194,-0.070044748,-5.5784352e-19,9.2032642e-19,0.040779892,6.3927712,0.32257697,0.050000001,0.77813339,0.49877122,7.8974473e-22,6.3929601,0.32161799,0
194,-0.07382784,-5.5731573e-19,9.2476187e-19,0.040980648,6.4641089,0.32257053,0.050000001,0.77602923,0.50242746,8.4644634e-22,6.4643002,0.321614,0
194,-0.078289285,5.4688147e-19,-9.0528662e-19,0.035986941,6.5354495,0.32256424,0.050000001,0.77298552,0.50722694,-7.7678303e-22,6.5356398,0.32161,0
194,-0.083475016,-1.5410268e-19,1.3394188e-19,0.018954962,6.6067891,0.32255796,0.050000001,0.76919615,0.51265818,2.9662829e-22,6.6069798,0.32160601,0
194,-0.089433953,5.0054185e-21,3.2165564e-21,-0.017367398,6.6781287,0.32255182,0.050000001,0.76497012,0.51772559,-7.9470684e-24,6.6783199,0.32160199,0
194,-0.096203595,7.3495726e-19,-1.1644962e-18,-0.078880027,6.7494707,0.32254615,0.050000001,0.76071626,0.52095956,-1.2394738e-21,6.74966,0.32159901,0
194,-0.10379066,6.9098729e-19,-1.0400749e-18,-0.16833869,6.8208189,0.32254019,0.050000001,0.75689667,0.52055502,-1.3896801e-21,6.8210101,0.32159501,0
194,-0.11214712,4.8253012e-20,-2.3685949e-21,-0.28423393,6.892169,0.32253423,0.050000001,0.75395834,0.51462239,1.0158406e-23,6.8923602,0.32159099,0
194,-0.12115397,-1.3632225e-19,1.4121979e-19,-0.42085528,6.9635153,0.32252845,0.050000001,0.75226527,0.5014891,-3.0574987e-23,6.9636998,0.321587,0
194,-0.13061343,5.8221113e-19,-1.0088101e-18,-0.56951851,7.0348625,0.32252321,0.050000001,0.75205451,0.47995752,-1.7075413e-21,7.0350499,0.32158399,0
194,-0.14025055,5.2158975e-20,-1.3802095e-19,-0.72039235,7.106215,0.3225176,0.050000001,0.75342613,0.44946027,-3.9886814e-22,7.1064,0.32157999,0
194,-0.14973339,-5.2954774e-19,1.052033e-18,-0.86433053,7.1775708,0.32251227,0.050000001,0.7563622,0.41007838,1.8101539e-21,7.1777601,0.32157701,0
194,-0.15869728,-5.3538598e-19,1.0471194e-18,-0.99406201,7.2489228,0.32250658,0.050000001,0.76076114,0.36245364,1.8870694e-21,7.2491102,0.32157299,0
194,-0.16677552,-3.068671e-19,1.0807404e-18,-1.1046338,7.3202782,0.32250139,0.050000001,0.76647896,0.3076345,2.177516e-21,7.3204699,0.32157001,0
194,-0.17362604,-9.1904018e-20,4.1359657e-20,-1.1931424,7.3916345,0.32249638,0.050000001,0.77335727,0.24693267,1.8932682e-23,7.39182,0.321567,0
194,-0.17895526,2.185856e-19,-1.0612104e-18,-1.2581625,7.4629922,0.32249165,0.050000001,0.78123915,0.18178894,-2.1649286e-21,7.4631801,0.32156399,0
194,-0.18253401,-8.4596755e-21,1.3059294e-19,-1.2990801,7.5343523,0.32248688,0.050000001,0.78996712,0.11371172,2.6744886e-22,7.5345402,0.32156101,0
194,-0.18421541,-5.93524e-20,-1.2772153e-18,-1.3156703,7.6057119,0.32248157,0.050000001,0.79939306,0.044240803,-2.624598e-21,7.6058998,0.32155699,0
194,-0.18393251,1.6043994e-19,9.5990247e-19,-1.307982,7.677072,0.32247651,0.050000001,0.80937612,-0.025096584,1.9942535e-21,7.6772599,0.32155401,0
194,-0.18171272,5.8138635e-20,1.2819463e-18,-1.2763711,7.7484365,0.32247186,0.050000001,0.819745,-0.092793822,2.5927381e-21,7.74862,0.321551,0
194,-0.17767404,-9.4663583e-20,-1.274279e-18,-1.2217687,7.8198047,0.32246792,0.050000001,0.83029217,-0.15737706,-2.5505147e-21,7.8199902,0.321549,0
194,-0.17200819,3.8779127e-19,1.1555929e-18,-1.1460514,7.8911691,0.32246345,0.050000001,0.84078771,-0.21746807,2.0601347e-21,7.8913498,0.32154599,0
194,-0.16497894,-5.7303486e-20,1.7117753e-19,-1.0522414,7.9625344,0.32245874,0.050000001,0.85098457,-0.27186954,2.7125809e-22,7.9627199,0.32154301,0
194,-0.16075701,-1.966032e-19,-4.442267e-19,-0.99599141,7.9998169,0.32245642,0.050000001,0.85601991,-0.29682499,-8.1143263e-22,8,0.32154143,0
194,-0.25372556,4.864399e-19,-7.0568055e-19,-0.70438933,0.99841893,0.41486087,0.050000001,0.074880429,0.21013968,-2.2625034e-21,1,0.41342059,0
194,-0.256459,-8.0942482e-19,-1.4488535e-19,-0.7600944,1.0487686,0.41459703,0.050000001,0.087236427,0.22247265,8.6487275e-21,1.0503401,0.41316599,0
194,-0.26210609,-3.1849156e-18,1.4396122e-18,-0.84656638,1.1197855,0.41430494,0.050000001,0.10717308,0.23798482,3.4865857e-20,1.12135,0.41288599,0
194,-0.26965541,-2.1786388e-18,2.5117168e-18,-0.94017726,1.1908191,0.41407159,0.050000001,0.12966645,0.25078413,2.4979252e-20,1.1923701,0.412664,0
194,-0.27914044,3.0453686e-18,-2.2532559e-18,-1.0395628,1.2618676,0.41388062,0.050000001,0.1546835,0.2600612,-3.4267837e-20,1.2634,0.41248399,0
194,-0.29050434,2.6795951e-18,-2.8827193e-18,-1.1427804,1.3329247,0.41371998,0.050000001,0.18210723,0.26507303,-2.9893645e-20,1.33445,0.412334,0
194,-0.3035875,-5.0316656e-18,5.1505757e-18,-1.2474105,1.4039909,0.4135806,0.050000001,0.21172774,0.2651858,6.0921671e-20,1.4055001,0.41220501,0
194,-0.31812799,-2.7311593e-18,4.2279976e-18,-1.3507873,1.4750681,0.41345596,0.050000001,0.24324849,0.25991461,3.6309623e-20,1.47657,0.41209,0
194,-0.33376619,2.9318368e-18,-3.0088062e-18,-1.4502116,1.5461524,0.41334197,0.050000001,0.27629569,0.24895555,-3.6653281e-20,1.54764,0.41198501,0
194,-0.35005811,1.9946898e-18,-3.6806291e-18,-1.5432281,1.6172441,0.41323566,0.050000001,0.31044349,0.23219535,-2.8498776e-20,1.6187201,0.411888,0
194,-0.36649641,-1.9282521e-18,5.3750258e-18,-1.6279261,1.6883394,0.41313466,0.050000001,0.34523574,0.20970339,4.5126283e-20,1.68981,0.411796,0
194,-0.38253677,1.0840711e-18,-4.3912471e-18,-1.7031615,1.7594433,0.41303828,0.050000001,0.38021809,0.18171282,-3.6736338e-20,1.7609,0.411708,0
194,-0.39762533,9.7319236e-19,-2.1880962e-19,-1.7686273,1.8305553,0.41294551,0.050000001,0.41497186,0.14857614,-3.3287117e-21,1.832,0.41162401,0
194,-0.41122004,-9.6025484e-19,4.2956043e-18,-1.8247541,1.9016705,0.41285479,0.050000001,0.44913337,0.11072034,3.1641675e-20,1.90311,0.411542,0
194,-0.42281249,6.2951345e-19,-4.6104086e-18,-1.872506,1.9727925,0.41276667,0.050000001,0.48240936,0.068603262,-3.6022859e-20,1.97422,0.41146201,0
194,-0.43193683,1.6183167e-20,3.4593191e-20,-1.9129772,2.0439222,0.41268072,0.050000001,0.51460564,0.022695744,5.1083542e-22,2.0453401,0.41138399,0
194,-0.43815857,-9.3418356e-19,-4.3939086e-18,-1.946782,2.1150591,0.41259658,0.050000001,0.54559779,-0.026527606,-2.8420162e-20,2.1164601,0.41130701,0
194,-0.44109306,-1.8365631e-18,-8.1520386e-18,-1.9735962,2.1862023,0.41251469,0.050000001,0.57530445,-0.078633286,-4.8810503e-20,2.1875999,0.41123301,0
194,-0.44044459,1.4299197e-18,5.5088508e-18,-1.9916351,2.2573488,0.41243398,0.050000001,0.60366607,-0.13312958,3.9596322e-20,2.2587299,0.41115999,0
194,-0.43598261,4.1313312e-18,1.3344165e-17,-1.9973357,2.3285019,0.41235474,0.050000001,0.63058943,-0.18934998,7.7621052e-20,2.32988,0.41108799,0
194,-0.42757365,2.8490927e-18,6.175448e-18,-1.9858569,2.3996599,0.41227752,0.050000001,0.65590131,-0.2464162,2.5030965e-20,2.4010301,0.41101801,0
194,-0.41521704,-2.2655451e-18,-4.9969658e-18,-1.9519458,2.4708216,0.41220185,0.050000001,0.67932993,-0.30320317,-2.7739014e-20,2.4721799,0.41094899,0
194,-0.39907566,-3.2033245e-18,-6.9965443e-18,-1.8910257,2.5419891,0.41212788,0.050000001,0.70051152,-0.35834935,-3.503548e-20,2.54334,0.410882,0
194,-0.3795023,8.5802663e-20,-1.8376796e-19,-1.8005269,2.6131673,0.41205567,0.050000001,0.71901268,-0.41032445,5.1403696e-22,2.6145101,0.410817,0
194,-0.35704091,1.3870784e-18,1.8417941e-18,-1.6809367,2.6843472,0.41198426,0.050000001,0.73439187,-0.45757535,8.2260139e-21,2.6856799,0.410752,0
194,-0.3323971,1.3946235e-18,2.0509261e-18,-1.53616,2.755533,0.41191447,0.050000001,0.74627572,-0.49871212,7.6600431e-21,2.75686,0.410689,0
194,-0.30638647,-1.2053586e-18,-1.6888833e-18,-1.3731049,2.8267252,0.4118464,0.050000001,0.75441968,-0.53267521,-7.8512623e-21,2.8280399,0.41062701,0
194,-0.27985668,-4.1935056e-19,-6.3094664e-19,-1.2005844,2.8979185,0.41177973,0.050000001,0.75875574,-0.55886394,-3.7893095e-21,2.89923,0.41056699,0
194,-0.25360996,-5.8733062e-18,-7.7981551e-18,-1.0279125,2.969116,0.41171384,0.050000001,0.75940359,-0.57718563,-2.0045643e-20,2.9704199,0.41050699,0
194,-0.22833456,-5.3787461e-19,-8.9027257e-19,-0.86345822,3.0403221,0.41164979,0.050000001,0.75664937,-0.58802629,-2.2067482e-21,3.04162,0.410449,0
194,-0.20456733,5.7731996e-18,7.779254e-18,-0.7136451,3.1115294,0.41158712,0.050000001,0.75089663,-0.59214497,1.9741778e-20,3.1128199,0.41039199,0
194,-0.182676,-6.4787317e-18,-8.1891187e-18,-0.58249038,3.1827433,0.41152543,0.050000001,0.74260998,-0.59053987,-1.6052395e-20,3.1840301,0.41033599,0
194,-0.16287145,1.1017037e-18,1.0674505e-18,-0.47171837,3.2539637,0.41146517,0.050000001,0.73225701,-0.58430988,2.5145067e-21,3.25524,0.41028199,0
194,-0.14523071,6.3174753e-18,8.1481368e-18,-0.38117665,3.3251834,0.41140607,0.050000001,0.72026187,-0.57453823,1.5741656e-20,3.3264501,0.41022801,0
194,-0.12973113,-8.7401258e-19,-8.5159376e-19,-0.30945674,3.3964093,0.41134843,0.050000001,0.70697618,-0.56221151,-1.8583826e-21,3.39767,0.41017601,0
194,-0.1162844,-8.9402052e-21,-2.2997579e-20,-0.25453073,3.4676428,0.41129187,0.050000001,0.69266099,-0.54817808,-1.7698087e-23,3.4689,0.41012499,0
194,-0.1047627,1.8825713e-20,3.8160252e-20,-0.21440706,3.5388765,0.41123608,0.050000001,0.67748398,-0.53313816,-1.1357263e-23,3.5401299,0.410074,0
194,-0.095021032,-4.2861298e-18,-5.8567034e-18,-0.18788114,3.6101143,0.41118181,0.050000001,0.66151273,-0.51767206,-6.4488321e-21,3.6113601,0.410025,0
194,-0.08691375,4.4831419e-18,5.9839718e-18,-0.17526083,3.6813605,0.41112867,0.050000001,0.64469117,-0.50230688,6.3597349e-21,3.6826,0.40997699,0
194,-0.080307156,3.9554627e-18,5.485495e-18,-0.17844287,3.7526088,0.41107666,0.050000001,0.62680805,-0.48762089,5.9751072e-21,3.75384,0.40992999,0
194,-0.075088993,-3.1902501e-18,-4.3918117e-18,-0.19917621,3.823859,0.41102538,0.050000001,0.6074782,-0.47431743,-4.454906e-21,3.8250799,0.40988299,0
194,-0.071176052,4.546056e-18,5.9419109e-18,-0.2351525,3.8951104,0.41097528,0.050000001,0.58621609,-0.46315351,5.8395066e-21,3.8963301,0.40983799,0
194,-0.068518817,-1.4564661e-18,-1.6310922e-18,-0.27575314,3.9663639,0.41092607,0.050000001,0.56266588,-0.4546299,-2.136509e-21,3.9675801,0.40979299,0
194,-0.067095958,-8.6394796e-18,-1.1087681e-17,-0.30099851,4.037622,0.41087815,0.050000001,0.53694862,-0.44849393,-1.1075809e-20,4.0388298,0.40975001,0
194,-0.066896401,4.9900824e-18,5.7892787e-18,-0.28642491,4.1088853,0.41083089,0.050000001,0.50996125,-0.4433234,6.5824739e-21,4.1100898,0.40970701,0
194,-0.067887031,3.1205107e-19,7.3381415e-19,-0.21275036,4.1801577,0.41078505,0.050000001,0.48341775,-0.43651003,2.852102e-22,4.1813598,0.409666,0
194,-0.069975726,-3.8986023e-18,-4.647276e-18,-0.075172029,4.25143,0.41073999,0.050000001,0.45951933,-0.424795,-5.0319691e-21,4.2526202,0.40962499,0
194,-0.072983548,3.3771375e-18,3.8908297e-18,0.11343227,4.3227038,0.41069534,0.050000001,0.44037798,-0.40517026,4.3923448e-21,4.3238902,0.40958399,0
194,-0.076640159,3.9549327e-19,4.7993805e-19,0.32747,4.39398,0.41065192,0.050000001,0.42747536,-0.37572601,1.0486497e-21,4.3951602,0.409545,0
194,-0.080607526,2.964276e-18,4.2665554e-18,0.53852707,4.4652591,0.41060981,0.050000001,0.4213843,-0.3360557,6.8573152e-21,4.4664402,0.40950701,0
194,-0.084521048,-5.9446239e-19,-6.6524724e-19,0.72431964,4.5365429,0.41056812,0.050000001,0.42184523,-0.28712672,-1.4534229e-21,4.5377202,0.40946901,0
194,-0.088035509,-2.8596589e-18,-4.1393661e-18,0.87281513,4.6078291,0.4105272,0.050000001,0.42806634,-0.23079118,-6.6527786e-21,4.6090002,0.40943199,0
194,-0.090862028,5.0864253e-21,-7.3868127e-20,0.98118192,4.6791143,0.41048709,0.050000001,0.43905544,-0.16923448,-5.5642531e-23,4.6802802,0.40939599,0
194,-0.09278857,-4.736654e-20,-6.6058768e-19,1.0520704,4.7504086,0.41044742,0.050000001,0.45385191,-0.10459086,-1.3185637e-21,4.7515702,0.40935999,0
194,-0.093685903,-1.3674615e-20,-7.8132269e-20,1.0900861,4.8217049,0.41040903,0.050000001,0.47160602,-0.038775008,-1.1002531e-23,4.8228598,0.409325,0
194,-0.093516305,-6.7635152e-19,5.8160297e-18,1.0998025,4.8930011,0.41037145,0.050000001,0.49159929,0.026566148,9.0797459e-21,4.8941498,0.409291,0
194,-0.092318907,1.3164768e-18,-5.4291776e-18,1.085119,4.9643002,0.41033462,0.050000001,0.51323044,0.090038173,-7.9203117e-21,4.9654498,0.40925801,0
194,-0.090188138,9.3463778e-19,-5.5584837e-18,1.0493283,5.0356007,0.41029856,0.050000001,0.53594846,0.15045048,-8.330439e-21,5.0367398,0.40922499,0
194,-0.087278597,-1.2327882e-18,5.041818e-18,0.99552399,5.1069045,0.41026309,0.050000001,0.55923402,0.20680177,7.26512e-21,5.1080399,0.40919301,0
194,-0.083779655,-3.2194167e-19,8.4543897e-19,0.92698771,5.1782117,0.41022798,0.050000001,0.58260787,0.25828543,1.2160813e-21,5.1793499,0.409161,0
194,-0.079902872,-1.9498511e-20,5.7861109e-20,0.84726036,5.2495222,0.41019434,0.050000001,0.60562462,0.30430874,0,5.2506499,0.40913099,0
194,-0.075862482,4.1787812e-18,-7.346009e-18,0.76007468,5.3208342,0.41016066,0.050000001,0.62788391,0.34451917,-7.0348989e-21,5.32196,0.4091,0
194,-0.071859606,4.26219e-19,-6.8189999e-19,0.66922802,5.3921456,0.41012836,0.050000001,0.64903641,0.37880039,-6.4002635e-22,5.39327,0.409071,0
194,-0.06807106,2.1232691e-19,1.6879458e-19,0.57835245,5.4634638,0.41009629,0.050000001,0.66879714,0.40727115,1.252541e-21,5.4645801,0.409042,0
194,-0.064641908,-6.9864838e-19,1.1276379e-18,0.49066663,5.5347862,0.41006458,0.050000001,0.6869536,0.4302586,1.0676975e-21,5.5359001,0.409013,0
194,-0.061682731,5.632993e-19,-6.9418233e-19,0.40878162,5.6061077,0.41003367,0.050000001,0.70336741,0.44825929,1.5265631e-22,5.6072202,0.40898499,0
194,-0.059270322,-4.250961e-18,6.6742246e-18,0.33459568,5.6774321,0.41000336,0.050000001,0.71797335,0.46189219,4.4247603e-21,5.6785402,0.40895799,0
194,-0.057451997,5.6844844e-19,-8.0274027e-19,0.26927486,5.7487555,0.40997359,0.050000001,0.73077059,0.47184664,-2.0307083e-22,5.7498598,0.40893099,0
194,-0.056251314,4.3452943e-18,-6.834433e-18,0.21329685,5.8200793,0.40994418,0.050000001,0.74181163,0.47883433,-4.5385138e-21,5.8211799,0.40890399,0
194,-0.055674851,-4.545477e-18,7.1394488e-18,0.16656515,5.8914065,0.4099153,0.050000001,0.75118625,0.48354715,4.6575911e-21,5.8925099,0.408878,0
194,-0.05571847,4.2985181e-18,-6.7667183e-18,0.12862109,5.9627371,0.40988737,0.050000001,0.75900531,0.48662865,-4.3013658e-21,5.96383,0.40885299,0
194,-0.056372616,-2.1406931e-19,2.8816354e-19,0.09884198,6.0340691,0.40985996,0.050000001,0.76538634,0.48866421,2.0065845e-22,6.0351601,0.40882799,0
194,-0.05762694,1.9247388e-19,-3.5998114e-19,0.076599263,6.1054034,0.40983337,0.050000001,0.77043802,0.49017805,-5.0006637e-22,6.1064901,0.408804,0
194,-0.059473794,-2.2434971e-19,3.4095666e-19,0.061322182,6.1767406,0.40980688,0.050000001,0.77424824,0.49164373,2.5352861e-22,6.1778302,0.40878001,0
194,-0.061910629,-4.8011622e-18,7.5938514e-18,0.052328169,6.2480793,0.40978077,0.050000001,0.77687937,0.49349436,5.1296099e-21,6.2491598,0.40875599,0
194,-0.064943276,5.7735869e-20,-7.7441974e-20,0.048386991,6.3194189,0.40975547,0.050000001,0.7783761,0.49611104,-4.4671297e-23,6.3204999,0.40873301,0
194,-0.068588205,-5.759324e-18,8.9409142e-18,0.047152773,6.3907585,0.40973058,0.050000001,0.77878356,0.49977714,7.5507235e-21,6.39184,0.40871099,0
194,-0.072874278,-5.7320113e-18,8.846475e-18,0.044650596,6.4621024,0.40970579,0.050000001,0.77818173,0.50459033,7.8802654e-21,6.4631801,0.40868801,0
194,-0.077842899,5.8337587e-18,-9.0204335e-18,0.035166487,6.5334463,0.40968189,0.050000001,0.77672088,0.51034331,-7.6724863e-21,6.5345201,0.408667,0
194,-0.083544895,5.0040353e-18,-7.802219e-18,0.011828389,6.6047926,0.40965781,0.050000001,0.77464765,0.51641023,-6.8021186e-21,6.6058602,0.408645,0
194,-0.090031393,1.7993324e-20,3.6216969e-20,-0.032117993,6.6761403,0.40963456,0.050000001,0.77230912,0.52168906,7.6518293e-24,6.6772099,0.40862399,0
194,-0.097338066,6.0484592e-18,-9.0048461e-18,-0.10164171,6.7474861,0.40961224,0.050000001,0.77012551,0.52464718,-1.094618e-20,6.7485499,0.408604,0
194,-0.10546619,5.313178e-19,-8.9891547e-19,-0.19840854,6.8188381,0.40958974,0.050000001,0.76853549,0.52348387,-1.0521725e-21,6.8199,0.40858299,0
194,-0.11435989,-5.0493053e-18,7.5745301e-18,-0.31998247,6.8901925,0.40956795,0.050000001,0.76793224,0.51638407,9.3621772e-21,6.8912501,0.408564,0
194,-0.1238898,-3.8790722e-20,5.2521568e-20,-0.46016502,6.9615464,0.40954623,0.050000001,0.76860762,0.50180054,-2.7258752e-22,6.9626002,0.408544,0
194,-0.13384607,6.3432723e-19,-1.1570022e-18,-0.61029959,7.0329022,0.40952545,0.050000001,0.77072215,0.47868067,-1.778965e-21,7.0339599,0.40852499,0
194,-0.14394352,-4.1705619e-18,8.0027152e-18,-0.76099825,7.1042562,0.40950471,0.050000001,0.77430695,0.4465887,1.4228287e-20,7.10531,0.40850601,0
194,-0.15384072,-4.0385352e-18,9.0262618e-18,-0.90376598,7.175612,0.40948448,0.050000001,0.77929127,0.40569916,1.6577538e-20,7.1766601,0.40848801,0
194,-0.16316475,4.9432174e-19,1.3166129e-18,-1.0319849,7.2469716,0.4094643,0.050000001,0.78553891,0.35670093,3.5682374e-21,7.2480202,0.40847,0
194,-0.17153959,8.5319689e-19,1.3947755e-18,-1.1411227,7.3183336,0.40944454,0.050000001,0.79288512,0.30065894,3.6428376e-21,7.3193798,0.408452,0
194,-0.17861441,2.944051e-18,-8.1421356e-18,-1.2284209,7.3896956,0.40942571,0.050000001,0.80116159,0.23887649,-1.6248601e-20,7.3907399,0.40843499,0
194,-0.18408975,2.5397871e-18,-9.2752507e-18,-1.2923225,7.4610577,0.40940663,0.050000001,0.81020683,0.17278409,-1.8484748e-20,7.4621,0.40841699,0
194,-0.18773676,1.1122384e-20,-1.4897143e-19,-1.3318975,7.5324221,0.40938836,0.050000001,0.81987715,0.10388715,-7.457956e-23,7.5334601,0.40840101,0
194,-0.18940556,-2.9524709e-20,-1.1855893e-18,-1.3465692,7.603786,0.40936998,0.050000001,0.83001411,0.033741001,-2.4248016e-21,7.6048198,0.408384,0
194,-0.18898056,6.865959e-20,1.0747504e-18,-1.3361638,7.6751513,0.40935171,0.050000001,0.84042841,-0.036099467,2.2322063e-21,7.6761899,0.40836799,0
194,-0.1864924,9.374728e-20,1.0361914e-18,-1.3009628,7.7465172,0.40933388,0.050000001,0.85093778,-0.10409581,2.3260745e-21,7.74755,0.40835199,0
194,-0.18211509,2.3633793e-18,7.9587662e-18,-1.241894,7.8178897,0.40931666,0.050000001,0.86134905,-0.16874568,1.4237672e-20,7.8189201,0.40833601,0
194,-0.17604998,2.4897692e-19,9.8445929e-19,-1.1609583,7.8892593,0.40929982,0.050000001,0.87142956,-0.22863384,1.3552407e-21,7.8902898,0.40832099,0
194,-0.16857299,-2.3152616e-18,-8.8045766e-18,-1.0614806,7.9606252,0.40928322,0.050000001,0.88093048,-0.2825357,-1.6028334e-20,7.9616499,0.408306,0
194,-0.16397306,-1.2704586e-18,-4.7796775e-18,-1.0005475,7.9989748,0.4092744,0.050000001,0.88559169,-0.30777684,-8.5462023e-21,8,0.40829796,0
194,-0.2459355,-2.9961275e-19,3.0701599e-19,-0.80310398,1.0009588,0.51072562,0.050000001,0.16865021,0.18334042,6.6264045e-21,1,0.51302087,0
194,-0.24850914,1.9518697e-19,-2.2463679e-19,-0.83984172,1.0416631,0.51042122,0.050000001,0.18133743,0.19177069,-2.4921825e-21,1.04071,0.51270801,0
194,-0.25485843,-2.1900548e-18,1.1582562e-18,-0.9115172,1.1127225,0.50998068,0.050000001,0.20561115,0.20461717,2.2162028e-20,1.11178,0.51225299,0
194,-0.26313764,-3.550078e-18,4.2138317e-18,-0.98975319,1.1838026,0.50960678,0.050000001,0.23200127,0.21485946,3.8822119e-20,1.18287,0.51186502,0
194,-0.27334037,3.2658166e-18,-2.9225788e-18,-1.0731478,1.2548991,0.5092814,0.050000001,0.26041916,0.22178754,-3.6254483e-20,1.25397,0.51152498,0
194,-0.28537139,4.8043746e-18,-6.5621698e-18,-1.1599388,1.3260061,0.50899184,0.050000001,0.29070348,0.22475816,-5.5317096e-20,1.32508,0.51122099,0
194,-0.29903921,-4.9980341e-18,4.5818043e-18,-1.2481135,1.3971212,0.50872743,0.050000001,0.32261562,0.22323011,5.442082e-20,1.39621,0.51094198,0
194,-0.31405553,-3.5255641e-18,5.8942736e-18,-1.3355627,1.4682457,0.5084818,0.050000001,0.35585082,0.21679243,4.4986059e-20,1.46734,0.51068199,0
194,-0.33004618,2.3653099e-18,-2.2151156e-18,-1.4202474,1.5393782,0.50825012,0.050000001,0.39005423,0.20518757,-2.6795317e-20,1.53848,0.510436,0
194,-0.34656262,2.4381343e-18,-3.9487303e-18,-1.5004357,1.6105146,0.50802922,0.050000001,0.42484033,0.18831797,-3.0486898e-20,1.60962,0.51020098,0
194,-0.36310488,-2.2829962e-18,7.0583462e-18,-1.5748827,1.6816566,0.50781679,0.050000001,0.45982087,0.16623473,5.159456e-20,1.68077,0.50997502,0
194,-0.37914219,1.2723707e-18,-3.5891888e-18,-1.6428804,1.7528064,0.5076108,0.050000001,0.49462742,0.13911834,-3.258488e-20,1.75193,0.50975502,0
194,-0.39413425,1.593654e-18,-6.972264e-18,-1.7043113,1.8239605,0.50741065,0.050000001,0.52893633,0.10724873,-4.1939414e-20,1.82309,0.50954098,0
194,-0.40755439,-1.5259826e-18,5.2097026e-18,-1.7595521,1.8951215,0.50721556,0.050000001,0.56248623,0.070963979,3.9664422e-20,1.89425,0.50933301,0
194,-0.41890371,5.856782e-19,-5.1529353e-18,-1.8092346,1.9662918,0.50702494,0.050000001,0.59509206,0.030625783,-3.8606212e-20,1.96543,0.50912899,0
194,-0.42770469,2.1067355e-20,-7.2609255e-20,-1.8535895,2.0374627,0.50683868,0.050000001,0.62664407,-0.013392293,5.2299585e-22,2.0366001,0.50893003,0
194,-0.43360725,-3.7924241e-19,-1.2586079e-18,-1.8918816,2.1086404,0.50665683,0.050000001,0.65702468,-0.06070796,-1.3139956e-20,2.10779,0.50873601,0
194,-0.43622878,-1.0175843e-18,-6.0751168e-18,-1.9221289,2.1798213,0.50647861,0.050000001,0.68608493,-0.11087187,-3.6756216e-20,2.1789701,0.50854498,0
194,-0.43517977,-7.2043745e-19,5.8946741e-19,-1.9409044,2.2510085,0.50630385,0.050000001,0.71370596,-0.16331795,1.5609628e-20,2.25017,0.508358,0
194,-0.43026456,3.4414851e-18,1.2746722e-17,-1.9435281,2.3221993,0.50613308,0.050000001,0.73968738,-0.21729358,7.5614855e-20,2.3213601,0.50817603,0
194,-0.42137426,4.3142217e-18,1.2614725e-17,-1.924688,2.3933971,0.50596577,0.050000001,0.76368839,-0.27182037,5.9758655e-20,2.39257,0.50799698,0
194,-0.40853712,-2.2648517e-18,-5.6695749e-18,-1.8794392,2.4645977,0.5058018,0.050000001,0.78526306,-0.32566702,-3.5738429e-20,2.4637699,0.50782102,0
194,-0.39195579,-5.5073631e-18,-1.2567833e-17,-1.8044277,2.5358014,0.50564176,0.050000001,0.80390078,-0.37740603,-5.6546778e-20,2.5349801,0.50765002,0
194,-0.37202555,8.2347723e-20,-4.0780893e-19,-1.6990088,2.6070137,0.50548494,0.050000001,0.81907874,-0.42550948,4.1614705e-22,2.6062,0.50748199,0
194,-0.34932855,2.4041347e-18,4.7761752e-18,-1.5658416,2.67823,0.50533104,0.050000001,0.83034712,-0.46850306,1.8284003e-20,2.6774199,0.50731701,0
194,-0.32459441,-2.2752011e-19,-2.016708e-19,-1.410836,2.7494483,0.50518042,0.050000001,0.83740938,-0.50514811,-1.0108018e-21,2.7486401,0.50715601,0
194,-0.29863748,4.1425454e-20,-1.2651263e-19,-1.2423371,2.8206747,0.50503302,0.050000001,0.84017479,-0.53458887,-1.1784071e-22,2.81987,0.506998,0
194,-0.27228382,3.4862085e-18,5.3855165e-18,-1.0697546,2.8919072,0.50488889,0.050000001,0.83878034,-0.55644238,1.3179598e-20,2.8911099,0.50684398,0
194,-0.24629681,-5.4840313e-18,-7.3854209e-18,-0.90209216,2.9631395,0.50474727,0.050000001,0.8335703,-0.57080978,-1.9471869e-20,2.9623401,0.50669199,0
194,-0.22131249,-3.5160941e-18,-5.5823396e-18,-0.74668688,3.0343773,0.50460905,0.050000001,0.82504338,-0.57821578,-1.3291199e-20,3.0335901,0.50654399,0
194,-0.1978178,5.5172868e-18,7.6164591e-18,-0.60858744,3.1056154,0.50447375,0.050000001,0.81378317,-0.57948822,1.9767373e-20,3.10483,0.50639898,0
194,-0.1761359,-5.4294465e-18,-7.1554175e-18,-0.49037901,3.1768594,0.50434101,0.050000001,0.80038548,-0.57562625,-1.3870788e-20,3.17608,0.506257,0
194,-0.15644343,3.2372526e-18,4.4638851e-18,-0.39251125,3.2481079,0.50421089,0.050000001,0.78540164,-0.56767356,7.0954155e-21,3.24733,0.506118,0
194,-0.13879795,5.7442656e-18,7.8528234e-18,-0.31386489,3.3193598,0.50408375,0.050000001,0.76929832,-0.55661964,1.4644585e-20,3.3185899,0.50598198,0
194,-0.12316944,-6.1709117e-18,-8.7532236e-18,-0.25241923,3.3906159,0.50395906,0.050000001,0.75243807,-0.54333889,-1.2432444e-20,3.3898499,0.50584799,0
194,-0.10946853,6.0165072e-20,-4.1707658e-20,-0.20580539,3.461874,0.50383687,0.050000001,0.73507398,-0.52856243,1.0279087e-22,3.4611101,0.50571698,0
194,-0.09757138,2.9855703e-18,4.363269e-18,-0.17174901,3.5331354,0.50371724,0.050000001,0.71735615,-0.51287585,5.4554355e-21,3.5323801,0.50558901,0
194,-0.087340683,-4.726096e-18,-6.4773424e-18,-0.14850126,3.6044037,0.50360048,0.050000001,0.69934356,-0.49674144,-7.3015039e-21,3.6036501,0.50546402,0
194,-0.078637928,6.8720217e-18,9.5984334e-18,-0.13539974,3.6756771,0.5034861,0.050000001,0.68100351,-0.48053709,9.6663817e-21,3.6749201,0.50534099,0
194,-0.071333408,2.2968498e-18,2.9152442e-18,-0.1335229,3.7469511,0.50337392,0.050000001,0.66219467,-0.46463284,4.3505443e-21,3.7462001,0.50522101,0
194,-0.065314777,-9.8927302e-18,-1.4179082e-17,-0.14559542,3.8182247,0.50326377,0.050000001,0.64262801,-0.44949794,-1.3394587e-20,3.8174801,0.50510299,0
194,-0.060493641,6.6618984e-18,9.1486019e-18,-0.17401677,3.8895006,0.50315624,0.050000001,0.62184191,-0.43576735,8.5790819e-21,3.8887601,0.50498801,0
194,-0.056811355,4.9252749e-18,7.4022615e-18,-0.21679871,3.9607811,0.50305092,0.050000001,0.59927803,-0.42415372,5.6451026e-21,3.9600401,0.504875,0
194,-0.054240044,-6.0314892e-18,-7.4456214e-18,-0.26327538,4.0320649,0.50294781,0.050000001,0.5745219,-0.41511521,-8.3822364e-21,4.0313301,0.50476402,0
194,-0.052775286,1.5402435e-18,1.18119e-18,-0.2932491,4.103353,0.50284678,0.050000001,0.54766554,-0.40835351,2.5218903e-21,4.1026201,0.50465602,0
194,-0.052414998,-1.701413e-18,-2.135959e-18,-0.28233442,4.1746497,0.50274718,0.050000001,0.51961285,-0.40240741,-2.0602155e-21,4.1739202,0.50454903,0
194,-0.053126842,-4.3034324e-18,-5.1931379e-18,-0.21199629,4.2459459,0.50265032,0.050000001,0.49211004,-0.39467305,-5.6895579e-21,4.2452202,0.50444502,0
194,-0.054815043,4.0896517e-18,4.7060907e-18,-0.078718193,4.3172383,0.50255579,0.050000001,0.46738869,-0.38197422,5.6147106e-21,4.3165102,0.50434399,0
194,-0.057299495,3.9305955e-21,5.7471794e-21,0.10339107,4.388535,0.50246269,0.050000001,0.447568,-0.36146593,1.3843076e-23,4.3878198,0.50424403,0
194,-0.060317252,2.7638751e-18,4.0664302e-18,0.30804828,4.4598379,0.50237155,0.050000001,0.43410674,-0.33144805,6.550253e-21,4.4591198,0.50414598,0
194,-0.063551746,1.1612287e-19,2.3481683e-19,0.50698733,4.5311437,0.50228214,0.050000001,0.42753553,-0.29171482,2.5123198e-22,4.5304298,0.50405002,0
194,-0.066676617,-1.7278836e-18,-1.7435286e-18,0.6788016,4.6024499,0.5021947,0.050000001,0.42755097,-0.24337848,-3.6869124e-21,4.6017399,0.50395602,0
194,-0.069400288,8.3386682e-19,2.5840715e-18,0.81263053,4.6737576,0.50210881,0.050000001,0.43332738,-0.18835874,3.3060196e-21,4.6730499,0.50386399,0
194,-0.071498521,-1.1448162e-18,-2.4920253e-18,0.906744,4.7450719,0.50202477,0.050000001,0.44385532,-0.12884128,-3.1976256e-21,4.74437,0.50377399,0
194,-0.072833888,-8.2584689e-19,-2.6576149e-18,0.96467,4.8163867,0.50194275,0.050000001,0.45816016,-0.066919945,-3.3090076e-21,4.81568,0.50368601,0
194,-0.073280334,-7.6434161e-19,4.8766987e-18,0.99162102,4.8877025,0.50186175,0.050000001,0.47540653,-0.0044034207,7.3710274e-21,4.8870001,0.50359899,0
194,-0.072842382,1.8733521e-18,-7.7976488e-18,0.99245143,4.9590211,0.50178266,0.050000001,0.49489906,0.057168271,-1.0322627e-20,4.9583201,0.50351399,0
194,-0.071646184,8.4304542e-19,-5.4099899e-18,0.97122908,5.0303426,0.50170541,0.050000001,0.51602614,0.11648428,-7.9969164e-21,5.0296502,0.50343102,0
194,-0.069790758,-1.9501507e-18,8.1751807e-18,0.93148535,5.101665,0.50162947,0.050000001,0.53823197,0.17246799,1.0835064e-20,5.1009698,0.50335002,0
194,-0.067422658,-1.8357728e-20,1.2192939e-19,0.87652135,5.1729913,0.50155479,0.050000001,0.56100935,0.22426105,1.2014703e-23,5.1722999,0.50326997,0
194,-0.064714335,1.727724e-18,-3.4418963e-18,0.80965173,5.2443194,0.50148219,0.050000001,0.58388186,0.27120861,-2.934984e-21,5.2436299,0.50319201,0
194,-0.061845753,5.4850806e-18,-9.7830618e-18,0.73429561,5.3156476,0.50141066,0.050000001,0.60641086,0.31287831,-8.5677389e-21,5.31496,0.503115,0
194,-0.058990054,-1.590761e-18,3.1755319e-18,0.65392667,5.3869777,0.50134087,0.050000001,0.62820524,0.34906328,2.6857242e-21,5.3862901,0.50304002,0
194,-0.056302954,-1.5594811e-18,3.4871176e-18,0.57190448,5.4583139,0.50127244,0.050000001,0.64893168,0.379778,3.5691624e-21,5.4576302,0.50296599,0
194,-0.053915195,1.5458274e-19,-2.3831782e-19,0.49129373,5.5296497,0.50120538,0.050000001,0.66832328,0.40523806,-2.1481132e-22,5.5289698,0.50289398,0
194,-0.051928855,1.6132522e-19,-5.1849884e-20,0.41469818,5.6009879,0.50113916,0.050000001,0.68618679,0.42583233,6.2249845e-22,5.6003098,0.502823,0
194,-0.050417807,-1.75043e-18,2.5937747e-18,0.34413058,5.6723261,0.50107425,0.050000001,0.70240253,0.44208047,2.1244016e-21,5.6716499,0.50275302,0
194,-0.049430579,2.3791673e-18,-3.7247587e-18,0.28095093,5.7436638,0.50101078,0.050000001,0.71691853,0.45458832,-1.7126326e-21,5.74299,0.50268501,0
194,-0.048994791,2.2844938e-18,-3.4630187e-18,0.22590742,5.8150034,0.50094855,0.050000001,0.72974032,0.46400326,-2.6990901e-21,5.8143301,0.50261903,0
194,-0.049122807,-7.3846657e-18,1.1552567e-17,0.17923565,5.8863478,0.50088716,0.050000001,0.74091959,0.47097594,7.1799867e-21,5.8856802,0.50255299,0
194,-0.049816877,2.052568e-18,-3.0476328e-18,0.14082892,5.9576936,0.50082767,0.050000001,0.75053638,0.47613132,-2.2746144e-21,5.9570298,0.50248897,0
194,-0.051074035,3.1413044e-18,-5.0112748e-18,0.11037225,6.0290384,0.50076914,0.050000001,0.75868481,0.48005617,-2.9929483e-21,6.0283699,0.50242603,0
194,-0.052890629,2.56522e-18,-4.1676151e-18,0.087463103,6.1003861,0.50071156,0.050000001,0.76545894,0.48329335,-2.6252467e-21,6.09972,0.50236398,0
194,-0.055265341,-2.5263202e-18,4.0137715e-18,0.071606345,6.1717377,0.50065553,0.050000001,0.77094054,0.48634472,2.3831251e-21,6.1710801,0.50230402,0
194,-0.058201797,-2.0839835e-18,3.1933146e-18,0.061981164,6.2430902,0.50060028,0.050000001,0.77519596,0.48966864,2.0800412e-21,6.2424302,0.502244,0
194,-0.061712019,-2.9141474e-18,4.5260511e-18,0.057020035,6.3144426,0.50054628,0.050000001,0.77828771,0.4936555,3.4126798e-21,6.3137798,0.502186,0
194,-0.065818824,-1.0652462e-17,1.6567119e-17,0.053908505,6.3857961,0.50049281,0.050000001,0.78029352,0.49857125,1.3046831e-20,6.3851399,0.50212902,0
194,-0.070557065,-2.3448188e-18,3.5216094e-18,0.04824657,6.4571543,0.50043982,0.050000001,0.78133768,0.50446302,3.6852504e-21,6.4565001,0.50207198,0
194,-0.075973444,1.0852853e-17,-1.659902e-17,0.034145944,6.5285125,0.50038874,0.050000001,0.7816205,0.51104754,-1.4206625e-20,6.5278602,0.50201702,0
194,-0.082122721,8.1791751e-18,-1.2488556e-17,0.0049391929,6.5998726,0.50033838,0.050000001,0.78143185,0.51761961,-1.1612588e-20,6.5992198,0.50196302,0
194,-0.089057885,-3.0605412e-18,4.6622497e-18,-0.045536239,6.6712332,0.50028902,0.050000001,0.78114313,0.52301943,4.3579591e-21,6.6705799,0.50190997,0
194,-0.096814618,5.2139986e-18,-7.5975803e-18,-0.12139571,6.7425909,0.50024098,0.050000001,0.78117263,0.52570218,-1.0275912e-20,6.74194,0.501858,0
194,-0.10539082,1.0744573e-19,-3.0902527e-19,-0.22345932,6.8139548,0.50019348,0.050000001,0.78192884,0.52391136,-1.7118369e-22,6.8133101,0.50180697,0
194,-0.11472622,-8.3849669e-18,1.2435288e-17,-0.34872249,6.8853168,0.50014675,0.050000001,0.78375101,0.51592475,1.520461e-20,6.8846698,0.50175703,0
194,-0.12468763,-7.3895098e-21,1.1146018e-19,-0.49084571,6.9566803,0.50010115,0.050000001,0.78686547,0.50031197,5.237188e-24,6.9560399,0.50170797,0
194,-0.13505879,7.3251309e-20,-1.8418608e-19,-0.64141935,7.0280476,0.50005639,0.050000001,0.79136711,0.47613445,-1.3998914e-22,7.0274,0.50165999,0
194,-0.1455507,-3.9397215e-18,7.4806195e-18,-0.79156446,7.0994158,0.5000121,0.050000001,0.79723048,0.44304085,1.351883e-20,7.0987701,0.50161201,0
194,-0.15581666,-3.680079e-18,8.0899091e-18,-0.9333083,7.1707811,0.49996895,0.050000001,0.80434066,0.4012565,1.4964182e-20,7.1701398,0.50156599,0
194,-0.16547737,1.0582234e-18,1.9586481e-19,-1.0604173,7.2421513,0.49992636,0.050000001,0.81253153,0.3514865,1.5424533e-21,7.2415099,0.50151998,0
194,-0.17415011,1.1594095e-18,2.9181384e-19,-1.1684977,7.3135276,0.49988458,0.050000001,0.82161528,0.29478759,1.4308e-21,7.3128901,0.50147498,0
194,-0.1814747,3.0358209e-18,-7.7405072e-18,-1.2546926,7.3848977,0.49984372,0.050000001,0.83140075,0.2324537,-1.5510562e-20,7.3842602,0.50143099,0
194,-0.18714024,3.0256414e-18,-1.3537044e-17,-1.3172773,7.4562674,0.49980354,0.050000001,0.84170598,0.16590947,-2.7015932e-20,7.4556298,0.50138801,0
194,-0.1909017,-2.9621126e-21,-1.0074449e-19,-1.3552397,7.5276437,0.49976426,0.050000001,0.85236084,0.096654706,1.9006244e-22,7.52701,0.50134599,0
194,-0.1925862,-7.9669451e-19,-1.9630758e-19,-1.3679594,7.5990181,0.49972564,0.050000001,0.86318487,0.026217036,-3.4452827e-22,7.5983801,0.50130397,0
194,-0.1921187,-7.2966822e-19,-5.2433217e-18,-1.3550842,7.6703939,0.49968728,0.050000001,0.87398273,-0.043843661,-9.9443928e-21,7.6697602,0.50126302,0
194,-0.18953004,3.4041015e-19,5.0827498e-18,-1.3167504,7.7417698,0.49964961,0.050000001,0.88456416,-0.111924,1.0344188e-20,7.7411399,0.50122303,0
194,-0.18495165,1.484498e-18,8.6344041e-18,-1.2539465,7.8131475,0.49961275,0.050000001,0.89473546,-0.17647772,1.6391405e-20,7.81252,0.50118297,0
194,-0.17860922,9.9757355e-20,5.6623863e-19,-1.1688048,7.8845282,0.49957702,0.050000001,0.90427589,-0.23606899,8.3895688e-22,7.8839002,0.50114501,0
194,-0.17079735,1.1520401e-18,1.6940644e-18,-1.064832,7.9559059,0.49954134,0.050000001,0.91294849,-0.28945196,1.379312e-21,7.9552798,0.50110602,0
194,-0.16519952,4.1457496e-19,6.0688944e-19,-0.99096912,8.0006247,0.49951974,0.050000001,0.9176954,-0.31841177,4.1495156e-22,8,0.50108284,0
194,-0.24053584,-4.8737673e-19,5.3198627e-19,-0.93624043,1.0007702,0.59730166,0.050000001,0.25768808,0.1530049,5.6330075e-21,1,0.59807354,0
194,-0.24306728,-1.9199521e-20,5.9869588e-20,-0.95501739,1.0368451,0.5970006,0.050000001,0.27031484,0.15934247,4.1889713e-22,1.03608,0.59777099,0
194,-0.24990024,-3.9223483e-19,6.8630658e-19,-1.0014799,1.1079334,0.59650159,0.050000001,0.2971583,0.16999984,3.8085197e-21,1.10717,0.59726799,0
194,-0.25861576,-1.5878653e-18,2.4307236e-18,-1.0562149,1.1790432,0.59607142,0.050000001,0.32588303,0.17817909,1.747348e-20,1.17829,0.596834,0
194,-0.26917398,1.4394025e-18,-1.6938674e-18,-1.1177471,1.2501694,0.59569198,0.050000001,0.35634065,0.18325679,-1.6038803e-20,1.24942,0.59644997,0
194,-0.28145188,2.6964518e-18,-4.288419e-18,-1.1843845,1.3213097,0.59535044,0.050000001,0.38832644,0.18467152,-3.1092579e-20,1.32057,0.59610403,0
194,-0.29523817,-3.0358348e-19,-2.6005481e-19,-1.2543308,1.3924556,0.59503579,0.050000001,0.4215768,0.18195346,4.1214966e-22,1.3917201,0.59578401,0
194,-0.31023571,-1.4086657e-18,2.118234e-18,-1.3257742,1.4636118,0.59474158,0.050000001,0.45579103,0.17474435,1.5455976e-20,1.46288,0.59548497,0
194,-0.32606977,1.4879644e-19,1.0748181e-19,-1.3970425,1.5347762,0.59446251,0.050000001,0.49063593,0.16281679,0,1.53405,0.59520102,0
194,-0.3423008,1.8086313e-19,-1.2737637e-19,-1.4667379,1.6059446,0.59419507,0.050000001,0.52576935,0.14607473,9.2357285e-23,1.60522,0.59492803,0
194,-0.35844469,-9.4274767e-19,3.3481771e-18,-1.5338275,1.6771187,0.59393728,0.050000001,0.56086558,0.12454225,2.0427514e-20,1.6763999,0.59466499,0
194,-0.37399071,2.3080366e-19,1.0159486e-19,-1.5976161,1.7482984,0.5936873,0.050000001,0.59562838,0.098348588,-1.9315744e-21,1.7475899,0.59441,0
194,-0.38841799,1.2879112e-18,-7.2269132e-18,-1.6577039,1.8194847,0.59344417,0.050000001,0.62980676,0.067709342,-4.3811857e-20,1.8187799,0.59416199,0
194,-0.40121761,-2.0973039e-19,-6.0946259e-19,-1.7138467,1.8906792,0.59320652,0.050000001,0.66320235,0.032887504,-1.4098588e-21,1.88998,0.59391898,0
194,-0.41190517,-2.6827264e-19,-4.4056312e-19,-1.7656198,1.9618758,0.59297454,0.050000001,0.69566721,-0.0058213095,-1.0267342e-21,1.96118,0.593683,0
194,-0.42002794,3.0826924e-20,-9.034687e-20,-1.8118349,2.0330737,0.59274757,0.050000001,0.72707677,-0.048092909,7.9470613e-24,2.0323801,0.59345102,0
194,-0.42517963,2.8786736e-19,4.3240685e-18,-1.8501884,2.1042802,0.59252608,0.050000001,0.7572785,-0.093555935,2.3955438e-20,2.10359,0.593225,0
194,-0.42699027,2.1679133e-19,6.0391366e-19,-1.8772608,2.1754897,0.592309,0.050000001,0.78606117,-0.14170043,1.2363161e-21,2.1748099,0.59300297,0
194,-0.42515191,-1.3407655e-18,-4.3584854e-18,-1.8885659,2.2467024,0.59209633,0.050000001,0.81314844,-0.19185537,-2.1356004e-20,2.2460201,0.59278601,0
194,-0.41946599,-2.8675369e-19,-3.6542542e-20,-1.8790669,2.3179221,0.59188849,0.050000001,0.83815312,-0.24317175,7.5174663e-22,2.31725,0.592574,0
194,-0.40985608,8.4314111e-19,4.1859715e-18,-1.8440019,2.3891423,0.59168482,0.050000001,0.86056966,-0.29456693,2.0500696e-20,2.3884699,0.59236598,0
194,-0.39639947,-6.1674108e-20,-4.0500983e-19,-1.7798626,2.4603724,0.59148544,0.050000001,0.87982458,-0.34475195,-2.7154534e-21,2.4597099,0.59216201,0
194,-0.37935764,-2.1176415e-18,-4.9330037e-18,-1.6854821,2.5316026,0.59129047,0.050000001,0.89533025,-0.39229178,-1.8855805e-20,2.5309401,0.59196299,0
194,-0.35917753,-1.1971338e-19,-5.2463429e-19,-1.5627452,2.6028364,0.59109956,0.050000001,0.90657645,-0.4357461,-1.1375273e-21,2.60218,0.59176803,0
194,-0.33647519,1.9463053e-18,4.2089142e-18,-1.4166358,2.674077,0.5909124,0.050000001,0.91321045,-0.47381157,1.6747981e-20,2.67342,0.59157699,0
194,-0.31198683,1.6404635e-20,1.3043652e-19,-1.2547234,2.745321,0.59072924,0.050000001,0.91510552,-0.50547951,6.530231e-23,2.7446699,0.59139001,0
194,-0.28650448,2.9521114e-19,4.6995165e-19,-1.0860453,2.8165669,0.59054995,0.050000001,0.91239035,-0.53014636,1.565416e-21,2.8159201,0.59120703,0
194,-0.26080263,3.1648933e-18,5.0330086e-18,-0.91962397,2.8878212,0.59037399,0.050000001,0.90543461,-0.54766124,1.2262602e-20,2.8871801,0.59102702,0
194,-0.23557521,-4.39219e-19,-7.0401776e-19,-0.76323825,2.9590774,0.59020209,0.050000001,0.89479834,-0.55829978,-1.8622536e-21,2.9584401,0.59085202,0
194,-0.21138635,-3.1285882e-18,-4.9634294e-18,-0.62254667,3.0303357,0.59003383,0.050000001,0.88115132,-0.56268233,-1.2610974e-20,3.0297,0.59068,0
194,-0.18865132,-9.0680127e-20,-1.7799258e-20,-0.5007931,3.1015997,0.5898692,0.050000001,0.86519623,-0.56165224,2.8095575e-22,3.10097,0.59051198,0
194,-0.1676406,-4.3636031e-19,-8.2827368e-19,-0.39900497,3.1728644,0.58970773,0.050000001,0.84759772,-0.55615461,-1.4952142e-21,3.17223,0.59034699,0
194,-0.14849186,3.3766778e-18,4.9988605e-18,-0.31643245,3.2441339,0.58954966,0.050000001,0.82892746,-0.54713261,7.7610358e-21,3.24351,0.590186,0
194,-0.13124338,-1.7413084e-20,2.245214e-19,-0.25121748,3.3154039,0.58939505,0.050000001,0.80964392,-0.53545094,1.8620408e-22,3.31478,0.59002799,0
194,-0.11585721,-6.2848352e-18,-9.2863158e-18,-0.20098132,3.3866777,0.58924371,0.050000001,0.79008162,-0.5218522,-1.2905619e-20,3.38606,0.58987302,0
194,-0.10224681,2.5738329e-20,-8.457808e-20,-0.1632778,3.4579558,0.58909529,0.050000001,0.77045935,-0.50694436,4.2463379e-23,3.45734,0.58972198,0
194,-0.090296812,3.0231913e-18,4.4655672e-18,-0.13589689,3.5292401,0.58894962,0.050000001,0.75089222,-0.4912051,5.7104971e-21,3.52863,0.58957303,0
194,-0.079881348,5.1285347e-20,2.6624731e-20,-0.11708763,3.6005261,0.5888077,0.050000001,0.73141319,-0.47500256,2.6945153e-23,3.59992,0.58942801,0
194,-0.070873968,2.9716852e-18,4.6231389e-18,-0.10580891,3.6718142,0.58866876,0.050000001,0.71198261,-0.45862037,4.0513004e-21,3.6712101,0.58928603,0
194,-0.063155591,-2.5516799e-18,-3.7173021e-18,-0.10222104,3.7431045,0.58853245,0.050000001,0.69248998,-0.44230446,-3.1958828e-21,3.7425001,0.58914697,0
194,-0.056620371,-5.3874679e-18,-8.2937033e-18,-0.10826906,3.8143985,0.58839864,0.050000001,0.67272836,-0.42634037,-6.9280876e-21,3.8138001,0.58901,0
194,-0.051181566,2.3153352e-18,3.4766331e-18,-0.12740976,3.8856945,0.58826798,0.050000001,0.65234691,-0.41115245,2.9737715e-21,3.8850999,0.58887702,0
194,-0.046775319,4.5998587e-18,6.9411066e-18,-0.16238631,3.956995,0.58814007,0.050000001,0.6308248,-0.3973529,5.3183739e-21,3.9563999,0.58874601,0
194,-0.043363824,2.4078808e-18,3.4895367e-18,-0.21089226,4.028295,0.58801502,0.050000001,0.60755897,-0.38562265,2.5362616e-21,4.0276999,0.58861798,0
194,-0.040934522,-2.0682967e-18,-3.0076103e-18,-0.26142386,4.0995989,0.58789235,0.050000001,0.58212459,-0.3763501,-2.2745643e-21,4.09901,0.58849299,0
194,-0.039490562,-2.1852098e-18,-3.2019398e-18,-0.29311994,4.170907,0.58777159,0.050000001,0.5546546,-0.36912772,-2.3681636e-21,4.17032,0.58837003,0
194,-0.039030097,2.8940316e-20,-2.1004568e-20,-0.28183046,4.2422171,0.58765399,0.050000001,0.52613389,-0.3623957,-2.4827506e-24,4.2416301,0.58824998,0
194,-0.039517395,6.30169e-22,4.0770065e-20,-0.21044171,4.3135314,0.58753872,0.050000001,0.49838609,-0.35353535,4.4118258e-23,4.3129501,0.58813202,0
194,-0.0408534,-1.6764712e-19,-2.6815378e-19,-0.077592604,4.384841,0.58742589,0.050000001,0.47368082,-0.33949143,-1.4619016e-22,4.3842602,0.58801699,0
194,-0.042860772,-5.7156674e-21,3.7627415e-20,0.10070988,4.4561567,0.58731526,0.050000001,0.45411131,-0.31766725,4.8837331e-23,4.4555802,0.58790398,0
194,-0.045292284,2.7835889e-19,4.0842627e-19,0.29745761,4.5274773,0.5872066,0.050000001,0.4410561,-0.28666669,2.8913075e-22,4.5268998,0.58779299,0
194,-0.047862276,1.1796585e-18,2.5090925e-18,0.48496714,4.5988016,0.58710063,0.050000001,0.43494812,-0.24655703,3.1330679e-21,4.5982299,0.58768499,0
194,-0.050289635,9.104137e-19,2.9228224e-18,0.64323038,4.6701236,0.58699685,0.050000001,0.43539989,-0.19862777,3.5569917e-21,4.6695499,0.58757901,0
194,-0.052336764,-1.0830228e-18,-2.3591175e-18,0.7629267,4.741447,0.58689505,0.050000001,0.44153401,-0.14485599,-3.0347627e-21,4.74088,0.587475,0
194,-0.05383189,-9.0805975e-19,-3.1672733e-18,0.84349847,4.8127751,0.58679527,0.050000001,0.45232031,-0.087403975,-3.7968022e-21,4.8122101,0.58737302,0
194,-0.05466776,-3.7114415e-20,-3.2815844e-21,0.88922632,4.8841057,0.58669728,0.050000001,0.46677798,-0.02827272,3.6361676e-24,4.8835402,0.587273,0
194,-0.054820575,6.534048e-19,-2.5285385e-18,0.90572923,4.9554396,0.58660126,0.050000001,0.48405728,0.030819423,-2.9253668e-21,4.9548802,0.58717501,0
194,-0.05433942,6.7908478e-20,-1.5373718e-19,0.89819342,5.026772,0.58650756,0.050000001,0.50345731,0.088436358,-1.1177779e-22,5.0262098,0.58707899,0
194,-0.053312067,-6.3024406e-19,2.8499879e-18,0.87101108,5.0981078,0.58641535,0.050000001,0.52438074,0.14342049,3.2436058e-21,5.0975499,0.58698499,0
194,-0.051860034,-1.052029e-21,4.062684e-20,0.8279134,5.169446,0.58632517,0.050000001,0.5462817,0.19484632,-1.6446326e-24,5.16889,0.58689302,0
194,-0.050123915,1.7026318e-18,-3.3663565e-18,0.77227712,5.2407842,0.58623707,0.050000001,0.56865579,0.24200581,-2.8255157e-21,5.2402301,0.58680302,0
194,-0.048252974,2.2398049e-18,-4.1297592e-18,0.70739084,5.3121243,0.58615029,0.050000001,0.5910396,0.28440732,-3.0923774e-21,5.3115702,0.58671403,0
194,-0.046393253,-1.3926178e-18,2.7706262e-18,0.63649487,5.3834705,0.58606559,0.050000001,0.61301547,0.32177511,2.477437e-21,5.3829198,0.58662802,0
194,-0.044678487,-1.9232857e-18,3.5799227e-18,0.56271619,5.4548187,0.58598268,0.050000001,0.63421673,0.35403922,2.7886419e-21,5.4542699,0.58654302,0
194,-0.043222625,-3.3322354e-20,1.0595474e-19,0.48895791,5.5261607,0.58590144,0.050000001,0.65433985,0.38132513,9.7714332e-23,5.52561,0.58645999,0
194,-0.042116411,-3.1494935e-19,5.6033975e-19,0.41773859,5.597506,0.58582127,0.050000001,0.67315292,0.40393156,2.9839485e-22,5.5969601,0.58637798,0
194,-0.041427471,2.5058204e-18,-3.9806255e-18,0.35110661,5.6688566,0.58574277,0.050000001,0.69049382,0.42228919,-2.2932987e-21,5.6683102,0.58629799,0
194,-0.041202117,2.6206081e-18,-4.1723888e-18,0.29056072,5.7402086,0.58566564,0.050000001,0.70626938,0.43692532,-2.3430275e-21,5.7396698,0.58621901,0
194,-0.041468773,-2.7500176e-18,4.3899555e-18,0.23705123,5.8115606,0.58559036,0.050000001,0.72044456,0.4484216,2.5097837e-21,5.8110199,0.58614302,0
194,-0.042242873,-2.6114022e-18,4.0733546e-18,0.19107731,5.8829169,0.58551615,0.050000001,0.7330364,0.45738259,2.3206199e-21,5.88238,0.58606702,0
194,-0.043530874,-2.6949499e-18,4.3320466e-18,0.15281485,5.9542685,0.58544391,0.050000001,0.74409461,0.46440595,2.4839291e-21,5.9537301,0.58599299,0
194,-0.045334794,2.2440287e-18,-3.4982936e-18,0.1221973,6.0256243,0.58537328,0.050000001,0.75368929,0.47006932,-2.1520311e-21,6.0250902,0.58592099,0
194,-0.047655914,2.7930033e-18,-4.4390031e-18,0.09898746,6.0969825,0.58530384,0.050000001,0.76189649,0.4749206,-2.5537592e-21,6.0964499,0.58585,0
194,-0.050497878,-2.4086796e-18,3.8037057e-18,0.082688726,6.1683426,0.5852356,0.050000001,0.76879019,0.47947401,2.2911495e-21,6.16781,0.58578002,0
194,-0.053869843,2.7407548e-18,-4.3544152e-18,0.07228741,6.2397094,0.58516872,0.050000001,0.77444232,0.48419473,-3.019783e-21,6.2391801,0.58571202,0
194,-0.057789054,-2.4210998e-18,3.695936e-18,0.065875806,6.3110714,0.58510333,0.050000001,0.77893388,0.48946214,2.8206924e-21,6.3105402,0.58564502,0
194,-0.06228428,-5.8188744e-18,9.036968e-18,0.060238492,6.382431,0.5850389,0.050000001,0.78237766,0.49550641,6.698837e-21,6.3818998,0.58557898,0
194,-0.06739711,2.396273e-18,-3.690116e-18,0.050676107,6.4537969,0.58497512,0.050000001,0.78494287,0.5023123,-2.8305323e-21,6.45327,0.58551401,0
194,-0.073180594,5.818687e-18,-8.7895352e-18,0.031299796,6.5251651,0.58491313,0.050000001,0.78687596,0.50951809,-7.5916431e-21,6.5246401,0.58545101,0
194,-0.079694942,3.0190316e-18,-4.5077162e-18,-0.0041768514,6.5965333,0.58485252,0.050000001,0.78850323,0.5163461,-4.4788991e-21,6.5960102,0.58538902,0
194,-0.086997084,-2.9213312e-18,4.3653998e-18,-0.061202571,6.667901,0.58479291,0.050000001,0.79021209,0.5215956,4.0806439e-21,6.6673799,0.58532798,0
194,-0.095124446,-1.2241333e-22,1.0129057e-19,-0.14300235,6.7392693,0.5847345,0.050000001,0.79240906,0.52373159,-7.5419465e-22,6.73875,0.58526802,0
194,-0.10407383,4.239626e-20,-1.0537217e-19,-0.24957921,6.8106418,0.5846771,0.050000001,0.79546458,0.52106398,-7.0795337e-23,6.8101201,0.58521003,0
194,-0.11378159,-3.1291037e-18,4.578716e-18,-0.37744272,6.8820119,0.58462042,0.050000001,0.79966009,0.51198173,5.5001994e-21,6.8814902,0.58515197,0
194,-0.1241088,-2.4915071e-20,6.676291e-20,-0.52019429,6.9533815,0.58456546,0.050000001,0.80515558,0.4951852,4.8158687e-23,6.9528599,0.585096,0
194,-0.13483422,-3.1606946e-19,6.1625964e-19,-0.66972929,7.0247579,0.58451098,0.050000001,0.81198257,0.46985474,9.7948817e-22,7.02424,0.58503997,0
194,-0.14566001,-3.6288525e-19,6.4522425e-19,-0.81766886,7.0961337,0.58445781,0.050000001,0.82005966,0.43573335,1.052054e-21,7.0956202,0.58498597,0
194,-0.15623121,2.273706e-19,-6.0726927e-19,-0.95657045,7.1675081,0.58440536,0.050000001,0.82922727,0.39310277,-9.6704714e-22,7.1669898,0.58493203,0
194,-0.16616209,7.1638365e-20,1.3497242e-20,-1.0805733,7.2388864,0.58435422,0.050000001,0.83928567,0.34268439,1.3432149e-22,7.2383699,0.58487999,0
194,-0.17506109,-5.5988128e-21,6.4479557e-21,-1.1854911,7.3102641,0.58430386,0.050000001,0.85001719,0.28553495,-5.4794768e-24,7.3097501,0.58482802,0
194,-0.18256062,2.8109507e-19,-5.3077249e-19,-1.2685893,7.3816419,0.58425426,0.050000001,0.86120653,0.22293104,-1.0945681e-21,7.3811302,0.58477801,0
194,-0.18833934,6.7777861e-19,-4.8745588e-18,-1.3282362,7.453022,0.58420539,0.050000001,0.87265015,0.15628007,-9.7798493e-21,7.4525099,0.584728,0
194,-0.1921411,1.4584038e-20,-1.724217e-19,-1.3634977,7.5244021,0.58415806,0.050000001,0.8841449,0.087062471,-1.8586008e-22,7.52389,0.58468002,0
194,-0.19379996,-8.0178002e-19,8.5444171e-20,-1.3737551,7.5957847,0.58411151,0.050000001,0.89550251,0.016798437,2.2000949e-22,7.5952702,0.58463198,0
194,-0.19324975,-5.8160672e-19,-5.1823924e-18,-1.3585374,7.6671686,0.58406556,0.050000001,0.90656561,-0.052948512,-9.8501903e-21,7.6666598,0.58458501,0
194,-0.19052322,1.8944743e-19,4.9095188e-18,-1.3177686,7.7385483,0.58402014,0.050000001,0.91715097,-0.12057529,9.8124244e-21,7.73804,0.584539,0
194,-0.18575025,-7.7764242e-19,5.8937982e-20,-1.2522203,7.8099303,0.58397549,0.050000001,0.92704052,-0.18452117,7.7511524e-22,7.8094201,0.58449298,0
194,-0.1791565,-3.5366309e-21,-1.4292657e-19,-1.163928,7.8813186,0.58393222,0.050000001,0.93600971,-0.24332926,-6.0411303e-23,7.8808098,0.58444899,0
194,-0.17105396,3.251312e-18,1.0552935e-17,-1.0565089,7.9527044,0.58388919,0.050000001,0.94383061,-0.29573566,1.7541145e-20,7.9521999,0.584405,0
194,-0.1648629,1.0954831e-18,3.679763e-18,-0.97526747,8.0005054,0.58386111,0.050000001,0.94815546,-0.32590714,5.9145159e-21,8,0.58437622,0
194,-0.23738997,3.9094847e-20,-1.8275444e-19,-1.1971804,1.0001066,0.67845213,0.050000001,0.35340229,0.12270966,-1.064039e-21,1,0.67853814,0
194,-0.2400897,1.0569267e-20,-6.2266654e-20,-1.196505,1.0355363,0.67815417,0.050000001,0.36577827,0.12786992,-5.8696597e-23,1.03543,0.67824101,0
194,-0.24729101,-2.7936968e-19,5.0952832e-19,-1.207719,1.1066326,0.67764825,0.050000001,0.39276034,0.13648385,3.7021599e-21,1.10653,0.677737,0
194,-0.2562758,-1.6654887e-19,1.7650659e-19,-1.230289,1.1777511,0.67721015,0.050000001,0.42172027,0.14277592,8.0146344e-22,1.17765,0.67729998,0
194,-0.26697141,3.0586851e-19,-5.3240136e-19,-1.2627659,1.2488831,0.67682242,0.050000001,0.45243871,0.14618714,-3.2554495e-21,1.24878,0.67691302,0
194,-0.27923,2.6418321e-19,-1.8536418e-19,-1.3035073,1.3200291,0.67647195,0.050000001,0.48465791,0.14621456,-9.7504672e-22,1.31993,0.67656302,0
194,-0.29282454,-8.5605632e-20,3.7762615e-19,-1.3507843,1.3911833,0.67614853,0.050000001,0.51808268,0.14243516,1.9207029e-21,1.39108,0.67623901,0
194,-0.30745381,-9.0118362e-20,9.3959535e-21,-1.4028909,1.4623495,0.6758455,0.050000001,0.55240166,0.13452213,-1.0851211e-24,1.46225,0.67593598,0
194,-0.32274795,-9.9780915e-21,1.4079718e-19,-1.4581851,1.5335196,0.67555767,0.050000001,0.58728725,0.12225895,5.9133337e-22,1.53342,0.67564797,0
194,-0.33828083,-6.3371716e-20,3.1084026e-19,-1.5151614,1.6046952,0.67528141,0.050000001,0.62242132,0.10553735,1.6910179e-21,1.6046,0.67537099,0
194,-0.35358584,-2.3536432e-19,6.7528595e-19,-1.5725363,1.6758772,0.67501473,0.050000001,0.65750569,0.084352627,3.686721e-21,1.6757801,0.67510402,0
194,-0.36817572,-1.6189751e-22,4.750659e-19,-1.6291478,1.7470651,0.67475575,0.050000001,0.69227833,0.058788657,1.870814e-21,1.7469701,0.67484403,0
194,-0.38155335,3.3230402e-19,-1.568629e-19,-1.683776,1.818257,0.67450404,0.050000001,0.72650939,0.028999727,-1.2667565e-21,1.8181601,0.67459202,0
194,-0.39322761,3.5249368e-20,-9.9392064e-20,-1.7349421,1.8894573,0.67425859,0.050000001,0.75999022,-0.004800553,-6.8416066e-22,1.88936,0.67434603,0
194,-0.40272966,2.1533203e-20,1.1105846e-20,-1.78062,1.9606612,0.67401844,0.050000001,0.79253078,-0.042330459,2.0613445e-23,1.96057,0.67410499,0
194,-0.40962309,-4.4240307e-20,-1.4493861e-19,-1.8180181,2.0318649,0.67378378,0.050000001,0.82392067,-0.083236754,-6.9135598e-22,2.03177,0.67387003,0
194,-0.4135133,-2.6775454e-19,-7.2292892e-19,-1.8435869,2.1030815,0.67355448,0.050000001,0.85388327,-0.12707072,-3.5441648e-21,2.1029899,0.67364001,0
194,-0.41406119,-1.3285533e-19,-6.0684203e-19,-1.8531072,2.1742976,0.67333001,0.050000001,0.88205147,-0.17322683,-2.8554218e-21,2.1742001,0.67341501,0
194,-0.41100788,1.4631211e-19,-1.5661896e-20,-1.8420231,2.2455192,0.67310989,0.050000001,0.90797096,-0.22093406,-4.6089609e-23,2.24543,0.67319399,0
194,-0.4042055,2.6666687e-19,8.2756256e-19,-1.8062007,2.3167436,0.67289501,0.050000001,0.93108708,-0.26921824,3.3850632e-21,2.3166499,0.672979,0
194,-0.39364314,-1.8117822e-19,-1.084633e-19,-1.7426513,2.3879709,0.67268431,0.050000001,0.9507845,-0.31692126,-6.479963e-22,2.3878801,0.67276698,0
194,-0.37947121,-2.6537595e-19,-8.3775596e-19,-1.6503875,2.4592094,0.67247856,0.050000001,0.96644807,-0.36274227,-3.353597e-21,2.45912,0.67256099,0
194,-0.36201775,1.1349873e-19,-2.7475844e-20,-1.5311705,2.5304496,0.67227638,0.050000001,0.97753656,-0.40532705,0,2.53036,0.67235798,0
194,-0.34177583,8.6236041e-20,2.0550516e-19,-1.389531,2.6016893,0.67207873,0.050000001,0.98367864,-0.44340861,5.1677099e-22,2.6015999,0.67216003,0
194,-0.31937426,-3.8430703e-19,-5.3064071e-19,-1.2323461,2.6729376,0.67188543,0.050000001,0.9847315,-0.47593865,-1.4341316e-21,2.6728499,0.67196602,0
194,-0.29552737,9.4591903e-20,1.1656646e-19,-1.0679902,2.7441878,0.67169595,0.050000001,0.98082155,-0.50219661,5.3925456e-22,2.7441001,0.671776,0
194,-0.27096835,3.6095192e-19,6.9985482e-19,-0.90505821,2.8154373,0.67151022,0.050000001,0.97234035,-0.52185994,2.0589053e-21,2.8153501,0.67158997,0
194,-0.24638593,3.351428e-19,7.1684258e-19,-0.75109881,2.8866954,0.67132878,0.050000001,0.95988423,-0.53500617,1.418357e-21,2.88661,0.671408,0
194,-0.2223776,-3.9062521e-19,-6.4928586e-19,-0.61181998,2.9579577,0.67115134,0.050000001,0.94418269,-0.54205525,-1.3463926e-21,2.95787,0.67123002,0
194,-0.19941567,-3.2035022e-20,-2.2268938e-19,-0.49066675,3.029222,0.67097747,0.050000001,0.92601246,-0.54367763,-6.6601529e-22,3.02913,0.67105597,0
194,-0.17783697,2.0536555e-19,3.6913423e-19,-0.38885051,3.1004922,0.67080718,0.050000001,0.90611786,-0.54068476,8.7573547e-22,3.1004,0.67088503,0
194,-0.1578543,-3.0170353e-19,-4.8334531e-19,-0.30585265,3.1717639,0.67064053,0.050000001,0.88515604,-0.53392649,-8.9982832e-22,3.17168,0.67071801,0
194,-0.1395734,1.5414614e-19,3.310754e-19,-0.23998341,3.2430358,0.67047697,0.050000001,0.86366194,-0.52421463,5.8886243e-22,3.24295,0.67055398,0
194,-0.12301248,-1.556514e-20,2.6296241e-20,-0.18891506,3.3143137,0.67031735,0.050000001,0.84203523,-0.51226884,-7.9556969e-23,3.31423,0.670394,0
194,-0.10813268,-2.9830695e-19,-5.6665693e-19,-0.15016399,3.3855937,0.67016113,0.050000001,0.82055068,-0.49869454,-6.7507712e-22,3.38551,0.670237,0
194,-0.094855733,7.7195965e-20,1.3743487e-19,-0.12141229,3.4568779,0.6700083,0.050000001,0.79937172,-0.48397869,1.1264325e-22,3.45679,0.670084,0
194,-0.083079189,7.7039156e-20,1.8273047e-19,-0.10070178,3.5281684,0.6698584,0.050000001,0.77856809,-0.46849725,3.0094597e-22,3.52808,0.66993397,0
194,-0.072692581,-1.1309144e-21,-2.1515774e-20,-0.08652126,3.5994582,0.66971177,0.050000001,0.75813925,-0.45253533,-9.6591474e-24,3.59937,0.66978699,0
194,-0.063584246,7.9971744e-19,1.3450001e-18,-0.077906907,3.6707497,0.66956836,0.050000001,0.73802656,-0.43630704,1.1154051e-21,3.67067,0.66964298,0
194,-0.055648603,1.7806064e-19,2.734344e-19,-0.074646711,3.7420437,0.66942793,0.050000001,0.71812248,-0.41998655,1.8849672e-22,3.74196,0.66950202,0
194,-0.048789416,-1.2942475e-19,-2.7068842e-19,-0.077757247,3.813344,0.6692903,0.050000001,0.69826055,-0.40375322,-2.421029e-22,3.8132601,0.66936398,0
194,-0.042925328,5.2187329e-20,1.1663247e-19,-0.08995606,3.8846462,0.66915524,0.050000001,0.67818272,-0.38786986,6.9657358e-23,3.8845601,0.66922897,0
194,-0.037992854,-2.9380667e-20,-4.4080758e-21,-0.11510465,3.9559522,0.66902292,0.050000001,0.65748709,-0.37276655,1.2819644e-23,3.9558699,0.66909599,0
194,-0.033951245,-2.2891356e-20,1.4429156e-20,-0.15555926,4.0272574,0.66889411,0.050000001,0.63561922,-0.35905689,-2.3680626e-23,4.0271802,0.66896701,0
194,-0.030784052,7.6234726e-21,1.0114006e-20,-0.20781994,4.0985637,0.66876793,0.050000001,0.61198431,-0.34736603,-2.0637818e-23,4.0984802,0.66883999,0
194,-0.028495234,-5.0956481e-20,-1.0477085e-19,-0.25905374,4.169878,0.66864383,0.050000001,0.58623016,-0.33794099,-5.8487782e-23,4.1697998,0.66871601,0
194,-0.027097452,-6.688437e-20,-1.1084899e-19,-0.28801557,4.2411919,0.66852236,0.050000001,0.55862093,-0.33018687,-6.0436104e-23,4.2411098,0.668594,0
194,-0.026588842,-5.8871666e-20,-1.0565335e-19,-0.27194464,4.3125105,0.66840351,0.050000001,0.53027624,-0.32240492,-3.6451716e-23,4.3124299,0.66847497,0
194,-0.026926022,-2.3022318e-19,-3.5310735e-19,-0.19663522,4.3838282,0.66828704,0.050000001,0.50309908,-0.31199652,-2.3417635e-22,4.38375,0.66835803,0
194,-0.028001022,-1.3475933e-21,-4.6192613e-21,-0.063819125,4.4551454,0.66817325,0.050000001,0.47933242,-0.29612952,-7.8218537e-25,4.45507,0.668244,0
194,-0.029635299,1.7238671e-19,2.5177325e-19,0.10870129,4.5264702,0.66806155,0.050000001,0.46094951,-0.27258167,2.0029051e-22,4.5263901,0.66813201,0
194,-0.031595562,3.7192577e-20,1.2602125e-19,0.29414731,4.5978007,0.66795254,0.050000001,0.44916314,-0.24035858,5.8728397e-23,4.5977201,0.66802299,0
194,-0.033628162,9.2910154e-20,3.2918537e-19,0.46665418,4.669126,0.66784525,0.050000001,0.44425935,-0.19983736,2.6559157e-22,4.6690502,0.66791499,0
194,-0.035498548,-2.3223567e-20,-7.5736431e-20,0.60855007,4.7404537,0.6677404,0.050000001,0.4457579,-0.15245727,-4.1569969e-23,4.7403798,0.66781002,0
194,-0.037021812,-1.1299561e-19,-6.7175415e-19,0.71238494,4.8117862,0.66763783,0.050000001,0.45274079,-0.10020977,-5.8147823e-22,4.8117099,0.66770703,0
194,-0.038076598,-1.0991912e-20,-5.0775862e-20,0.77872878,4.8831205,0.66753715,0.050000001,0.46416315,-0.045177665,6.6847616e-24,4.88304,0.667606,0
194,-0.038614813,3.9395265e-20,3.442856e-19,0.81240433,4.9544587,0.66743875,0.050000001,0.4790521,0.010762966,3.6584165e-22,4.95438,0.66750801,0
194,-0.038654409,1.6498062e-20,-9.1676065e-20,0.81928802,5.025794,0.66734207,0.050000001,0.49658111,0.066043533,-2.6570063e-23,5.0257201,0.66741103,0
194,-0.038258638,-1.5236366e-20,-9.2976161e-22,0.80471104,5.0971317,0.66724747,0.050000001,0.51605523,0.11939538,-2.3654494e-23,5.0970602,0.66731602,0
194,-0.037522711,-1.5392196e-20,9.398704e-20,0.77312517,5.1684742,0.66715485,0.050000001,0.53687203,0.16981566,2.8729995e-23,5.1683998,0.66722298,0
194,-0.036561951,2.0189505e-20,1.1258429e-21,0.72826815,5.2398162,0.66706395,0.050000001,0.55849528,0.21654019,-4.6057668e-24,5.2397399,0.66713202,0
194,-0.035501011,2.2681039e-19,-3.9312935e-19,0.67346984,5.3111582,0.6669749,0.050000001,0.58043945,0.25902566,-2.4995837e-22,5.31108,0.66704297,0
194,-0.03446332,2.1501799e-19,-4.1304641e-19,0.61185795,5.3825059,0.6668877,0.050000001,0.60226673,0.29693857,-2.3776033e-22,5.3824301,0.66695499,0
194,-0.033562526,2.7985572e-20,-3.2529634e-20,0.54640019,5.4538565,0.6668027,0.050000001,0.62358892,0.33014333,1.5446177e-23,5.4537802,0.66687,0
194,-0.032897152,3.7311749e-20,-3.090138e-20,0.47983274,5.5252042,0.66671908,0.050000001,0.64407748,0.35869166,1.1582513e-23,5.5251298,0.66678602,0
194,-0.032547146,-2.7636107e-19,4.7926871e-19,0.41456428,5.5965519,0.66663706,0.050000001,0.66347033,0.38280034,2.5719423e-22,5.5964799,0.666704,0
194,-0.032573052,7.3414444e-20,-8.3007523e-20,0.35261953,5.6679063,0.66655642,0.050000001,0.68157315,0.40282151,-1.7214165e-23,5.66783,0.666623,0
194,-0.033017378,5.3422271e-20,-6.6320711e-20,0.29557148,5.7392621,0.66647738,0.050000001,0.69825816,0.41920844,-3.36865e-23,5.7391901,0.66654402,0
194,-0.033907525,-3.3227946e-19,5.2075186e-19,0.24453238,5.810616,0.66639996,0.050000001,0.71345729,0.43247962,2.4024962e-22,5.8105402,0.666466,0
194,-0.035259712,-1.754601e-20,4.4562045e-21,0.20020893,5.8819766,0.66632384,0.050000001,0.72715527,0.44319054,1.0604347e-23,5.8818998,0.66639,0
194,-0.03708265,-1.9434626e-20,-1.0841719e-21,0.16298756,5.9533343,0.66624963,0.050000001,0.73937291,0.45190567,1.9139621e-23,5.9532599,0.66631597,0
194,-0.039381243,-2.9481958e-19,4.8987301e-19,0.1329931,6.0246921,0.66617703,0.050000001,0.75015551,0.45918432,2.8536646e-22,6.0246201,0.66624302,0
194,-0.042160064,-3.0574117e-20,7.6265413e-20,0.11007287,6.0960517,0.66610557,0.050000001,0.75956261,0.4655683,4.2378009e-23,6.0959802,0.66617101,0
194,-0.04542651,2.4950233e-19,-4.2244036e-19,0.093659669,6.1674161,0.66603559,0.050000001,0.76766264,0.47156751,-2.3903076e-22,6.1673398,0.66610098,0
194,-0.049194016,-1.136537e-19,2.1558801e-19,0.082516588,6.2387848,0.66596693,0.050000001,0.774535,0.47763547,1.1977318e-22,6.2387099,0.66603202,0
194,-0.053484362,1.6817612e-19,-2.8756644e-19,0.074388072,6.3101463,0.66589999,0.050000001,0.78028321,0.48412159,-2.3376026e-22,6.31007,0.66596502,0
194,-0.058331512,-3.8522716e-20,-6.7324517e-21,0.065730222,6.3815122,0.66583419,0.050000001,0.78505653,0.49120072,-1.0535485e-23,6.3814402,0.66589898,0
194,-0.063781753,-3.0115281e-19,5.0568617e-19,0.051696587,6.4528823,0.66576934,0.050000001,0.78906804,0.4987815,3.4485672e-22,6.4528098,0.66583401,0
194,-0.069892496,4.7566346e-20,1.1724528e-21,0.026549974,6.52425,0.66570544,0.050000001,0.79260498,0.50642014,-1.1039303e-23,6.5241799,0.66576999,0
194,-0.076726779,-1.9171937e-20,7.5368839e-20,-0.015476714,6.5956202,0.66564327,0.050000001,0.7960211,0.51327211,5.7038077e-23,6.5955501,0.66570801,0
194,-0.084342144,-7.2006053e-20,7.8213552e-20,-0.079025283,6.6669927,0.66558206,0.050000001,0.79970944,0.51811016,6.4328969e-23,6.6669202,0.66564602,0
194,-0.092774004,1.0072833e-19,-1.4754135e-19,-0.16642222,6.7383623,0.66552204,0.050000001,0.80405515,0.51942688,-1.5878536e-22,6.7382898,0.66558599,0
194,-0.10201551,4.9018513e-20,-7.3606654e-20,-0.27691925,6.8097343,0.66546297,0.050000001,0.8093828,0.5156166,-7.4250409e-23,6.80966,0.66552699,0
194,-0.11199789,-3.544795e-20,-7.7759572e-22,-0.40662563,6.8811107,0.66540509,0.050000001,0.81591296,0.50519276,-8.8273953e-24,6.8810401,0.66546899,0
194,-0.12257493,4.3794321e-20,-8.5332566e-20,-0.54914594,6.9524846,0.66534847,0.050000001,0.82373828,0.48699626,-9.525592e-23,6.9524102,0.66541201,0
194,-0.13352022,-3.6502449e-19,6.791964e-19,-0.69674844,7.0238605,0.6652931,0.050000001,0.83282703,0.46033555,1.0795984e-21,7.0237899,0.66535699,0
194,-0.14453213,-3.3875075e-19,7.076267e-19,-0.84160507,7.0952382,0.6652385,0.050000001,0.84304458,0.4250479,1.1504998e-21,7.09517,0.66530198,0
194,-0.15525134,3.1424946e-19,-6.1455642e-19,-0.97681504,7.1666169,0.66518509,0.050000001,0.85418814,0.3814705,-9.754691e-22,7.1665401,0.66524798,0
194,-0.16528916,4.3840337e-20,8.3534463e-20,-1.0969462,7.2379975,0.66513294,0.050000001,0.86602342,0.33034751,2.5420756e-22,7.2379198,0.665196,0
194,-0.17425156,-4.8178863e-20,1.7618049e-19,-1.1981314,7.3093748,0.66508126,0.050000001,0.87830645,0.27273482,2.9122306e-22,7.3092999,0.66514403,0
194,-0.18176876,1.9452477e-19,-5.0790994e-19,-1.2778445,7.3807545,0.66503048,0.050000001,0.89080334,0.20989041,-9.367874e-22,7.3806801,0.665093,0
194,-0.18751945,7.3916058e-20,-9.0105799e-20,-1.334487,7.4521408,0.66498035,0.050000001,0.90329939,0.14319721,-1.5372872e-22,7.4520702,0.665043,0
194,-0.19125003,1.4729371e-20,-8.8809788e-20,-1.3669608,7.5235229,0.66493154,0.050000001,0.91559571,0.074127823,-1.5405571e-22,7.5234499,0.664994,0
194,-0.1927994,-2.2838216e-21,-4.2143523e-21,-1.3743925,7.5949049,0.66488397,0.050000001,0.92750931,0.0042168563,1.2764934e-24,7.59483,0.66494602,0
194,-0.19210328,5.9382249e-20,-4.4281573e-20,-1.3560913,7.6662889,0.66483694,0.050000001,0.9388572,-0.064959057,-7.9757296e-23,7.6662202,0.66489899,0
194,-0.18919492,-6.8270551e-20,-4.3154232e-20,-1.3117957,7.7376699,0.66479075,0.050000001,0.94943494,-0.13179961,-7.7929404e-23,7.7375998,0.66485298,0
194,-0.18421216,1.347254e-20,4.7280878e-20,-1.2421457,7.8090587,0.66474533,0.050000001,0.95901984,-0.19472666,6.8442146e-23,7.80899,0.66480702,0
194,-0.17739545,2.9585604e-20,9.3755791e-20,-1.1493219,7.880445,0.66470093,0.050000001,0.96737683,-0.25225616,1.3981777e-22,7.8803701,0.66476297,0
194,-0.16907001,-1.4983683e-19,-1.3569509e-19,-1.0373671,7.9518304,0.66465712,0.050000001,0.97427535,-0.3031351,-2.1110276e-22,7.9517598,0.66471899,0
194,-0.16268221,-4.6596493e-20,-4.520248e-20,-0.95268351,8.0000687,0.66462803,0.050000001,0.97781742,-0.33240646,-7.5134912e-23,8,0.66468996,0
194,-0.23618929,1.3956138e-20,1.508169e-20,-1.5949469,1.0000043,0.7584151,0.050000001,0.4729217,0.094643667,7.4871443e-24,1,0.75841069,0
194,-0.23902531,-3.328745e-21,1.0960955e-19,-1.5748048,1.0353154,0.75812709,0.050000001,0.48359281,0.098537132,4.1840796e-22,1.03531,0.75812399,0
194,-0.24641703,5.5989859e-20,-9.555898e-20,-1.5481623,1.106413,0.75763321,0.050000001,0.50771904,0.10481496,-8.6881237e-22,1.10641,0.75763297,0
194,-0.25545326,1.1396008e-19,-4.1039268e-19,-1.5346593,1.1775337,0.75720274,0.050000001,0.53424215,0.1089993,-2.1404314e-21,1.1775301,0.757204,0
194,-0.2660313,2.702301e-20,-3.2317877e-19,-1.5332369,1.2486683,0.75682032,0.050000001,0.56287873,0.11057777,-9.0236236e-22,1.24866,0.756823,0
194,-0.27798212,-7.6657923e-20,6.9347197e-20,-1.5425665,1.3198142,0.75647336,0.050000001,0.59331757,0.1090863,9.7984047e-22,1.31981,0.756477,0
194,-0.29106662,-1.3847829e-19,6.8802831e-19,-1.5610856,1.3909696,0.75615203,0.050000001,0.62522268,0.10412831,2.9721506e-21,1.39097,0.75615603,0
194,-0.30498138,-1.8614422e-20,1.7053772e-19,-1.5871174,1.462134,0.75585032,0.050000001,0.65824848,0.095391028,4.6394503e-22,1.46213,0.75585502,0
194,-0.31936669,1.0555005e-20,-1.1311851e-19,-1.6189176,1.5333061,0.75556296,0.050000001,0.69204706,0.082655385,-5.2079663e-22,1.5333,0.75556803,0
194,-0.33381268,-1.1409704e-20,1.5673846e-19,-1.6546997,1.6044838,0.75528669,0.050000001,0.72628218,0.065799758,5.3205939e-22,1.60448,0.755292,0
194,-0.34787178,-2.2982317e-20,2.5323018e-21,-1.6925871,1.6756697,0.75502014,0.050000001,0.76063472,0.044789821,-3.183334e-24,1.67567,0.75502503,0
194,-0.36108524,-6.945329e-20,-1.1060715e-19,-1.7304946,1.7468599,0.75476152,0.050000001,0.7947979,0.019676303,7.3711415e-23,1.74686,0.754767,0
194,-0.37298158,-1.27413e-20,2.6394173e-19,-1.7660552,1.8180517,0.75450951,0.050000001,0.82847536,-0.0094101951,1.3116822e-21,1.81805,0.75451499,0
194,-0.38309479,7.7796805e-21,4.4607777e-19,-1.7965215,1.8892518,0.7542637,0.050000001,0.86137718,-0.042248279,1.9911039e-21,1.88925,0.754269,0
194,-0.39098722,-4.8610829e-20,-2.2938494e-19,-1.8187296,1.9604561,0.75402325,0.050000001,0.89318424,-0.078513719,-5.5924917e-22,1.9604501,0.75402802,0
194,-0.39625052,-3.8003947e-20,-4.524146e-19,-1.8291156,2.0316637,0.75378823,0.050000001,0.92352289,-0.11779194,-2.0564954e-21,2.0316601,0.753793,0
194,-0.39852783,-8.219328e-20,-6.1849825e-19,-1.8238717,2.1028776,0.75355846,0.050000001,0.95194685,-0.15953851,-2.8104776e-21,2.10288,0.75356299,0
194,-0.39753371,-1.8681357e-19,-9.4172931e-19,-1.7992268,2.1740935,0.75333369,0.050000001,0.97793007,-0.20305008,-3.2925421e-21,2.1740899,0.75333798,0
194,-0.39307564,-3.528125e-22,-6.2139003e-20,-1.7519504,2.2453175,0.75311345,0.050000001,1.0008869,-0.24746361,5.5372652e-23,2.2453201,0.75311798,0
194,-0.38508165,8.546697e-20,3.6925438e-19,-1.6800125,2.3165438,0.75289786,0.050000001,1.0201939,-0.29174581,1.3038513e-21,2.31654,0.75290197,0
194,-0.37361956,2.0794123e-21,-1.6980431e-20,-1.5830594,2.3877738,0.7526868,0.050000001,1.0352432,-0.33475032,4.5162858e-23,2.3877699,0.75269097,0
194,-0.35891181,1.0099972e-19,2.0584676e-19,-1.4629505,2.4590118,0.75248039,0.050000001,1.0455124,-0.37527201,5.4868232e-22,2.4590099,0.75248498,0
194,-0.34133679,-7.965726e-20,-1.9913148e-19,-1.3239014,2.530252,0.75227797,0.050000001,1.050652,-0.4121446,-5.1391776e-22,2.5302501,0.75228202,0
194,-0.32140484,-8.5134779e-20,-2.1033014e-19,-1.1720258,2.6014912,0.75207996,0.050000001,1.0505395,-0.44436187,-5.8000386e-22,2.60149,0.75208402,0
194,-0.29972252,9.0134168e-20,2.0118441e-19,-1.0146642,2.6727419,0.75188679,0.050000001,1.0453047,-0.47117391,4.8096721e-22,2.67274,0.75189102,0
194,-0.27694404,4.5770407e-21,3.0392354e-21,-0.85938042,2.7439942,0.751697,0.050000001,1.0353421,-0.49215108,-1.4131271e-24,2.7439899,0.751701,0
194,-0.25371185,-1.0262861e-20,-5.2065389e-21,-0.71285439,2.8152459,0.75151068,0.050000001,1.0212634,-0.5072102,0,2.8152399,0.75151497,0
194,-0.23060924,1.8989218e-19,3.5366758e-19,-0.58020991,2.8865063,0.75132906,0.050000001,1.0038128,-0.51658624,7.4447689e-22,2.8864999,0.751333,0
194,-0.20812875,1.1279927e-19,1.8739028e-19,-0.46460229,2.9577687,0.7511518,0.050000001,0.98379731,-0.52076095,3.8911303e-22,2.9577601,0.75115597,0
194,-0.18665026,-1.9529752e-19,-3.4717822e-19,-0.36719689,3.0290346,0.75097728,0.050000001,0.96200109,-0.52037674,-6.4374857e-22,3.0290301,0.75098097,0
194,-0.16644047,-1.0895171e-19,-1.7096314e-19,-0.28755406,3.1003046,0.75080717,0.050000001,0.93912297,-0.5161491,-2.7759038e-22,3.1003001,0.75081098,0
194,-0.14766479,3.9339268e-21,3.3485434e-21,-0.22411931,3.1715741,0.75064033,0.050000001,0.91574693,-0.50879282,7.9878951e-24,3.1715701,0.75064403,0
194,-0.13040222,-3.1304065e-21,-1.3323533e-21,-0.17473096,3.2428458,0.75047684,0.050000001,0.8923223,-0.49896759,0,3.2428401,0.75048101,0
194,-0.11466281,9.7772529e-20,1.4717196e-19,-0.13702753,3.314126,0.75031728,0.050000001,0.86916423,-0.48724714,1.9899589e-22,3.3141201,0.75032097,0
194,-0.10041174,-1.686724e-19,-3.0709062e-19,-0.10876669,3.3854098,0.75016117,0.050000001,0.84647429,-0.47410798,-2.9370079e-22,3.3854101,0.75016499,0
194,-0.087583728,-9.8868304e-20,-1.6086322e-19,-0.088002861,3.4566939,0.75000793,0.050000001,0.82436055,-0.45993075,-2.1002341e-22,3.4566901,0.75001103,0
194,-0.076092668,-3.8301141e-20,-6.5437547e-20,-0.073156469,3.5279844,0.74985832,0.050000001,0.80285156,-0.44500682,-2.9355117e-23,3.5279801,0.74986202,0
194,-0.065845616,-8.789702e-20,-1.5299566e-19,-0.063048951,3.5992739,0.74971151,0.050000001,0.78191996,-0.42955694,-1.491864e-22,3.5992701,0.74971497,0
194,-0.056747548,1.8530461e-19,3.5459995e-19,-0.056922246,3.6705658,0.74956787,0.050000001,0.76149607,-0.41374379,2.4301995e-22,3.6705599,0.74957103,0
194,-0.048707038,7.4407539e-20,1.3708168e-19,-0.054508157,3.741864,0.7494275,0.050000001,0.74147373,-0.39769214,8.8281657e-23,3.7418599,0.74943101,0
194,-0.041640136,6.8133995e-20,1.2535662e-19,-0.056315649,3.8131642,0.74928969,0.050000001,0.72171235,-0.38151789,5.4034012e-23,3.8131599,0.74929303,0
194,-0.035472985,-8.31027e-21,5.80881e-21,-0.06413468,3.8844662,0.74915463,0.050000001,0.70201665,-0.36537763,-2.2215866e-23,3.88446,0.74915802,0
194,-0.030145161,-1.3475159e-19,-2.4873691e-19,-0.081290446,3.9557717,0.7490226,0.050000001,0.68209088,-0.34954536,-1.152798e-22,3.95577,0.749026,0
194,-0.025613625,-9.3420428e-20,-1.814886e-19,-0.11171062,4.0270796,0.74889386,0.050000001,0.66149426,-0.33448249,-6.6067404e-23,4.0270801,0.74889702,0
194,-0.021856192,-5.7456056e-20,-1.2157686e-19,-0.156905,4.0983896,0.74876791,0.050000001,0.63965005,-0.320811,-3.1329453e-23,4.0983901,0.74877101,0
194,-0.018872622,3.864589e-21,-1.0582686e-20,-0.21178187,4.1697021,0.74864405,0.050000001,0.61599392,-0.30909443,1.1471148e-23,4.1697001,0.74864697,0
194,-0.016679086,5.7516324e-20,1.0173158e-19,-0.2621333,4.2410159,0.74852288,0.050000001,0.59027845,-0.29943666,3.4685536e-23,4.2410102,0.74852598,0
194,-0.015293879,-6.7862649e-21,1.0897756e-21,-0.28674355,4.3123336,0.74840426,0.050000001,0.56291604,-0.2910687,-1.8761872e-23,4.3123298,0.74840802,0
194,-0.014714646,2.1048738e-20,3.8590124e-20,-0.26488355,4.3836536,0.74828804,0.050000001,0.53516638,-0.28219801,8.1921217e-24,4.3836498,0.74829102,0
194,-0.014892843,-2.476751e-20,-5.0352423e-20,-0.18566661,4.4549761,0.74817473,0.050000001,0.50898331,-0.27030692,-7.6315919e-24,4.4549699,0.74817801,0
194,-0.015717689,-1.4634116e-19,-2.6922578e-19,-0.05379118,4.5263019,0.74806327,0.050000001,0.48654407,-0.25283742,-1.0346505e-22,4.5263,0.74806601,0
194,-0.017016565,-1.1565996e-20,-1.6176455e-21,0.1117167,4.5976257,0.74795425,0.050000001,0.46967134,-0.22795494,-8.1868994e-24,4.59762,0.74795699,0
194,-0.018576695,4.9020927e-20,1.3221288e-19,0.28500226,4.6689539,0.74784744,0.050000001,0.4594005,-0.19503285,2.4364466e-23,4.6689501,0.74785101,0
194,-0.02017916,-1.8975383e-20,-3.8615634e-20,0.44245249,4.7402859,0.74774283,0.050000001,0.45587859,-0.15469207,-4.525653e-23,4.7402802,0.74774599,0
194,-0.021633815,-4.9953284e-21,-4.2085237e-20,0.5687744,4.8116183,0.74764073,0.050000001,0.45854753,-0.10845757,-3.7064074e-23,4.8116102,0.74764401,0
194,-0.022804027,5.4396823e-21,4.3666541e-20,0.6582194,4.8829541,0.74754024,0.050000001,0.46646163,-0.058275357,1.280591e-23,4.8829498,0.74754298,0
194,-0.023618005,-4.1576128e-22,4.3999886e-20,0.71223211,4.9542918,0.74744207,0.050000001,0.47857776,-0.0061036721,3.285936e-23,4.9542899,0.74744499,0
194,-0.024064995,1.1746041e-20,-4.8351495e-20,0.73592293,5.0256281,0.74734557,0.050000001,0.49393395,0.046328291,-1.9983833e-23,5.02562,0.74734902,0
194,-0.024181152,-1.8064696e-20,9.4518775e-20,0.73524213,5.0969682,0.74725121,0.050000001,0.51171017,0.097608343,4.2108508e-23,5.0969601,0.74725401,0
194,-0.024036821,-1.6157655e-20,9.3923929e-20,0.71557951,5.1683116,0.747159,0.050000001,0.53121585,0.14662556,5.2492436e-23,5.1683102,0.74716198,0
194,-0.023724547,3.214462e-20,-1.023326e-19,0.68141431,5.2396564,0.74706864,0.050000001,0.55185944,0.19253583,-1.3944759e-23,5.2396498,0.74707198,0
194,-0.023347355,-2.4436676e-20,5.4405924e-20,0.63646352,5.3109999,0.74697977,0.050000001,0.57312423,0.23473792,3.0577675e-23,5.3109999,0.74698299,0
194,-0.023008902,-7.0181254e-20,1.6432269e-19,0.5839439,5.3823438,0.74689299,0.050000001,0.59454989,0.2728397,4.9528171e-23,5.38234,0.74689603,0
194,-0.022806006,-2.4057702e-23,3.8892168e-22,0.52673084,5.4536939,0.74680823,0.050000001,0.61573279,0.30664843,7.006359e-27,5.4536901,0.74681097,0
194,-0.022823427,2.7151163e-20,-5.6792767e-20,0.46743304,5.525044,0.74672502,0.050000001,0.63632357,0.33614755,-1.4729193e-23,5.5250401,0.746728,0
194,-0.023130784,2.9191443e-20,-6.0893909e-20,0.40837905,5.596396,0.74664325,0.050000001,0.65603679,0.36148039,-4.715986e-24,5.5963898,0.74664599,0
194,-0.023781613,-3.4035477e-21,2.6798279e-21,0.35154676,5.6677518,0.74656302,0.050000001,0.67465162,0.38292524,5.3529001e-24,5.6677499,0.746566,0
194,-0.024814434,-3.8516479e-20,6.6266518e-20,0.2985318,5.7391038,0.74648434,0.050000001,0.69200867,0.40086311,2.1970649e-23,5.7391,0.74648702,0
194,-0.026255015,6.6433686e-20,-1.2747714e-19,0.25055125,5.8104615,0.74640787,0.050000001,0.70801133,0.41575155,-1.3494412e-23,5.8104601,0.74641103,0
194,-0.02811946,-7.7204377e-21,5.9280189e-21,0.2084745,5.8818245,0.74633217,0.050000001,0.7226119,0.42809412,2.1305476e-23,5.8818202,0.74633503,0
194,-0.030417409,4.2398848e-20,-6.8989642e-20,0.17284863,5.9531817,0.74625814,0.050000001,0.73580319,0.43841866,-2.8590219e-23,5.9531798,0.746261,0
194,-0.033155523,2.0487397e-19,-3.4635422e-19,0.14390352,6.0245419,0.74618602,0.050000001,0.74760801,0.44725943,-1.3598274e-22,6.0245399,0.746189,0
194,-0.036340754,8.4508242e-20,-1.4250387e-19,0.12149741,6.0959044,0.74611503,0.050000001,0.75807124,0.4551402,-6.3296583e-23,6.0959001,0.74611801,0
194,-0.039983433,4.5060945e-20,-7.2749462e-20,0.10494528,6.1672659,0.74604517,0.050000001,0.76725894,0.4625524,-3.7204043e-23,6.1672602,0.74604797,0
194,-0.044100154,4.1043746e-20,-7.1827783e-20,0.092762299,6.2386322,0.74597722,0.050000001,0.77526158,0.46992072,-3.0313037e-23,6.2386298,0.74598002,0
194,-0.048716415,4.4191588e-20,-7.2854152e-20,0.082406558,6.3099961,0.74591047,0.050000001,0.78220826,0.47754809,-3.3906463e-23,6.3099899,0.74591303,0
194,-0.053869974,9.050735e-20,-1.4630044e-19,0.070133269,6.3813639,0.7458446,0.050000001,0.78828412,0.48554337,-8.9804411e-23,6.3813601,0.74584699,0
194,-0.059610259,4.4953547e-20,-7.4023605e-20,0.051106334,6.4527364,0.74578041,0.050000001,0.79374069,0.4937368,-5.6779785e-23,6.4527302,0.74578297,0
194,-0.065996848,4.8021508e-20,-7.682133e-20,0.019904874,6.5241036,0.74571717,0.050000001,0.79889822,0.50161028,-6.5045936e-23,6.5240998,0.74572003,0
194,-0.073093213,-4.8422462e-20,7.2438811e-20,-0.028601157,6.5954738,0.74565494,0.050000001,0.80412751,0.5082705,7.162852e-23,6.59547,0.74565798,0
194,-0.080955073,-4.8299409e-20,7.5219482e-20,-0.098206915,6.6668463,0.74559414,0.050000001,0.80981553,0.51248753,6.2560551e-23,6.6668401,0.745597,0
194,-0.089614071,4.9285078e-20,-7.4115467e-20,-0.19039962,6.7382159,0.74553478,0.050000001,0.8163175,0.51280606,-6.8858842e-23,6.7382102,0.745538,0
194,-0.099058397,4.4926025e-22,1.5409629e-23,-0.30381167,6.8095922,0.74547613,0.050000001,0.82390815,0.5077225,-1.5321889e-25,6.8095899,0.74547899,0
194,-0.10921276,4.3129808e-20,-7.7931406e-20,-0.43428758,6.8809662,0.74541897,0.050000001,0.83274633,0.495886,-9.1909231e-23,6.88096,0.74542201,0
194,-0.11992736,8.449986e-20,-1.6115205e-19,-0.5755704,6.952342,0.74536276,0.050000001,0.84286213,0.47627643,-1.9979089e-22,6.9523401,0.74536598,0
194,-0.13097218,-4.645393e-20,7.9994834e-20,-0.72033828,7.0237155,0.74530733,0.050000001,0.8541643,0.44832748,1.1070392e-22,7.0237098,0.74531001,0
194,-0.14204651,-5.1736338e-20,8.2552535e-20,-0.86133564,7.0950937,0.74525315,0.050000001,0.86647034,0.4119629,8.9551648e-23,7.0950899,0.74525601,0
194,-0.15279284,7.9435358e-21,3.3055002e-21,-0.99220616,7.1664743,0.74520016,0.050000001,0.87953985,0.36756858,-2.5702272e-24,7.1664701,0.74520302,0
194,-0.16282386,-1.486278e-20,-6.8373013e-21,-1.1079412,7.2378545,0.74514842,0.050000001,0.89310694,0.31591123,-1.3517739e-23,7.2378502,0.74515098,0
194,-0.17174935,-3.1883871e-20,1.2424863e-19,-1.204946,7.3092341,0.74509746,0.050000001,0.90690655,0.25804105,2.2615807e-22,7.3092299,0.74510002,0
194,-0.1792023,-2.0051991e-20,8.8917321e-20,-1.2808133,7.3806162,0.74504721,0.050000001,0.92069054,0.19519809,1.3918668e-22,7.38061,0.74505001,0
194,-0.18486467,3.0136807e-20,-2.1683979e-19,-1.3339069,7.452002,0.74499732,0.050000001,0.93423253,0.12874833,-3.8236989e-22,7.4520001,0.745,0
194,-0.18848616,1.9549984e-21,-5.4403633e-21,-1.3629544,7.5233841,0.74494898,0.050000001,0.9473238,0.060150541,2.0971076e-25,7.5233798,0.74495202,0
194,-0.18990442,6.9618953e-21,2.2573319e-19,-1.3668146,7.5947661,0.7449016,0.050000001,0.95976448,-0.0090747084,3.9123722e-22,7.5947599,0.74490398,0
194,-0.18905269,1.9780103e-20,1.4211333e-19,-1.344522,7.6661496,0.74485499,0.050000001,0.97134918,-0.077345662,2.3161517e-22,7.6661501,0.74485803,0
194,-0.18597153,7.8294089e-22,-4.6281789e-20,-1.2956756,7.7375336,0.74480915,0.050000001,0.98185563,-0.14303605,-7.8028681e-23,7.7375302,0.74481201,0
194,-0.180814,1.5745191e-20,4.0389633e-20,-1.2210276,7.8089242,0.74476439,0.050000001,0.99104357,-0.20454681,7.1505142e-23,7.8089199,0.74476701,0
194,-0.17383471,5.7295344e-20,1.8840746e-19,-1.1231445,7.8803096,0.74472016,0.050000001,0.99866736,-0.26039422,2.7555722e-22,7.8803101,0.74472302,0
194,-0.16537087,-4.0558523e-20,-1.3233397e-19,-1.0066637,7.9516935,0.74467653,0.050000001,1.0045044,-0.30935398,-2.1288503e-22,7.9516902,0.74467897,0
194,-0.15890306,-3.1687826e-20,-1.0661399e-19,-0.91955799,8.0000038,0.74464768,0.050000001,1.0071309,-0.33725759,-1.7031795e-22,8,0.7446506,0
194,-0.23637401,-2.1304528e-20,2.744211e-19,-1.9911569,0.99999923,0.83821803,0.050000001,0.62505335,0.072007298,8.5419384e-22,1,0.83821028,0
194,-0.23924869,-5.762999e-20,6.9542553e-19,-1.9605284,1.0351796,0.83794552,0.050000001,0.6327492,0.074307106,2.073449e-21,1.03518,0.83793902,0
194,-0.24659714,-5.4954539e-20,7.327687e-19,-1.9093888,1.1062807,0.83747226,0.050000001,0.65144199,0.077626191,2.0835169e-21,1.10628,0.83746803,0
194,-0.25541779,2.7243804e-20,-8.2310158e-20,-1.8690827,1.1774051,0.83705693,0.050000001,0.67301774,0.079135545,-4.1829459e-22,1.17741,0.83705503,0
194,-0.26558334,5.2884448e-20,-4.3200332e-19,-1.8393044,1.2485416,0.8366847,0.050000001,0.69717157,0.078369901,-1.3499307e-21,1.24854,0.83668399,0
194,-0.27690858,2.8951845e-20,-1.741579e-19,-1.8193687,1.3196921,0.83634484,0.050000001,0.72356755,0.074901149,-4.2963147e-22,1.31969,0.83634502,0
194,-0.28914878,-1.4493158e-20,-1.5543462e-19,-1.8081937,1.3908497,0.8360287,0.050000001,0.75183856,0.068356492,-5.0951539e-22,1.3908499,0.83602899,0
194,-0.30200383,5.9743096e-21,-2.8593568e-19,-1.8043662,1.4620154,0.83573103,0.050000001,0.78160316,0.058435582,-1.0163898e-21,1.46202,0.83573198,0
194,-0.31512517,1.8768476e-20,-2.8670654e-19,-1.8062693,1.5331899,0.8354466,0.050000001,0.81247169,0.044921588,-1.1493813e-21,1.53319,0.83544803,0
194,-0.32812306,7.6399977e-21,1.9361294e-19,-1.8119414,1.6043723,0.83517253,0.050000001,0.84405345,0.02768019,5.8263504e-22,1.60437,0.83517402,0
194,-0.34057263,-2.3208182e-21,-1.3339185e-22,-1.8189934,1.6755604,0.83490819,0.050000001,0.87594402,0.0066632046,1.4440445e-25,1.67556,0.83490998,0
194,-0.35203633,-6.1472485e-21,-9.8746805e-19,-1.8247551,1.7467502,0.83465123,0.050000001,0.90772736,-0.018078078,-3.5232199e-21,1.74675,0.83465302,0
194,-0.36208221,-2.6194938e-20,-7.1110835e-19,-1.8263369,1.8179443,0.83440059,0.050000001,0.9389925,-0.046386961,-2.404737e-21,1.81794,0.83440202,0
194,-0.37029338,-2.8313413e-20,-2.0526411e-19,-1.8206537,1.8891462,0.8341558,0.050000001,0.96931046,-0.078006096,-5.9373438e-22,1.88915,0.83415699,0
194,-0.37627107,3.1389032e-20,2.2095033e-19,-1.8045311,1.9603503,0.8339166,0.050000001,0.99819839,-0.11257067,5.4740459e-22,1.96035,0.83391798,0
194,-0.37965405,6.7920789e-20,4.0264247e-19,-1.7748258,2.0315604,0.83368284,0.050000001,1.0251298,-0.14960259,1.2304637e-21,2.0315599,0.83368403,0
194,-0.38014734,4.77518e-21,-1.5222372e-21,-1.7286719,2.1027722,0.83345377,0.050000001,1.0495353,-0.18848419,3.4061909e-23,2.1027701,0.83345503,0
194,-0.37753874,-6.4460046e-20,-3.9765144e-19,-1.663871,2.1739898,0.83322984,0.050000001,1.0708109,-0.22846092,-1.256043e-21,2.17399,0.83323097,0
194,-0.37171569,4.1672806e-21,-3.4475537e-20,-1.5792634,2.2452161,0.8330102,0.050000001,1.0883512,-0.26864529,4.2942035e-23,2.2452199,0.83301097,0
194,-0.36268604,5.3373684e-20,1.9249485e-19,-1.4751287,2.3164423,0.8327952,0.050000001,1.101593,-0.30804205,6.3403858e-22,2.3164401,0.83279598,0
194,-0.35058883,2.0730259e-20,1.555822e-20,-1.3534629,2.3876722,0.83258474,0.050000001,1.1100658,-0.34561479,-8.7608709e-23,2.38767,0.83258599,0
194,-0.33569705,7.7864605e-20,2.0467788e-19,-1.2180167,2.4589102,0.83237869,0.050000001,1.113461,-0.38034302,4.8890514e-22,2.45891,0.83238,0
194,-0.31840709,2.3889691e-21,1.8482949e-20,-1.0738902,2.5301504,0.8321771,0.050000001,1.1116856,-0.41130954,-3.1736146e-23,2.5301499,0.832178,0
194,-0.29921064,-2.4574163e-19,-6.0236492e-19,-0.92708206,2.601392,0.83197993,0.050000001,1.1048834,-0.43778819,-1.5089807e-21,2.6013899,0.831981,0
194,-0.27865681,-9.0698403e-20,-2.2479783e-19,-0.78379726,2.6726425,0.83178717,0.050000001,1.0934337,-0.45930296,-4.4577442e-22,2.6726401,0.831788,0
194,-0.25731117,2.6555098e-19,5.9551943e-19,-0.64947718,2.7438948,0.8315981,0.050000001,1.077919,-0.47565565,1.2979203e-21,2.74389,0.831599,0
194,-0.23571016,8.678324e-20,2.1281302e-19,-0.52821642,2.8151507,0.83141267,0.050000001,1.059054,-0.48691875,4.0818559e-22,2.81515,0.83141398,0
194,-0.21432944,-8.2172712e-21,-5.6435512e-21,-0.42259631,2.886411,0.83123124,0.050000001,1.0376215,-0.49339232,-6.2156238e-23,2.88641,0.83123201,0
194,-0.19356123,1.7561343e-19,3.8316813e-19,-0.33353603,2.9576705,0.83105403,0.050000001,1.0143988,-0.49554086,5.8991917e-22,2.95767,0.83105499,0
194,-0.17370521,-9.563711e-20,-1.6879128e-19,-0.26055562,3.0289345,0.83088058,0.050000001,0.99008739,-0.49392378,-2.9289714e-22,3.0289299,0.830881,0
194,-0.15496893,-1.8609425e-19,-3.6518445e-19,-0.20229088,3.1002045,0.83071136,0.050000001,0.96528113,-0.48912951,-5.7010586e-22,3.1001999,0.83071202,0
194,-0.1374819,3.8536895e-21,-4.6067671e-21,-0.15679957,3.1714783,0.83054465,0.050000001,0.94045323,-0.48172662,0,3.1714799,0.83054501,0
194,-0.12130807,4.4338726e-20,8.6280444e-20,-0.12193813,3.2427545,0.83038205,0.050000001,0.91595179,-0.47223169,8.5326982e-23,3.2427499,0.830383,0
194,-0.10645663,-1.6928085e-19,-3.2181702e-19,-0.095646486,3.3140347,0.83022326,0.050000001,0.89200538,-0.46108931,-3.3157752e-22,3.3140299,0.83022398,0
194,-0.092901342,-2.955886e-19,-5.6703831e-19,-0.076128997,3.3853142,0.83006752,0.050000001,0.86874926,-0.44866702,-5.7331492e-22,3.3853099,0.83006799,0
194,-0.080590323,-8.5611507e-20,-1.5940949e-19,-0.061896134,3.4566,0.82991487,0.050000001,0.8462413,-0.43525791,-1.5634401e-22,3.4566,0.82991499,0
194,-0.069456309,-3.7788316e-21,4.4239283e-21,-0.051782634,3.5278902,0.82976592,0.050000001,0.82448179,-0.42108935,-2.0631e-24,3.52789,0.82976598,0
194,-0.059423722,2.1539662e-21,7.5207205e-21,-0.044950768,3.59918,0.82961994,0.050000001,0.80342704,-0.40633267,1.783769e-23,3.59918,0.82962,0
194,-0.05041457,-6.96575e-20,-1.3717033e-19,-0.040848896,3.670476,0.82947665,0.050000001,0.78300256,-0.39111438,-5.6060949e-23,3.67048,0.82947701,0
194,-0.042352978,-6.4781425e-20,-1.4732935e-19,-0.039256286,3.7417748,0.8293364,0.050000001,0.76311165,-0.37552911,-5.5842473e-23,3.74177,0.829337,0
194,-0.035166651,-6.1834013e-20,-1.4013178e-19,-0.040419631,3.8130746,0.82919943,0.050000001,0.74363321,-0.35965395,-4.4031988e-23,3.8130701,0.82920003,0
194,-0.028791113,-6.9827873e-20,-1.3215249e-19,-0.045394786,3.8843782,0.82906544,0.050000001,0.72441775,-0.34358081,-6.4308515e-23,3.8843801,0.82906598,0
194,-0.023171915,-6.2774304e-20,-1.2493665e-19,-0.056546561,3.955682,0.82893419,0.050000001,0.70525843,-0.32746866,-4.6522488e-23,3.9556799,0.82893503,0
194,-0.018266078,-6.0745695e-20,-1.2756801e-19,-0.07762675,4.0269899,0.8288058,0.050000001,0.68583578,-0.31161484,-4.0462487e-23,4.0269899,0.82880598,0
194,-0.014047374,2.5573646e-20,6.0766652e-20,-0.11238502,4.0982995,0.82868046,0.050000001,0.6656822,-0.29650903,5.5796806e-24,4.0983,0.82868099,0
194,-0.010508714,7.4542557e-20,1.8066953e-19,-0.16135243,4.1696119,0.82855749,0.050000001,0.64421362,-0.28276747,1.6047908e-23,4.16961,0.82855803,0
194,-0.0076616053,7.7832855e-20,1.7372503e-19,-0.21801963,4.2409301,0.82843685,0.050000001,0.62090796,-0.27088377,2.6613267e-23,4.2409301,0.82843697,0
194,-0.0055295676,5.1336503e-20,1.0768111e-19,-0.26722345,4.3122506,0.8283186,0.050000001,0.59561825,-0.26083735,1.7612653e-23,4.3122501,0.82831901,0
194,-0.004132587,2.370621e-20,4.8966843e-20,-0.28828657,4.3835702,0.82820344,0.050000001,0.56888878,-0.25174496,7.4055911e-24,4.3835702,0.82820398,0
194,-0.0034660038,-2.486702e-20,-5.1149534e-20,-0.26260892,4.4548922,0.82809067,0.050000001,0.54207408,-0.24180359,-7.6344105e-24,4.4548898,0.82809103,0
194,-0.0034795378,-9.8618954e-20,-2.4115758e-19,-0.18210714,4.5262184,0.8279798,0.050000001,0.5171361,-0.22864909,-2.0321455e-24,4.5262198,0.82797998,0
194,-0.0040660803,-5.6178624e-20,-1.4302801e-19,-0.053586747,4.5975394,0.82787168,0.050000001,0.49616835,-0.21002124,-2.813052e-24,4.5975399,0.82787198,0
194,-0.0050679012,4.7012125e-20,1.3680966e-19,0.10361912,4.66887,0.82776564,0.050000001,0.4808422,-0.18443023,2.5224847e-24,4.66887,0.827766,0
194,-0.0062989984,-3.2635057e-20,-1.3280488e-19,0.2650286,4.7402043,0.82766163,0.050000001,0.47204688,-0.15153395,-8.1670367e-24,4.7402,0.82766199,0
194,-0.0075775101,-4.060955e-20,-1.3568903e-19,0.40918338,4.8115382,0.82755983,0.050000001,0.46982574,-0.11209846,1.6812734e-23,4.8115401,0.82756001,0
194,-0.0087552145,2.0711615e-20,8.359906e-20,0.52267855,4.8828721,0.82746023,0.050000001,0.47357133,-0.067658208,5.2992388e-23,4.8828702,0.82745999,0
194,-0.0097359959,-1.0178757e-21,1.3524307e-19,0.6009295,4.9542103,0.8273629,0.050000001,0.48232651,-0.020063106,4.368901e-23,4.9542098,0.82736301,0
194,-0.01047996,-2.277683e-21,9.1055887e-20,0.64582497,5.0255504,0.82726699,0.050000001,0.49505216,0.028871022,2.8346385e-23,5.0255499,0.82726699,0
194,-0.010996339,1.6407596e-20,-1.4108626e-19,0.66250706,5.0968904,0.82717341,0.050000001,0.51079178,0.077571437,-2.2595654e-23,5.09689,0.82717401,0
194,-0.011331545,2.0189724e-20,-9.6621009e-20,0.65690827,5.1682324,0.8270818,0.050000001,0.52872699,0.12477817,-2.9384365e-23,5.1682301,0.82708198,0
194,-0.011555666,8.209871e-21,-2.3297807e-21,0.63444984,5.2395778,0.82699203,0.050000001,0.54817396,0.16953371,-2.0011287e-23,5.2395802,0.82699198,0
194,-0.011751415,5.0792997e-21,-1.8501405e-21,0.59963012,5.3109221,0.826904,0.050000001,0.56855375,0.21114419,-1.5171251e-23,5.3109198,0.826904,0
194,-0.012004511,-2.7736393e-20,5.6728576e-20,0.55612057,5.3822699,0.82681805,0.050000001,0.58937263,0.24915177,1.4754725e-23,5.3822699,0.82681799,0
194,-0.012396325,-2.8050144e-20,5.8691327e-20,0.50699222,5.45362,0.82673389,0.050000001,0.61020374,0.28329718,6.9244222e-24,5.45362,0.82673401,0
194,-0.012999033,5.8020497e-20,-1.1708023e-19,0.45486319,5.5249701,0.82665104,0.050000001,0.63067949,0.31349808,-2.2570737e-23,5.5249701,0.82665098,0
194,-0.013872446,2.8003906e-20,-5.9168824e-20,0.40201673,5.5963244,0.82657003,0.050000001,0.65049434,0.33982915,-3.5147114e-24,5.5963202,0.82656997,0
194,-0.015063122,-6.8548638e-20,1.228149e-19,0.35040951,5.6676807,0.82649064,0.050000001,0.66940516,0.36249879,3.8517869e-23,5.6676798,0.826491,0
194,-0.016605038,-7.4288141e-20,1.3022786e-19,0.30165794,5.7390318,0.8264128,0.050000001,0.68722713,0.38181975,3.688795e-23,5.7390299,0.82641298,0
194,-0.018521642,7.7116569e-20,-1.3205239e-19,0.25704268,5.8103924,0.82633686,0.050000001,0.70383579,0.39818916,-3.9886707e-23,5.81039,0.82633698,0
194,-0.020828094,3.4975057e-20,-6.4876693e-20,0.21753058,5.8817525,0.826262,0.050000001,0.71915531,0.41205817,-1.0607408e-23,5.8817501,0.826262,0
194,-0.023534209,-1.5689627e-19,2.7225505e-19,0.18375772,5.9531097,0.82618886,0.050000001,0.7331531,0.42391366,7.9041742e-23,5.9531102,0.82618898,0
194,-0.026647685,8.5406196e-22,-6.5905444e-22,0.15597637,6.0244722,0.82611704,0.050000001,0.74583262,0.43425691,3.5343016e-24,6.0244699,0.82611698,0
194,-0.030177049,1.2081355e-19,-2.1025994e-19,0.13399008,6.0958347,0.82604688,0.050000001,0.75722802,0.44358164,-6.1973033e-23,6.09583,0.826047,0
194,-0.034134846,4.1962514e-20,-7.0544425e-20,0.11696422,6.1671982,0.82597786,0.050000001,0.76740646,0.45234698,-2.580696e-23,6.1672001,0.82597798,0
194,-0.038539901,1.305812e-19,-2.165043e-19,0.10318995,6.2385621,0.82591003,0.050000001,0.77647281,0.46093258,-1.0747802e-22,6.2385602,0.82590997,0
194,-0.043421075,8.8456019e-20,-1.4463871e-19,0.089930162,6.3099303,0.82584381,0.050000001,0.78458393,0.46958309,-7.7275666e-23,6.3099298,0.82584399,0
194,-0.048818812,-8.6418118e-20,1.4770876e-19,0.073370375,6.3812981,0.82577884,0.050000001,0.7919572,0.47833586,7.3174094e-23,6.3813,0.82577902,0
194,-0.054785069,-4.4874619e-20,7.5750066e-20,0.048848875,6.4526682,0.82571501,0.050000001,0.79887724,0.48694631,4.3797876e-23,6.4526701,0.82571501,0
194,-0.061380863,-4.416768e-20,7.6549969e-20,0.011423149,6.5240378,0.8256526,0.050000001,0.80568725,0.49483725,5.0022658e-23,6.5240402,0.82565302,0
194,-0.06866952,-4.4840298e-20,7.658254e-20,-0.043326031,6.595408,0.82559097,0.050000001,0.81276369,0.50109023,4.9578882e-23,6.5954099,0.82559103,0
194,-0.076704621,4.731825e-20,-7.5597109e-20,-0.11835786,6.66678,0.82553077,0.050000001,0.82047719,0.50449693,-7.0767046e-23,6.66678,0.82553101,0
194,-0.08551392,-4.524371e-20,7.8925645e-20,-0.21440344,6.738152,0.825472,0.050000001,0.82914495,0.50367785,7.8328909e-23,6.7381501,0.825472,0
194,-0.095080905,-1.7694062e-21,-3.0070323e-22,-0.32960847,6.8095284,0.82541418,0.050000001,0.83898956,0.49724776,-1.6467514e-23,6.8095298,0.825414,0
194,-0.10532548,8.9671955e-20,-1.5892052e-19,-0.45969343,6.8809023,0.82535762,0.050000001,0.85010988,0.48399597,-1.5834707e-22,6.8808999,0.82535797,0
194,-0.11609478,7.9726317e-20,-1.6636397e-19,-0.59863234,6.95228,0.82530177,0.050000001,0.86247671,0.46304011,-1.974251e-22,6.95228,0.825302,0
194,-0.12715809,5.7245829e-20,-1.2649984e-19,-0.73957592,7.0236583,0.82524741,0.050000001,0.87594563,0.43392831,-1.5027401e-22,7.0236602,0.825248,0
194,-0.13821466,-2.3719275e-20,3.6779891e-20,-0.87584001,7.0950322,0.82519382,0.050000001,0.89028817,0.39666662,5.4738888e-23,7.0950298,0.825194,0
194,-0.14891146,-1.7917391e-20,4.0830821e-20,-1.0016133,7.16641,0.82514101,0.050000001,0.90523106,0.35167795,6.9739671e-23,7.16641,0.82514101,0
194,-0.15886518,4.0294721e-20,-1.7626149e-19,-1.1123013,7.237792,0.82508987,0.050000001,0.92048126,0.29973814,-2.7986195e-22,7.2377901,0.82508999,0
194,-0.1676894,2.9371867e-21,9.3227173e-22,-1.2045661,7.3091741,0.82503945,0.050000001,0.93575168,0.24188498,-3.1432922e-25,7.3091698,0.82503903,0
194,-0.17502151,-2.9920267e-20,4.3371445e-20,-1.2760775,7.380558,0.82498986,0.050000001,0.95077837,0.17933302,4.7988031e-23,7.3805599,0.82498997,0
194,-0.18054673,1.6077577e-20,-1.3536632e-19,-1.3251121,7.4519401,0.8249408,0.050000001,0.96531957,0.11342785,-2.2641343e-22,7.4519401,0.82494098,0
194,-0.18401848,-2.0084834e-20,8.2094561e-20,-1.3501971,7.5233221,0.82489306,0.050000001,0.97915262,0.045603029,1.5403905e-22,7.5233202,0.824893,0
194,-0.18527699,-1.0555528e-20,1.2837282e-19,-1.3499095,7.594708,0.82484603,0.050000001,0.9920581,-0.022622894,2.4121233e-22,7.5947099,0.82484603,0
194,-0.18426277,3.0940536e-20,2.8005213e-19,-1.323045,7.6660919,0.82479978,0.050000001,1.0038053,-0.089646578,4.6049423e-22,7.66609,0.82480001,0
194,-0.18102674,1.5533193e-20,5.5444546e-20,-1.2691545,7.7374802,0.82475477,0.050000001,1.01415,-0.1538263,6.7837866e-23,7.7374802,0.82475501,0
194,-0.17573369,-1.1736303e-20,-1.4034401e-19,-1.1892688,7.8088679,0.82471037,0.050000001,1.02283,-0.21354699,-2.3567087e-22,7.8088698,0.82471001,0
194,-0.16865233,3.5403834e-20,9.5280692e-20,-1.0864681,7.8802519,0.82466686,0.050000001,1.0295948,-0.26734486,1.2261805e-22,7.88025,0.82466698,0
194,-0.16013131,-4.0853355e-20,-1.3957557e-19,-0.96599132,7.9516397,0.82462376,0.050000001,1.0342398,-0.31405339,-2.0395727e-22,7.9516401,0.824624,0
194,-0.15365395,-8.6208828e-20,-2.7193426e-19,-0.87715143,8,0.82459515,0.050000001,1.0358622,-0.3403821,-3.7248926e-22,8,0.82459551,0
194,-0.23693165,-1.2151954e-20,2.5870922e-19,-2.1648953,0.99999762,0.91797405,0.050000001,0.80046844,0.057082642,5.9277023e-22,1,0.91796678,0
194,-0.23974285,-2.2602831e-20,3.3077221e-19,-2.1381495,1.0350165,0.91772103,0.050000001,0.80504209,0.057596914,7.914519e-22,1.03502,0.91771501,0
194,-0.24680606,-2.3599153e-20,1.1332851e-20,-2.087831,1.106126,0.91727376,0.050000001,0.81756806,0.057509001,1.5331968e-23,1.10613,0.91727,0
194,-0.25513631,7.7201179e-21,-1.8678988e-19,-2.0421939,1.1772568,0.91687715,0.050000001,0.83313078,0.055874981,-4.4601665e-22,1.17726,0.916875,0
194,-0.26459172,-1.7787075e-20,6.1173325e-19,-2.0015659,1.2483991,0.91651893,0.050000001,0.85146886,0.052292287,1.8162447e-21,1.2484,0.91651797,0
194,-0.27497885,-4.378941e-20,1.5490558e-18,-1.9658856,1.3195555,0.91618907,0.050000001,0.87226856,0.046386156,4.1500984e-21,1.3195601,0.91618901,0
194,-0.2860527,3.8616184e-20,-1.7033053e-20,-1.934729,1.3907177,0.91588056,0.050000001,0.89517075,0.037822351,-5.7592056e-22,1.39072,0.91588098,0
194,-0.29752442,4.1460008e-20,-6.1659635e-19,-1.9072423,1.4618878,0.9155882,0.050000001,0.91978568,0.026329631,-1.9680883e-21,1.46189,0.91558897,0
194,-0.30905947,-1.0199427e-21,-4.2641884e-19,-1.8821505,1.5330659,0.91530842,0.050000001,0.94569451,0.01171516,-1.0673313e-21,1.53307,0.91531003,0
194,-0.32028756,-9.7969688e-22,-2.4593251e-19,-1.8577044,1.6042504,0.91503817,0.050000001,0.97243547,-0.0061450619,-4.5991489e-22,1.60425,0.91504002,0
194,-0.33082333,1.5220629e-20,3.4284077e-19,-1.8318205,1.6754409,0.91477633,0.050000001,0.99951768,-0.027278993,1.1329117e-21,1.67544,0.91477799,0
194,-0.340267,4.1815117e-20,1.7210702e-19,-1.8022976,1.7466305,0.91452199,0.050000001,1.0264401,-0.051601034,6.2778091e-22,1.74663,0.91452402,0
194,-0.34823379,4.8783626e-20,2.2020608e-19,-1.7667748,1.8178259,0.91427362,0.050000001,1.0526812,-0.078927711,5.7607995e-22,1.81783,0.91427499,0
194,-0.35436055,-8.2380525e-21,-1.7629074e-19,-1.7228926,1.8890282,0.91403085,0.050000001,1.077686,-0.10897446,-6.0185033e-22,1.88903,0.91403198,0
194,-0.35830399,-9.7100438e-20,-4.9483464e-19,-1.6684791,1.9602343,0.91379344,0.050000001,1.100878,-0.14134793,-1.0172857e-21,1.96023,0.91379499,0
194,-0.35977438,-9.9639824e-20,-4.9359816e-19,-1.601609,2.031446,0.91356105,0.050000001,1.1216657,-0.17553324,-1.0093371e-21,2.03145,0.913562,0
194,-0.35855219,-7.3130172e-20,-4.3992226e-19,-1.5210313,2.1026602,0.91333342,0.050000001,1.1394531,-0.21089111,-1.1552792e-21,2.1026599,0.91333503,0
194,-0.35450268,1.2375721e-20,-3.9255475e-20,-1.4264144,2.1738801,0.91311055,0.050000001,1.1536708,-0.24668175,7.356003e-23,2.1738801,0.91311198,0
194,-0.34759003,4.3104918e-20,1.725396e-19,-1.3184265,2.2451062,0.91289234,0.050000001,1.163808,-0.28207859,7.2476244e-22,2.24511,0.912893,0
194,-0.33788723,6.482493e-20,2.0573467e-19,-1.1989589,2.3163323,0.91267878,0.050000001,1.1694577,-0.31620628,5.8742127e-22,2.31633,0.91267997,0
194,-0.32557783,1.3171444e-19,4.4618241e-19,-1.0711831,2.3875661,0.91246909,0.050000001,1.1703604,-0.34820387,1.023952e-21,2.3875699,0.91246998,0
194,-0.31095266,-7.3216587e-20,-2.0077435e-19,-0.93918979,2.4588046,0.91226405,0.050000001,1.1664507,-0.37727287,-5.3708907e-22,2.4588001,0.912265,0
194,-0.2943885,-5.9394676e-20,-2.2972191e-19,-0.80753583,2.5300448,0.91206396,0.050000001,1.1578636,-0.40275148,-4.8418106e-22,2.53004,0.91206503,0
194,-0.27632514,-8.1461154e-20,-2.0203382e-19,-0.68083292,2.6012907,0.9118675,0.050000001,1.1449386,-0.42415971,-4.0863404e-22,2.60129,0.91186798,0
194,-0.25723246,-1.6554553e-19,-4.1517477e-19,-0.563151,2.6725409,0.91167533,0.050000001,1.1282037,-0.44122848,-8.8911889e-22,2.6725399,0.91167599,0
194,-0.23757628,8.5570025e-20,1.9233991e-19,-0.45751962,2.7437906,0.91148728,0.050000001,1.1083066,-0.45390677,4.7064956e-22,2.7437899,0.911488,0
194,-0.2177881,3.627849e-21,3.1314059e-21,-0.36576334,2.8150444,0.91130304,0.050000001,1.0859547,-0.46233833,6.3982053e-23,2.8150401,0.911304,0
194,-0.19824336,-9.0441376e-20,-2.0204811e-19,-0.28844613,2.8863044,0.91112292,0.050000001,1.0618623,-0.46681914,-3.7649678e-22,2.8863001,0.91112399,0
194,-0.17925081,8.9212282e-20,1.8382109e-19,-0.22504871,2.9575679,0.91094625,0.050000001,1.0366945,-0.46774611,2.7390483e-22,2.9575701,0.91094702,0
194,-0.16104698,-1.6391461e-19,-3.738061e-19,-0.17433996,3.0288346,0.91077387,0.050000001,1.0110253,-0.46556824,-4.9070521e-22,3.0288301,0.91077501,0
194,-0.14379686,-9.2351581e-20,-1.9968463e-19,-0.13464707,3.1001046,0.91060531,0.050000001,0.98532224,-0.46074417,-3.254005e-22,3.1001,0.91060603,0
194,-0.12760565,2.4381671e-19,5.419798e-19,-0.10412611,3.1713805,0.91043943,0.050000001,0.95993912,-0.45370853,6.228148e-22,3.17138,0.91044003,0
194,-0.11252905,1.9972777e-19,4.3699802e-19,-0.081014484,3.242661,0.91027743,0.050000001,0.93512547,-0.4448531,4.2754676e-22,3.24266,0.91027802,0
194,-0.098581091,8.5791095e-20,1.6635817e-19,-0.063754238,3.313941,0.91011947,0.050000001,0.91103947,-0.43451607,1.6536064e-22,3.31394,0.91012001,0
194,-0.085745841,4.1974214e-20,7.2532818e-20,-0.051034011,3.3852203,0.9099645,0.050000001,0.88776428,-0.42297933,4.0520487e-23,3.3852201,0.90996498,0
194,-0.073986962,8.6413101e-22,1.1695881e-21,-0.041807093,3.456506,0.90981263,0.050000001,0.86532384,-0.41047114,-3.3711806e-25,3.4565101,0.90981299,0
194,-0.06325414,-1.1127369e-19,-2.4094298e-19,-0.035292018,3.5277944,0.90966451,0.050000001,0.84370124,-0.39717007,-1.6860902e-22,3.5277901,0.90966499,0
194,-0.053488094,-7.2089417e-20,-1.5427276e-19,-0.030925333,3.5990882,0.90951949,0.050000001,0.82284546,-0.38321146,-9.7028755e-23,3.5990901,0.90951997,0
194,-0.044628322,-1.6626842e-19,-3.7376293e-19,-0.028351819,3.6703823,0.9093768,0.050000001,0.80268741,-0.36869842,-1.7399801e-22,3.6703801,0.90937698,0
194,-0.036612041,-6.1281921e-20,-1.5883806e-19,-0.027439661,3.7416801,0.90923738,0.050000001,0.78314072,-0.35370418,-6.2483129e-23,3.7416799,0.90923798,0
194,-0.029379804,-5.3717222e-20,-1.4012591e-19,-0.02830212,3.8129823,0.90910143,0.050000001,0.7641052,-0.33828637,-2.3680487e-23,3.8129799,0.90910202,0
194,-0.022876929,-1.4990033e-19,-3.4897016e-19,-0.031516965,3.8842881,0.90896845,0.050000001,0.74546552,-0.32250136,-1.0025046e-22,3.88429,0.90896899,0
194,-0.017055264,-2.5800067e-20,-6.7747307e-20,-0.038562663,3.9555919,0.90883803,0.050000001,0.72707623,-0.30643669,-7.4691867e-24,3.95559,0.90883797,0
194,-0.011874452,5.782366e-20,1.308048e-19,-0.052229598,4.0268998,0.90871066,0.050000001,0.70872205,-0.29026318,3.0086489e-23,4.0268998,0.90871102,0
194,-0.0073066712,1.0754485e-19,2.5366104e-19,-0.076424718,4.0982099,0.90858585,0.050000001,0.69006938,-0.2743071,4.001059e-23,4.0982099,0.90858603,0
194,-0.0033388275,2.6335198e-20,6.327628e-20,-0.11452997,4.1695256,0.90846366,0.050000001,0.67063445,-0.25907549,8.7826756e-24,4.1695299,0.90846401,0
194,2.4931724e-05,-2.5175328e-20,-6.0926253e-20,-0.16613905,4.2408447,0.90834385,0.050000001,0.6498431,-0.24516289,-5.5958744e-24,4.24084,0.90834397,0
194,0.0027651251,-1.1043625e-22,5.766601e-23,-0.22371282,4.3121648,0.90822661,0.050000001,0.6272251,-0.2329873,0,4.31216,0.90822703,0
194,0.0048542107,1.6609538e-20,6.0900753e-20,-0.27177939,4.3834844,0.90811205,0.050000001,0.60272574,-0.2224296,-1.379641e-23,4.3834801,0.90811199,0
194,0.0062719244,3.4992774e-20,1.1589033e-19,-0.29064834,4.4548082,0.90799981,0.050000001,0.57698101,-0.21255389,-2.2863349e-23,4.4548101,0.90799999,0
194,0.0070238416,-3.699946e-22,7.8622944e-21,-0.2637955,4.5261321,0.90788978,0.050000001,0.55139071,-0.20162468,-7.4038233e-24,4.5261302,0.90789002,0
194,0.007158312,1.4300609e-20,5.1155576e-20,-0.18526743,4.5974579,0.90778267,0.050000001,0.52787989,-0.18748425,-1.4326045e-23,4.5974598,0.90778297,0
194,0.0067727016,3.0910925e-20,9.946264e-20,-0.062883504,4.668788,0.90767723,0.050000001,0.50843114,-0.16817103,-2.1034956e-23,4.6687899,0.90767699,0
194,0.00600529,-1.7976215e-20,-3.7764411e-20,0.08458937,4.7401223,0.90757382,0.050000001,0.49458194,-0.14248905,-3.4768126e-23,4.7401199,0.907574,0
194,0.0050127557,-2.3903449e-20,-8.8094238e-20,0.23441596,4.8114581,0.90747285,0.050000001,0.48710811,-0.11029093,-6.2767323e-24,4.81146,0.90747303,0
194,0.0039423099,-1.3784711e-20,-1.4000856e-19,0.36707762,4.882792,0.90737402,0.050000001,0.48599193,-0.072404832,2.8372925e-23,4.8827901,0.90737402,0
194,0.0029074538,-3.2286481e-21,9.3144175e-20,0.47057584,4.9541297,0.90727741,0.050000001,0.49060938,-0.030299371,-3.3945166e-24,4.9541302,0.907278,0
194,0.0019753221,-3.362302e-21,1.8639755e-19,0.54091424,5.0254698,0.90718257,0.050000001,0.50001073,0.014303327,-1.1840366e-23,5.0254698,0.90718299,0
194,0.0011658254,9.964334e-21,-9.3374177e-20,0.57998699,5.0968099,0.90708977,0.050000001,0.51317036,0.059745509,-1.6982441e-23,5.0968099,0.90709001,0
194,0.00045911377,7.1245002e-21,-4.6573228e-20,0.59275502,5.1681519,0.90699905,0.050000001,0.52913755,0.10461324,-1.7716207e-23,5.1681499,0.90699899,0
194,-0.00019228502,-7.1379948e-20,2.5610944e-19,0.58500749,5.2395,0.90690982,0.050000001,0.54709655,0.14779693,-1.60008e-24,5.2395,0.90691,0
194,-0.000851524,-2.4639429e-20,1.0061112e-19,0.56207657,5.3108478,0.90682286,0.050000001,0.56636596,0.18847519,-3.6406814e-24,5.3108501,0.90682298,0
194,-0.0015877996,3.7681786e-20,-1.0636975e-19,0.52842855,5.382194,0.90673786,0.050000001,0.58638161,0.22608742,-6.3013519e-24,5.3821902,0.90673798,0
194,-0.00246868,-2.2447059e-21,2.2365691e-22,0.48770192,5.4535484,0.906654,0.050000001,0.60667461,0.2602976,7.7683922e-24,5.4535499,0.906654,0
194,-0.0035546208,3.0670788e-20,-5.9988799e-20,0.4428426,5.5248981,0.90657175,0.050000001,0.6268481,0.29094952,-7.8027376e-24,5.5249,0.90657198,0
194,-0.0048965546,-3.0513261e-20,6.0613301e-20,0.39625555,5.5962501,0.90649158,0.050000001,0.64657497,0.31805032,4.2983575e-24,5.5962501,0.90649199,0
194,-0.0065346546,-9.6260675e-20,1.848253e-19,0.34996006,5.6676083,0.90641302,0.050000001,0.66559124,0.34174073,2.3693549e-23,5.6676102,0.90641302,0
194,-0.0084984107,-7.0776371e-20,1.2928838e-19,0.30562302,5.7389622,0.90633601,0.050000001,0.68368995,0.3622686,2.047707e-23,5.7389598,0.90633601,0
194,-0.010808622,-4.1037251e-20,6.7667717e-20,0.26455522,5.8103223,0.90626085,0.050000001,0.70072228,0.37997112,2.7302047e-23,5.8103199,0.90626103,0
194,-0.013479021,7.1267684e-20,-1.3397829e-19,0.22776234,5.8816824,0.90618688,0.050000001,0.7165888,0.39524662,-1.2713784e-23,5.88168,0.906187,0
194,-0.016519058,-4.4255775e-20,7.0340118e-20,0.19589795,5.9530401,0.90611398,0.050000001,0.73123604,0.40853566,3.3888663e-23,5.9530401,0.90611398,0
194,-0.019936705,-7.9713431e-20,1.3752788e-19,0.16918433,6.0243998,0.90604275,0.050000001,0.74465311,0.42029741,4.2286012e-23,6.0244002,0.90604299,0
194,-0.023741504,-3.31583e-21,3.0674846e-21,0.14732088,6.0957618,0.90597337,0.050000001,0.75686872,0.43098453,1.5405608e-23,6.0957599,0.90597397,0
194,-0.027947653,-8.455457e-20,1.4415865e-19,0.12930645,6.16713,0.90590525,0.050000001,0.7679559,0.4410097,5.9780649e-23,6.16713,0.90590501,0
194,-0.032575972,1.3969062e-21,-7.4726933e-22,0.11327495,6.2384958,0.90583819,0.050000001,0.77803671,0.45069522,-4.450412e-24,6.2385001,0.90583801,0
194,-0.037657388,-8.7252536e-20,1.4635827e-19,0.096392907,6.3098598,0.90577281,0.050000001,0.78729337,0.46021798,7.6728531e-23,6.3098602,0.90577298,0
194,-0.043235075,-4.5698805e-20,7.1882868e-20,0.0749157,6.3812299,0.90570867,0.050000001,0.79597366,0.46954301,4.3454078e-23,6.3812299,0.90570903,0
194,-0.049362812,8.6337791e-20,-1.4905884e-19,0.044515576,6.4526,0.90564519,0.050000001,0.80438644,0.47835973,-7.7404301e-23,6.4526,0.90564501,0
194,-0.056102369,-1.3460764e-19,2.2628953e-19,0.00083371374,6.5239697,0.90558362,0.050000001,0.81288666,0.48604867,1.3871326e-22,6.5239701,0.90558398,0
194,-0.063516408,-1.3541403e-19,2.2951315e-19,-0.059790976,6.5953417,0.90552306,0.050000001,0.82184511,0.4916884,1.558109e-22,6.5953398,0.905523,0
194,-0.071656071,6.3041139e-22,3.7138398e-21,-0.13953222,6.666718,0.9054637,0.050000001,0.83160627,0.49411562,7.8508163e-24,6.6667199,0.90546399,0
194,-0.080544323,4.2940774e-20,-7.8963863e-20,-0.23845829,6.73809,0.90540498,0.050000001,0.84244299,0.49204436,-7.1806745e-23,6.73809,0.90540498,0
194,-0.09015961,-4.1823822e-22,-9.0282382e-22,-0.35435852,6.8094616,0.90534776,0.050000001,0.85452312,0.48421898,1.5206311e-25,6.8094602,0.905348,0
194,-0.10041902,-4.5277039e-20,7.6640681e-20,-0.48295388,6.8808398,0.9052918,0.050000001,0.86788839,0.46956947,8.1565927e-23,6.8808398,0.90529197,0
194,-0.11116575,1.9096242e-20,-4.4088242e-20,-0.61852109,6.95222,0.90523672,0.050000001,0.88245279,0.44734779,-3.7067362e-23,6.95222,0.90523702,0
194,-0.1221681,6.0412548e-20,-1.2367685e-19,-0.75475132,7.0235982,0.90518296,0.050000001,0.89802313,0.41720784,-1.5654358e-22,7.0236001,0.90518302,0
194,-0.13312818,3.8747146e-20,-8.2601584e-20,-0.88553882,7.0949721,0.90513027,0.050000001,0.91433227,0.37922204,-1.1060576e-22,7.0949702,0.90513003,0
194,-0.14369744,1.3129679e-20,-4.203127e-20,-1.0055909,7.1663523,0.90507823,0.050000001,0.93107545,0.33384237,-7.1115621e-23,7.1663499,0.90507799,0
194,-0.15349787,1.039223e-20,-4.380226e-20,-1.1107107,7.2377386,0.90502745,0.050000001,0.94793624,0.28184411,-7.8538695e-23,7.23774,0.90502697,0
194,-0.16214874,-8.2308203e-21,-4.2339874e-21,-1.1977873,7.3091202,0.90497792,0.050000001,0.9646076,0.22425093,-7.583648e-24,7.3091202,0.90497798,0
194,-0.16929473,-4.0028591e-21,-1.5659954e-21,-1.2645495,7.3804998,0.90492845,0.050000001,0.98080957,0.16225065,1.532615e-26,7.3804998,0.90492803,0
194,-0.17462796,-1.4698225e-21,-4.814681e-20,-1.3090968,7.4518819,0.90488023,0.050000001,0.99628657,0.097157933,-6.9677761e-23,7.45188,0.90487999,0
194,-0.17790824,-1.3676885e-20,-1.9294113e-19,-1.3296671,7.5232677,0.90483302,0.050000001,1.0107965,0.030395966,-2.9504516e-22,7.5232701,0.90483302,0
194,-0.17898372,-1.5048401e-20,-9.8920061e-20,-1.3245696,7.5946522,0.90478659,0.050000001,1.0240949,-0.036503233,-1.5554435e-22,7.5946498,0.904787,0
194,-0.17780523,1.6556317e-20,2.3499193e-19,-1.2924194,7.6660376,0.90474099,0.050000001,1.0359225,-0.10192484,3.6994429e-22,7.6660399,0.90474099,0
194,-0.17443594,5.0929675e-20,2.9159112e-19,-1.2328386,7.7374258,0.90469664,0.050000001,1.0460001,-0.16420667,4.3358249e-22,7.7374301,0.904697,0
194,-0.16905357,5.1309422e-20,1.5550703e-19,-1.1473055,7.8088117,0.90465283,0.050000001,1.0540448,-0.22173604,1.8674663e-22,7.8088102,0.90465301,0
194,-0.16193855,-1.8036126e-20,-9.4025775e-20,-1.0395932,7.8801999,0.90460986,0.050000001,1.0598098,-0.27309534,-1.4682308e-22,7.8801999,0.90460998,0
194,-0.15345028,-5.1821521e-20,-1.9407226e-19,-0.91567171,7.9515901,0.90456742,0.050000001,1.0631149,-0.31719774,-2.7105713e-22,7.9515901,0.904567,0
194,-0.14703639,-3.6047087e-20,-1.2691488e-19,-0.82581246,8,0.90453923,0.050000001,1.0636404,-0.34175375,-1.762059e-22,8,0.90453917,0
194,-0.23645084,-2.8402823e-20,6.6273116e-19,-1.9900022,0.99999833,0.99769753,0.050000001,0.97224045,0.048904914,1.1632004e-21,1,0.99768925,0
194,-0.23910609,-2.740937e-20,9.4746994e-19,-1.9765438,1.0348276,0.99746555,0.050000001,0.97465962,0.047758594,1.5295266e-21,1.03483,0.99745899,0
194,-0.245667,4.1481007e-20,-6.1705053e-19,-1.9467484,1.1059481,0.99704701,0.050000001,0.98240823,0.044396576,-1.6511863e-21,1.10595,0.99704301,0
194,-0.25326747,5.5803906e-21,-1.7303419e-19,-1.915265,1.1770864,0.99667197,0.050000001,0.99284142,0.039674968,-4.1534501e-22,1.17709,0.99667001,0
194,-0.26176092,-5.5330008e-20,9.3290929e-19,-1.8824803,1.2482369,0.99632972,0.050000001,1.0057623,0.033268746,2.1764735e-21,1.24824,0.99632901,0
194,-0.27095488,-7.5396724e-20,1.5335429e-18,-1.8485792,1.3193971,0.99601269,0.050000001,1.0209053,0.024869928,3.6167099e-21,1.3194,0.99601197,0
194,-0.2806139,9.5673889e-22,8.7178023e-19,-1.8134992,1.3905652,0.99571288,0.050000001,1.0379583,0.014206727,1.8380389e-21,1.39057,0.995713,0
194,-0.29046324,1.3887254e-20,-1.7581481e-19,-1.7768382,1.4617398,0.99542594,0.050000001,1.0565635,0.0010716778,-4.8043356e-22,1.46174,0.99542803,0
194,-0.30019394,3.8688685e-20,4.3917872e-19,-1.7378209,1.5329223,0.99515265,0.050000001,1.0763006,-0.01468219,1.0085493e-21,1.53292,0.99515402,0
194,-0.30947125,4.4701545e-20,6.6834761e-19,-1.6954376,1.6041104,0.99488848,0.050000001,1.0966854,-0.033133075,1.4508693e-21,1.60411,0.99488902,0
194,-0.31795549,3.0976967e-20,6.096469e-19,-1.6486045,1.6753002,0.99463069,0.050000001,1.1172128,-0.054266088,1.6190075e-21,1.6753,0.99463099,0
194,-0.32530591,2.5738777e-20,5.9504096e-19,-1.5961148,1.7464918,0.99437928,0.050000001,1.1373575,-0.077970646,1.6470417e-21,1.74649,0.99437898,0
194,-0.33118641,4.764983e-20,6.1815817e-19,-1.5367267,1.8176919,0.99413371,0.050000001,1.1565577,-0.10404652,1.7520352e-21,1.81769,0.99413401,0
194,-0.33528733,-1.7160795e-21,2.5196007e-20,-1.4693197,1.8889004,0.99389297,0.050000001,1.1742376,-0.13219267,-9.7578331e-24,1.8889,0.99389398,0
194,-0.33733955,-1.2495221e-19,-1.0527866e-18,-1.3930291,1.960108,0.99365705,0.050000001,1.1898304,-0.16200085,-2.8936068e-21,1.9601099,0.99365801,0
194,-0.33712938,-9.3586607e-20,-7.2326837e-19,-1.3074684,2.0313177,0.99342632,0.050000001,1.2027754,-0.19296327,-1.5789616e-21,2.0313201,0.99342799,0
194,-0.3345094,1.842944e-20,-3.6721888e-20,-1.212864,2.1025355,0.99319994,0.050000001,1.2125549,-0.22448468,8.2741008e-23,2.10254,0.99320197,0
194,-0.32941145,4.5691922e-20,2.3364047e-19,-1.1101767,2.1737578,0.99297875,0.050000001,1.2187227,-0.25589851,4.9067946e-22,2.1737599,0.99298102,0
194,-0.32185501,1.1577366e-19,4.4316367e-19,-1.0011799,2.2449818,0.9927628,0.050000001,1.2209277,-0.28649753,1.0623522e-21,2.2449801,0.99276501,0
194,-0.31194988,1.1531814e-19,4.5154146e-19,-0.88831431,2.3162122,0.99255151,0.050000001,1.2189505,-0.31557387,1.0885383e-21,2.31621,0.992553,0
194,-0.29989302,-1.4096776e-19,-4.4933288e-19,-0.77464807,2.3874505,0.9923448,0.050000001,1.2127358,-0.34245926,-9.4929295e-22,2.38745,0.99234498,0
194,-0.28595886,5.5367447e-21,-2.7410817e-21,-0.66344625,2.4586883,0.99214226,0.050000001,1.2024008,-0.36657104,-1.2112487e-22,2.4586899,0.99214101,0
194,-0.27048069,6.6840704e-20,2.3612147e-19,-0.55792898,2.5299282,0.99194223,0.050000001,1.1882287,-0.38745502,3.6934488e-22,2.5299301,0.99194199,0
194,-0.25382873,-7.2597571e-20,-2.2277641e-19,-0.46090454,2.6011746,0.99174696,0.050000001,1.1706543,-0.40481174,-4.2760431e-22,2.6011701,0.99174702,0
194,-0.23638584,8.5067946e-20,2.0603071e-19,-0.37432125,2.6724246,0.99155629,0.050000001,1.1502219,-0.41850525,3.4678939e-22,2.67242,0.99155599,0
194,-0.21852385,8.1778093e-20,2.0945029e-19,-0.29931,2.7436783,0.99136734,0.050000001,1.1275368,-0.42855191,3.1868062e-22,2.74368,0.99136901,0
194,-0.20058435,-7.8322812e-23,-2.2017995e-21,-0.23617484,2.8149343,0.9911834,0.050000001,1.10322,-0.43510062,-5.495869e-23,2.81493,0.99118602,0
194,-0.1828621,-8.7352644e-20,-1.9843099e-19,-0.18437369,2.8861959,0.99100631,0.050000001,1.0778571,-0.43840143,-3.3844321e-22,2.8862,0.99100697,0
194,-0.1656023,7.4034306e-20,1.8883463e-19,-0.14281264,2.9574602,0.99083304,0.050000001,1.0519725,-0.43876487,1.8552732e-22,2.9574599,0.99083197,0
194,-0.14899299,-8.2634206e-20,-1.7269622e-19,-0.11018331,3.0287306,0.99066144,0.050000001,1.0260023,-0.43653116,-2.0180443e-22,3.0287299,0.99066001,0
194,-0.13317116,-1.5950552e-19,-3.8052772e-19,-0.085021242,3.1000004,0.99049264,0.050000001,1.000295,-0.43204322,-4.508467e-22,3.0999999,0.990493,0
194,-0.11822808,1.5758481e-19,3.5932465e-19,-0.065869853,3.1712744,0.99032772,0.050000001,0.97510439,-0.42562684,4.1656185e-22,3.1712699,0.99032801,0
194,-0.10421468,1.4801015e-19,3.4862657e-19,-0.051474541,3.2425525,0.99016702,0.050000001,0.95060045,-0.41757688,3.0341173e-22,3.2425499,0.99016702,0
194,-0.091150828,-6.7539426e-20,-1.8117371e-19,-0.040794283,3.313832,0.99000835,0.050000001,0.92689079,-0.40815076,-1.4467617e-22,3.3138299,0.99001002,0
194,-0.079031967,-2.6760111e-22,-2.2922291e-20,-0.032955535,3.385118,0.98985338,0.050000001,0.90402502,-0.39756685,-5.4669834e-23,3.3851199,0.989856,0
194,-0.06783656,-2.7059729e-21,4.4403504e-21,-0.027297221,3.4564042,0.98970485,0.050000001,0.88201261,-0.38600615,3.5813398e-24,3.4563999,0.98970503,0
194,-0.057528663,-1.4264133e-19,-3.2440754e-19,-0.023325024,3.5276945,0.98955894,0.050000001,0.8608281,-0.37361127,-2.2308769e-22,3.5276899,0.98955798,0
194,-0.048065264,6.2954009e-20,1.4887837e-19,-0.020680819,3.5989883,0.98941398,0.050000001,0.84042418,-0.36049521,4.6625977e-23,3.59899,0.98941398,0
194,-0.039399806,5.9478125e-20,1.4678949e-19,-0.019182786,3.6702819,0.98927277,0.050000001,0.82074308,-0.346742,3.4242691e-23,3.67028,0.98927301,0
194,-0.031482719,6.2517484e-20,1.3901802e-19,-0.018733663,3.7415798,0.98913354,0.050000001,0.80171096,-0.33241343,4.1955321e-23,3.74158,0.98913401,0
194,-0.024265906,1.7361717e-19,4.3573817e-19,-0.019408427,3.812886,0.98899806,0.050000001,0.78324789,-0.31755516,1.0830969e-22,3.8128901,0.98899901,0
194,-0.017704241,7.8334844e-20,2.233239e-19,-0.021546071,3.8841898,0.98886675,0.050000001,0.76526791,-0.30220535,3.2378446e-23,3.8841901,0.98886698,0
194,-0.011755978,-2.9376437e-20,-6.6696917e-20,-0.0259864,3.9554977,0.98873723,0.050000001,0.74766612,-0.28641126,-1.6233875e-23,3.9554999,0.988738,0
194,-0.0063857068,2.7252648e-20,6.8322908e-20,-0.034492213,4.0268083,0.98861116,0.050000001,0.73030311,-0.2702646,1.1950707e-23,4.0268102,0.98861098,0
194,-0.001566003,2.5780202e-20,6.703442e-20,-0.050107542,4.0981178,0.98848623,0.050000001,0.71296126,-0.25395533,7.5065787e-24,4.0981202,0.98848701,0
194,0.0027200922,-4.6790118e-20,-1.2266626e-19,-0.076767236,4.1694341,0.98836529,0.050000001,0.69529754,-0.23782976,-2.5354843e-24,4.1694298,0.98836601,0
194,0.0064755743,-6.4987542e-20,-1.8527931e-19,-0.11737189,4.2407522,0.98824811,0.050000001,0.67682397,-0.22239932,8.2898734e-24,4.2407498,0.98824698,0
194,0.0096882693,2.6228333e-23,3.9650022e-22,-0.17070539,4.3120723,0.98812979,0.050000001,0.65698558,-0.20822462,-2.6790521e-26,4.3120699,0.98813099,0
194,0.01233363,3.0584909e-20,1.2931218e-19,-0.22862805,4.3833942,0.98801523,0.050000001,0.63536727,-0.19565473,-3.5323563e-23,4.3833899,0.98801702,0
194,0.0143826,4.5346274e-20,1.7829706e-19,-0.2759327,4.4547181,0.98790431,0.050000001,0.61198431,-0.18450765,-5.0342525e-23,4.45472,0.98790598,0
194,0.015814848,6.6928424e-20,2.1475213e-19,-0.29424763,4.526042,0.9877947,0.050000001,0.58752525,-0.1738583,-4.3991762e-23,4.5260401,0.98779702,0
194,0.016635258,3.542304e-20,1.0545514e-19,-0.26892465,4.5973701,0.98768866,0.050000001,0.56337851,-0.16209486,-1.7674777e-23,4.5973701,0.98768997,0
194,0.016886508,1.3949435e-20,5.4389917e-20,-0.19539711,4.6687021,0.98758626,0.050000001,0.54139227,-0.14729814,-1.7817184e-23,4.6687002,0.98758602,0
194,0.016652284,4.380281e-20,1.9442781e-19,-0.081538506,4.7400384,0.98748451,0.050000001,0.52342463,-0.12778609,-5.4058296e-23,4.7400398,0.98748302,0
194,0.016048502,2.9678029e-20,1.4122882e-19,0.055152405,4.8113699,0.98738438,0.050000001,0.51089418,-0.10259372,-3.0356882e-23,4.8113699,0.98738301,0
194,0.015203438,6.5591153e-23,1.7192888e-21,0.19389798,4.8827076,0.98728508,0.050000001,0.50450158,-0.071686313,-7.8870163e-24,4.88271,0.98728502,0
194,0.014234324,6.1262103e-21,1.4426913e-19,0.3169184,4.9540505,0.98718917,0.050000001,0.50420821,-0.035875339,-4.7966391e-23,4.9540501,0.98718899,0
194,0.013228174,-2.0168576e-21,1.8987607e-19,0.41316035,5.0253906,0.98709708,0.050000001,0.5094071,0.0034795019,-4.4063748e-23,5.0253901,0.98709601,0
194,0.012232822,-9.901814e-21,4.9417479e-20,0.47875291,5.0967302,0.98700356,0.050000001,0.51918125,0.044815853,-8.5539714e-24,5.0967302,0.98700398,0
194,0.011257431,2.6799707e-20,-1.4988175e-19,0.51524556,5.1680694,0.98691356,0.050000001,0.53252918,0.086642757,2.7981761e-23,5.1680698,0.98691398,0
194,0.010279748,1.4893395e-20,-9.8868543e-20,0.52715915,5.2394176,0.98682636,0.050000001,0.54851121,0.12770291,2.6615974e-23,5.2394199,0.98682499,0
194,0.009257853,3.5858732e-21,-1.2407474e-21,0.51992816,5.31077,0.98673832,0.050000001,0.5663141,0.16701771,-9.6823575e-25,5.31077,0.98673898,0
194,0.0081394557,-1.7727537e-20,5.6457552e-20,0.49872273,5.3821201,0.98665363,0.050000001,0.5852626,0.20388988,-2.5256163e-23,5.3821201,0.986655,0
194,0.0068701603,-1.0898906e-20,5.1227389e-20,0.46795705,5.4534726,0.98657161,0.050000001,0.60480493,0.23787074,-2.3797818e-23,5.4534702,0.98657203,0
194,0.0053997496,2.4265699e-20,-5.8989532e-20,0.43121877,5.5248222,0.98649043,0.050000001,0.62449086,0.26871702,1.0852606e-23,5.5248199,0.98649102,0
194,0.0036851333,-5.7460418e-20,1.2147371e-19,0.39134482,5.5961719,0.98641068,0.050000001,0.64395624,0.29635832,-3.9133583e-24,5.5961699,0.98641098,0
194,0.0016918917,-1.2335817e-19,2.4943422e-19,0.35060325,5.6675301,0.98633438,0.050000001,0.66290873,0.32086486,-1.7864621e-24,5.6675301,0.98633301,0
194,-0.00060550583,-3.5045568e-20,6.5855099e-20,0.3108021,5.7388878,0.98625851,0.050000001,0.68111783,0.34242055,4.1394159e-24,5.7388902,0.98625702,0
194,-0.003225141,-3.5988612e-20,7.0781076e-20,0.27333435,5.8102479,0.9861834,0.050000001,0.69841295,0.36130083,-3.7568278e-24,5.8102498,0.98618197,0
194,-0.0061791749,-3.2460264e-20,6.6866172e-20,0.23923032,5.8816104,0.98610926,0.050000001,0.71467566,0.37784901,-5.4285822e-24,5.8816099,0.98610902,0
194,-0.0094764978,3.4581265e-20,-6.4736299e-20,0.20911574,5.9529676,0.98603535,0.050000001,0.72983712,0.3924545,-6.5015963e-24,5.95297,0.98603803,0
194,-0.013125312,-5.4060789e-21,1.5353805e-21,0.18314762,6.0243254,0.98596472,0.050000001,0.74387813,0.40552649,1.875354e-23,6.0243301,0.98596698,0
194,-0.017135805,-8.3547601e-20,1.4287002e-19,0.16089275,6.0956893,0.98589557,0.050000001,0.75682747,0.41746479,5.2288588e-23,6.0956898,0.98589802,0
194,-0.021523416,-3.9589213e-20,7.1268751e-20,0.14122199,6.1670599,0.98582947,0.050000001,0.76876783,0.42862281,1.594617e-23,6.1670599,0.98583102,0
194,-0.026310733,4.0263514e-20,-7.136102e-20,0.12217868,6.2384276,0.98576605,0.050000001,0.77983969,0.43925712,-2.068963e-23,6.23843,0.98576498,0
194,-0.031530522,-4.2303997e-20,7.4667267e-20,0.10094373,6.309792,0.98570096,0.050000001,0.79024833,0.44947273,2.8482735e-23,6.3097901,0.98570001,0
194,-0.037227817,4.5422303e-20,-7.20362e-20,0.074004166,6.3811603,0.98563641,0.050000001,0.80026489,0.45916453,-4.348373e-23,6.3811598,0.985636,0
194,-0.043457437,2.1945828e-19,-3.7659716e-19,0.037485033,6.4525299,0.9855749,0.050000001,0.81021291,0.46796769,-1.9460097e-22,6.4525299,0.98557401,0
194,-0.050281104,-4.5745627e-22,1.9495142e-22,-0.012333195,6.5239019,0.9855144,0.050000001,0.82044739,0.47523862,1.9032705e-24,6.5239,0.98551297,0
194,-0.057759684,-1.7589568e-19,3.10738e-19,-0.078351051,6.5952783,0.98545462,0.050000001,0.83132136,0.48007286,1.835127e-22,6.5952802,0.98545301,0
194,-0.065940082,4.5004949e-20,-7.3715796e-20,-0.16200733,6.6666522,0.98539478,0.050000001,0.84314418,0.48137161,-5.059261e-23,6.6666498,0.985394,0
194,-0.074841231,1.7961293e-19,-3.1494941e-19,-0.26283264,6.7380257,0.98533791,0.050000001,0.85614181,0.47795585,-2.5321387e-22,6.73803,0.98533702,0
194,-0.084435344,4.1824346e-20,-8.4928508e-20,-0.37836984,6.8093996,0.98528183,0.050000001,0.8704254,0.46870467,-6.802701e-23,6.8094001,0.98527998,0
194,-0.094635122,-9.294591e-20,1.5419911e-19,-0.50445259,6.8807778,0.98522455,0.050000001,0.88598013,0.45268995,1.5496361e-22,6.8807802,0.98522502,0
194,-0.10528147,-1.2266932e-19,2.4626542e-19,-0.63573217,6.9521556,0.98516935,0.050000001,0.90266895,0.42928982,2.6108312e-22,6.9521599,0.98517102,0
194,-0.11614288,-9.587729e-20,2.1073163e-19,-0.76644534,7.0235319,0.98511773,0.050000001,0.92025703,0.39825353,2.3506742e-22,7.02353,0.98511797,0
194,-0.12692571,-1.788243e-20,4.3698598e-20,-0.89108706,7.0949097,0.98506641,0.050000001,0.93844402,0.35970923,5.3163728e-23,7.0949101,0.98506498,0
194,-0.13728639,1.8592434e-22,-1.293223e-22,-1.004874,7.1662922,0.98501593,0.050000001,0.95689684,0.31413478,-3.5736977e-26,7.1662898,0.98501402,0
194,-0.14685582,-1.1682688e-20,4.3477844e-20,-1.1039804,7.2376781,0.9849655,0.050000001,0.97527957,0.26229945,6.6010568e-23,7.23768,0.98496401,0
194,-0.15526327,-1.4712441e-20,9.4924481e-20,-1.1854522,7.3090601,0.98491549,0.050000001,0.99326909,0.20520321,1.2887132e-22,7.3090601,0.984914,0
194,-0.16216195,3.3965034e-21,2.9602246e-21,-1.2469766,7.3804421,0.98486626,0.050000001,1.0105731,0.14400664,2.35901e-24,7.3804402,0.98486602,0
194,-0.16725251,7.7164497e-21,-1.4283098e-19,-1.2864398,7.451828,0.98481983,0.050000001,1.0269127,0.080003761,-2.0615334e-22,7.4518299,0.98481899,0
194,-0.17030497,-1.4941143e-21,-1.4614146e-19,-1.3017395,7.52321,0.98477376,0.050000001,1.0420176,0.014620323,-2.2197743e-22,7.52321,0.98477203,0
194,-0.17117849,3.2237959e-21,9.3553223e-20,-1.2908843,7.5945954,0.98472559,0.050000001,1.0556151,-0.050606787,1.4537658e-22,7.5946002,0.98472601,0
194,-0.16983598,-1.3258252e-20,4.2517142e-20,-1.2524223,7.6659818,0.98468071,0.050000001,1.0674025,-0.11403759,8.6546031e-23,7.6659799,0.98468101,0
194,-0.166356,2.7231122e-20,1.4619803e-19,-1.1863344,7.7373676,0.98463875,0.050000001,1.077065,-0.1740063,2.0910384e-22,7.73737,0.98463702,0
194,-0.16093098,5.1212904e-20,2.5303057e-19,-1.094764,7.8087578,0.98459435,0.050000001,1.0843074,-0.22892755,3.3813966e-22,7.8087602,0.98459399,0
194,-0.15385367,-5.0323662e-20,-1.9578573e-19,-0.9822982,7.8801503,0.98455077,0.050000001,1.0888975,-0.27745131,-2.6131286e-22,7.8801498,0.98455203,0
194,-0.14549069,-2.4279295e-20,-1.0285866e-19,-0.85576087,7.9515405,0.98450965,0.050000001,1.0906999,-0.31860775,-1.3146935e-22,7.95154,0.98451,0
194,-0.13921395,2.4440374e-20,6.7139265e-20,-0.76582682,7.999999,0.98448199,0.050000001,1.0900381,-0.34121516,8.1166687e-23,8,0.98448217,0
194,-0.23381633,-5.7724722e-21,-2.2589858e-19,-1.5446967,0.99999899,1.0773923,0.050000001,1.1121936,0.04437663,-3.2410834e-22,1,1.0773892,0
194,-0.23624131,-3.6639484e-20,3.300195e-19,-1.544,1.0346093,1.0771823,0.050000001,1.1137052,0.041935131,8.4914775e-22,1.03461,1.07718,0
194,-0.24213763,8.3489181e-21,-2.4646525e-20,-1.5372739,1.1057462,1.0767946,0.050000001,1.1188871,0.03594999,1.783376e-23,1.10575,1.07679,0
194,-0.24884354,2.2926385e-20,-8.3952727e-19,-1.525404,1.1768968,1.0764433,0.050000001,1.1260712,0.0287308,-1.6464941e-21,1.1769,1.07644,0
194,-0.25621465,4.9485717e-22,-1.0339419e-18,-1.5084783,1.2480547,1.0761198,0.050000001,1.1350956,0.020027369,-2.1563132e-21,1.24806,1.07612,0
194,-0.26407167,-9.9944623e-21,-7.772524e-19,-1.4865775,1.3192191,1.0758134,0.050000001,1.145736,0.0096000209,-1.8168511e-21,1.3192199,1.07581,0
194,-0.27219775,-3.6701427e-22,2.0274375e-20,-1.4595952,1.3903953,1.0755258,0.050000001,1.1577541,-0.0027411007,8.8447724e-24,1.3904001,1.0755301,0
194,-0.28034732,2.9921082e-21,-2.3979229e-19,-1.4273548,1.4615754,1.0752476,0.050000001,1.1708232,-0.017122859,-4.6955414e-22,1.46158,1.07525,0
194,-0.28824547,1.9433138e-20,6.2044993e-19,-1.3896194,1.5327595,1.0749803,0.050000001,1.1845554,-0.033644769,1.5293727e-21,1.53276,1.07498,0
194,-0.295598,3.4018407e-20,1.1252235e-18,-1.3460842,1.6039498,1.0747201,0.050000001,1.1985178,-0.052334655,2.4140959e-21,1.60395,1.07472,0
194,-0.30211651,5.1845432e-20,7.5270256e-19,-1.2964287,1.6751457,1.074468,0.050000001,1.2122532,-0.07313627,1.4086616e-21,1.67515,1.07447,0
194,-0.30751395,-1.738996e-21,2.409453e-19,-1.2403643,1.746346,1.0742224,0.050000001,1.2252752,-0.09591677,4.818737e-22,1.74635,1.0742199,0
194,-0.31151429,-5.8706404e-20,-4.7553367e-19,-1.1776717,1.8175505,1.0739806,0.050000001,1.2370831,-0.12045958,-9.9882645e-22,1.8175499,1.07398,0
194,-0.31387305,5.7685392e-20,4.6229672e-19,-1.1083422,1.8887607,1.0737424,0.050000001,1.2471725,-0.14646035,9.6806516e-22,1.88876,1.07374,0
194,-0.3143867,1.0136031e-19,6.7583096e-19,-1.0325651,1.9599682,1.0735105,0.050000001,1.2550604,-0.17353104,1.5532732e-21,1.95997,1.0735101,0
194,-0.31290546,2.7358546e-19,1.6134032e-18,-0.9510628,2.0311797,1.0732801,0.050000001,1.2603027,-0.20121099,3.654942e-21,2.0311799,1.07328,0
194,-0.30933687,2.4631996e-19,1.4194744e-18,-0.86489391,2.1023996,1.0730557,0.050000001,1.2625207,-0.22898467,3.1018926e-21,2.1024001,1.07306,0
194,-0.30365887,5.5320392e-20,2.395071e-19,-0.77552688,2.1736257,1.0728376,0.050000001,1.261418,-0.25629431,5.549928e-22,2.17363,1.07284,0
194,-0.29592043,1.1026131e-19,4.6126817e-19,-0.68491411,2.2448521,1.0726255,0.050000001,1.256816,-0.28257108,1.0212964e-21,2.2448499,1.07263,0
194,-0.28624198,7.2234395e-21,8.271424e-21,-0.5952211,2.3160861,1.0724159,0.050000001,1.2486511,-0.30727232,6.4610144e-23,2.3160901,1.07242,0
194,-0.27480841,-1.7678872e-19,-6.8252957e-19,-0.50869018,2.3873222,1.072208,0.050000001,1.2370089,-0.32990101,-1.4488707e-21,2.38732,1.07221,0
194,-0.26185709,8.4904056e-21,-2.0972095e-20,-0.42739588,2.4585598,1.0720086,0.050000001,1.2221043,-0.35004622,-5.6375093e-23,2.45856,1.07201,0
194,-0.24766757,6.9860476e-20,2.2875605e-19,-0.35312778,2.5298018,1.07181,0.050000001,1.2042695,-0.36740208,5.3083882e-22,2.5297999,1.07181,0
194,-0.23253883,-1.4072975e-19,-4.3915132e-19,-0.28715125,2.6010501,1.071618,0.050000001,1.1839372,-0.38177878,-7.722976e-22,2.6010499,1.07162,0
194,-0.21677738,7.6974733e-20,1.9878786e-19,-0.23007429,2.6723022,1.0714307,0.050000001,1.16159,-0.39310578,3.4691954e-22,2.6723001,1.07143,0
194,-0.20067669,2.3141406e-19,6.3104942e-19,-0.18197487,2.7435603,1.0712397,0.050000001,1.1377323,-0.40141711,1.0084677e-21,2.7435601,1.0712399,0
194,-0.18450585,7.7030296e-20,2.0725098e-19,-0.14241163,2.8148205,1.0710574,0.050000001,1.1128623,-0.40683439,2.6846434e-22,2.8148201,1.0710599,0
194,-0.16850066,-2.9525061e-21,-9.3674674e-21,-0.11058831,2.8860803,1.0708821,0.050000001,1.0874325,-0.40954661,-7.5484238e-23,2.88608,1.0708801,0
194,-0.15285721,1.4770768e-19,3.8044417e-19,-0.085466318,2.9573417,1.0707105,0.050000001,1.0618305,-0.40978262,4.3419954e-22,2.95734,1.0707099,0
194,-0.1377302,-7.3052275e-20,-1.7852111e-19,-0.065972619,3.0286119,1.0705402,0.050000001,1.0363804,-0.40779385,-1.696604e-22,3.02861,1.07054,0
194,-0.12323625,-1.4764466e-19,-3.7780151e-19,-0.051062286,3.0998883,1.0703717,0.050000001,1.0113364,-0.40383315,-4.2728054e-22,3.09989,1.07037,0
194,-0.10945874,-4.6339215e-21,8.9092611e-21,-0.039794471,3.1711645,1.0702101,0.050000001,0.98687965,-0.39814195,2.8368353e-23,3.17116,1.07021,0
194,-0.09644746,-7.7230157e-20,-1.7996591e-19,-0.03137527,3.2424397,1.0700504,0.050000001,0.96313131,-0.39094537,-1.7352177e-22,3.24244,1.07005,0
194,-0.084227629,-6.7044514e-20,-1.7194514e-19,-0.025133759,3.3137193,1.0698894,0.050000001,0.94016755,-0.38244298,-1.3258981e-22,3.31372,1.06989,0
194,-0.07280425,-1.2829425e-19,-3.4611954e-19,-0.020566141,3.38501,1.0697351,0.050000001,0.9180209,-0.37280494,-2.265087e-22,3.38501,1.0697401,0
194,-0.062167563,-1.9641238e-19,-4.9898331e-19,-0.017280256,3.4563003,1.0695895,0.050000001,0.89669526,-0.36217782,-2.7774866e-22,3.4563,1.06959,0
194,-0.052295532,1.2606262e-19,3.1948843e-19,-0.014984526,3.52759,1.0694488,0.050000001,0.87617064,-0.35067979,1.5106943e-22,3.52759,1.06945,0
194,-0.043158635,3.8009774e-19,9.6153925e-19,-0.013480185,3.5988822,1.0693018,0.050000001,0.85640711,-0.3384079,4.542144e-22,3.5988801,1.0693001,0
194,-0.034720995,1.7568838e-19,4.7033097e-19,-0.012676626,3.6701779,1.0691618,0.050000001,0.83735913,-0.32543078,1.6133962e-22,3.6701801,1.06916,0
194,-0.026945781,1.0957125e-19,3.046423e-19,-0.01251553,3.7414775,1.0690261,0.050000001,0.8189711,-0.31180358,7.1595507e-23,3.7414801,1.06903,0
194,-0.01979523,2.1256034e-19,5.8547146e-19,-0.013063663,3.8127818,1.0688895,0.050000001,0.80118144,-0.29756638,1.0028097e-22,3.8127799,1.06889,0
194,-0.013231971,1.497926e-19,4.3695945e-19,-0.014513558,3.8840897,1.0687599,0.050000001,0.78392619,-0.28274593,4.5493277e-23,3.8840899,1.06876,0
194,-0.0072219372,-1.0238297e-19,-2.8830969e-19,-0.017331891,3.9553998,1.0686296,0.050000001,0.76713312,-0.26737145,-3.4766173e-23,3.9554,1.06863,0
194,-0.001734524,-9.2950382e-20,-2.8889443e-19,-0.022528285,4.0267096,1.0685059,0.050000001,0.75071299,-0.25148916,-9.4833513e-24,4.02671,1.0685101,0
194,0.0032552378,-8.8058927e-23,-6.6337365e-23,-0.032104563,4.098022,1.0683814,0.050000001,0.73453081,-0.23519962,0,4.0980201,1.06838,0
194,0.0077660424,1.5952894e-23,-7.5840444e-23,-0.049266726,4.1693406,1.0682615,0.050000001,0.71837115,-0.21870558,0,4.1693401,1.06826,0
194,0.011805213,-1.8308381e-20,-6.2320485e-20,-0.077755302,4.2406578,1.0681485,0.050000001,0.70188683,-0.20236801,1.0813193e-23,4.2406602,1.06815,0
194,0.015367928,-2.6554929e-23,4.854296e-23,-0.11999828,4.3119779,1.0680299,0.050000001,0.68459404,-0.18668988,4.690523e-27,4.3119798,1.06803,0
194,0.018437646,-3.1419399e-21,1.0572398e-20,-0.17423813,4.3833022,1.0679154,0.050000001,0.66596776,-0.17218679,-9.0302564e-24,4.3832998,1.06792,0
194,0.020987153,1.7413619e-20,1.2857357e-19,-0.23221216,4.4546256,1.0678078,0.050000001,0.6456387,-0.15915269,-6.169235e-23,4.4546299,1.0678101,0
194,0.022986583,2.1632557e-20,1.2694975e-19,-0.27942884,4.5259495,1.0676974,0.050000001,0.62366658,-0.14738509,-5.2540162e-23,4.52595,1.0677,0
194,0.024416225,-3.1776705e-20,-1.0140688e-19,-0.29905406,4.59728,1.0675894,0.050000001,0.60074371,-0.13601749,2.263687e-23,4.59728,1.06759,0
194,0.025278594,-2.0305295e-21,3.8422471e-21,-0.27796021,4.6686144,1.0674902,0.050000001,0.5782038,-0.12360995,-6.4417502e-24,4.6686101,1.06749,0
194,0.025607537,9.8856767e-21,5.8618018e-20,-0.21221228,4.7399507,1.0673904,0.050000001,0.55777538,-0.10849192,-3.2529702e-23,4.7399502,1.06739,0
194,0.025471155,5.5101045e-21,5.3179296e-20,-0.1090317,4.8112817,1.0672902,0.050000001,0.54118758,-0.089230247,-2.7583118e-23,4.8112798,1.0672899,0
194,0.024962952,4.9477732e-21,-3.2098316e-21,0.015931442,4.8826199,1.0671921,0.050000001,0.52975547,-0.065025941,1.1212422e-23,4.8826199,1.0671901,0
194,0.024185663,-1.2490422e-21,-5.0520725e-20,0.14400449,4.9539623,1.0671003,0.050000001,0.52414197,-0.035891142,2.7532328e-23,4.9539599,1.0671,0
194,0.023231417,-1.8143625e-22,5.0764203e-20,0.25894722,5.0253043,1.0670085,0.050000001,0.52432412,-0.0025633185,-2.7889628e-23,5.0253,1.06701,0
194,0.022168001,-1.8112277e-21,1.0457727e-21,0.35032627,5.0966482,1.0669113,0.050000001,0.52974844,0.03374926,-4.0724215e-24,5.0966501,1.06691,0
194,0.021032749,2.856802e-20,-2.0091164e-19,0.41401604,5.1679897,1.0668262,0.050000001,0.53955501,0.071658835,6.2816186e-23,5.1679902,1.06683,0
194,0.019829653,4.1366462e-20,-2.0380421e-19,0.45090643,5.2393351,1.0667408,0.050000001,0.55278069,0.1098499,5.4963953e-23,5.2393398,1.06674,0
194,0.018540826,1.7499061e-20,-5.3026155e-20,0.46481222,5.310688,1.0666496,0.050000001,0.56850928,0.14720689,7.5219086e-24,5.3106899,1.06665,0
194,0.017133672,-3.0187837e-20,1.0969464e-19,0.46066222,5.38204,1.0665677,0.050000001,0.58593762,0.18287568,-4.2926895e-23,5.38204,1.06657,0
194,0.015567893,-5.4265484e-20,1.6672753e-19,0.4433313,5.4533925,1.0664878,0.050000001,0.60439539,0.21626516,-5.0758523e-23,5.4533901,1.0664901,0
194,0.013803458,-1.9945795e-20,5.6873217e-20,0.4170838,5.5247445,1.0664079,0.050000001,0.62334031,0.24701197,-1.9158008e-23,5.5247402,1.0664099,0
194,0.011804725,-5.3851752e-20,1.2181696e-19,0.38542557,5.5960979,1.0663304,0.050000001,0.64234084,0.27494693,-2.0183612e-23,5.5960999,1.06633,0
194,0.009542889,-8.2986436e-20,1.8574578e-19,0.35113156,5.6674519,1.0662525,0.050000001,0.66105461,0.3000547,-3.1344189e-23,5.66745,1.06625,0
194,0.0069960197,-2.7554236e-20,6.4202308e-20,0.31632444,5.7388101,1.0661784,0.050000001,0.67921847,0.32244986,-1.915756e-23,5.7388101,1.06618,0
194,0.0041479906,-3.2478142e-20,6.6571263e-20,0.28261703,5.8101697,1.0661043,0.050000001,0.69663644,0.34234294,-5.8770634e-24,5.8101702,1.0661,0
194,0.00098828285,-7.1448507e-20,1.3470612e-19,0.25112918,5.8815293,1.0660298,0.050000001,0.7131722,0.36001533,1.1477917e-23,5.8815298,1.06603,0
194,-0.0024918162,-3.8455488e-20,6.997095e-20,0.22247241,5.9528918,1.0659552,0.050000001,0.72874516,0.37579918,1.2480489e-23,5.9528899,1.06596,0
194,-0.0063008759,3.5390057e-20,-6.817907e-20,0.19675197,6.0242558,1.0658875,0.050000001,0.74333191,0.39004549,-3.9448654e-24,6.02426,1.06589,0
194,-0.01044955,-1.5902886e-21,6.0712008e-22,0.17345457,6.0956197,1.0658199,0.050000001,0.75696552,0.4030906,4.4411122e-24,6.0956202,1.06582,0
194,-0.014954486,2.0485936e-21,-1.3968729e-21,0.15137491,6.1669879,1.0657519,0.050000001,0.76974016,0.41522026,-8.3386392e-24,6.1669898,1.06575,0
194,-0.019839736,4.0432365e-20,-7.2297589e-20,0.1285641,6.2383561,1.0656899,0.050000001,0.78181428,0.42661923,-1.9899128e-23,6.2383599,1.06569,0
194,-0.02513985,-8.1998815e-20,1.4808371e-19,0.1023512,6.3097219,1.0656283,0.050000001,0.79341185,0.43732083,4.6278983e-23,6.30972,1.06563,0
194,-0.03090133,-1.6680716e-19,3.0139416e-19,0.069564328,6.3810897,1.0655618,0.050000001,0.80481684,0.4471581,1.1333616e-22,6.3810902,1.06556,0
194,-0.037178904,4.575989e-20,-7.3311822e-20,0.026864018,6.4524622,1.0654994,0.050000001,0.8163566,0.45572448,-3.9112904e-23,6.4524598,1.0655,0
194,-0.044033345,8.5892936e-20,-1.4951761e-19,-0.028794395,6.523838,1.0654397,0.050000001,0.82837504,0.46236974,-6.0755928e-23,6.52384,1.0654401,0
194,-0.051521745,-4.6948128e-20,7.7792789e-20,-0.099576354,6.5952101,1.0653822,0.050000001,0.8411957,0.46622467,5.7758288e-23,6.5952101,1.06538,0
194,-0.059686683,2.4752461e-20,-3.488946e-20,-0.18626297,6.666584,1.0653242,0.050000001,0.8550877,0.4662708,-2.0343751e-23,6.6665802,1.06532,0
194,-0.068541244,-1.1310451e-20,4.9319255e-20,-0.28798777,6.7379622,1.0652683,0.050000001,0.87022537,0.46144593,3.0340307e-23,6.7379599,1.0652699,0
194,-0.078052148,4.3025842e-20,-8.1481743e-20,-0.40216056,6.8093381,1.0652117,0.050000001,0.88666445,0.45076543,-7.5250388e-23,6.80934,1.06521,0
194,-0.088125773,1.0853861e-21,-1.5383974e-22,-0.52478117,6.8807116,1.0651559,0.050000001,0.90433747,0.43343812,1.5057472e-23,6.8807101,1.06516,0
194,-0.098602377,-1.0354977e-19,2.072787e-19,-0.65094966,6.9520898,1.0650991,0.050000001,0.92306167,0.40896127,2.0514499e-22,6.9520898,1.0651,0
194,-0.10925143,-5.2929429e-20,1.323724e-19,-0.77545172,7.0234694,1.0650499,0.050000001,0.94256884,0.37716714,1.4854112e-22,7.0234699,1.06505,0
194,-0.11978318,3.0054485e-22,1.2737526e-21,-0.89336842,7.0948501,1.0650003,0.050000001,0.96252823,0.3382372,-1.2841428e-25,7.0948501,1.0650001,0
194,-0.12986211,2.1923776e-20,-4.047746e-20,-1.0004143,7.1662297,1.0649507,0.050000001,0.98258531,0.29266626,-4.3266077e-23,7.1662302,1.06495,0
194,-0.13912983,1.2758453e-20,-4.5796199e-20,-1.0930709,7.2376118,1.0649004,0.050000001,1.0023891,0.24121302,-5.9482744e-23,7.2376099,1.0649,0
194,-0.147227,-4.4810399e-22,4.6480361e-20,-1.1684697,7.3089976,1.06485,0.050000001,1.0216026,0.18484668,8.5977887e-23,7.309,1.06485,0
194,-0.15381771,-8.1719887e-21,4.8604974e-20,-1.2241192,7.3803816,1.0648021,0.050000001,1.0399147,0.1247099,6.6424644e-23,7.3803802,1.0648,0
194,-0.1586149,1.1462819e-20,-1.4577554e-19,-1.2576267,7.4517679,1.0647583,0.050000001,1.0570205,0.062084481,-2.0040041e-22,7.4517698,1.06476,0
194,-0.1614017,1.6460043e-21,9.6654562e-20,-1.2665594,7.5231495,1.06471,0.050000001,1.0726099,-0.0015970092,1.3451578e-22,7.52315,1.06471,0
194,-0.16205163,2.4160764e-21,1.5232044e-19,-1.2486624,7.5945377,1.0646613,0.050000001,1.086367,-0.064781934,2.0248523e-22,7.5945401,1.06466,0
194,-0.16054426,-3.4558834e-20,-2.0397205e-19,-1.2026693,7.6659279,1.0646197,0.050000001,1.0979424,-0.12581402,-2.6139011e-22,7.6659298,1.06462,0
194,-0.15697666,-2.7647811e-21,-3.2071594e-21,-1.1292267,7.7373118,1.0645784,0.050000001,1.1069927,-0.18303095,-4.7443037e-25,7.7373099,1.06458,0
194,-0.15155759,2.007948e-20,1.5586215e-19,-1.0313802,7.8087001,1.0645319,0.050000001,1.1132221,-0.23490958,1.9546358e-22,7.8087001,1.06453,0
194,-0.14459109,-2.4030153e-20,-9.9210285e-20,-0.91469717,7.8800921,1.0644896,0.050000001,1.1164297,-0.28020951,-1.276614e-22,7.8800902,1.06449,0
194,-0.13644636,-1.3095045e-20,-5.1493056e-20,-0.78678262,7.9514847,1.0644498,0.050000001,1.1165547,-0.31811401,-6.2189269e-23,7.9514799,1.06445,0
194,-0.13037728,-4.540961e-21,-1.6379504e-20,-0.69792855,8.0000029,1.0644228,0.050000001,1.1146196,-0.33863747,-1.9922531e-23,8,1.0644228,0
194,-0.22876097,2.760114e-20,-6.4813939e-19,-1.0243537,0.99999946,1.1570672,0.050000001,1.2069772,0.040813226,-1.1728736e-21,1,1.1570636,0
194,-0.23090884,2.6576777e-20,-8.860798e-19,-1.0303452,1.0343703,1.1568803,0.050000001,1.2083954,0.037498988,-1.5346903e-21,1.0343699,1.15688,0
194,-0.23605357,-4.4707997e-21,-2.7867356e-20,-1.0375242,1.1055223,1.1565226,0.050000001,1.2126648,0.029718021,-2.3936059e-23,1.10552,1.15652,0
194,-0.24179721,1.4556343e-20,5.3815382e-20,-1.0391903,1.1766874,1.1561928,0.050000001,1.2182024,0.0208105,-6.3692036e-23,1.17669,1.15619,0
194,-0.24800335,2.7386664e-20,-3.7551112e-19,-1.03523,1.2478509,1.1558896,0.050000001,1.224861,0.010585115,-9.2769336e-22,1.2478499,1.15589,0
194,-0.25451368,2.4227637e-20,-3.8673328e-19,-1.0255579,1.3190247,1.1555996,0.050000001,1.232456,-0.0011187893,-9.4572078e-22,1.31903,1.1556,0
194,-0.2611489,1.8231854e-20,5.1454398e-19,-1.0099673,1.3902098,1.1553198,0.050000001,1.240791,-0.014415796,7.6103494e-22,1.39021,1.15532,0
194,-0.26769251,2.8048241e-20,7.4090464e-19,-0.98834765,1.4613976,1.1550518,0.050000001,1.2495779,-0.029397683,1.2231342e-21,1.4614,1.15505,0
194,-0.27389273,-1.3155345e-20,4.0631658e-20,-0.96071029,1.5325854,1.1547921,0.050000001,1.258478,-0.046114087,-9.5394822e-23,1.53259,1.15479,0
194,-0.27950522,-2.6665631e-20,-1.8547632e-19,-0.92709047,1.6037773,1.1545383,0.050000001,1.2671362,-0.064542852,-5.889734e-22,1.60378,1.1545399,0
194,-0.28429836,-1.6236759e-20,3.4047439e-20,-0.88754427,1.6749774,1.1542902,0.050000001,1.2751733,-0.084596321,-1.1212461e-22,1.67498,1.15429,0
194,-0.28803706,1.9488579e-21,1.7694072e-20,-0.84228247,1.746182,1.1540506,0.050000001,1.2821983,-0.10612307,-6.0358512e-23,1.7461801,1.15405,0
194,-0.29050323,1.8915619e-20,5.1727558e-21,-0.79167539,1.81739,1.1538128,0.050000001,1.2878082,-0.12890427,-7.4487541e-23,1.81739,1.15381,0
194,-0.29150811,5.3240634e-20,4.8170098e-19,-0.73623633,1.8886025,1.153581,0.050000001,1.291616,-0.15265366,8.8986842e-22,1.8886,1.15358,0
194,-0.29090205,1.5870965e-21,2.4226285e-19,-0.67676991,1.9598185,1.1533506,0.050000001,1.2932609,-0.17702562,4.3403238e-22,1.95982,1.15335,0
194,-0.28858027,3.8471104e-20,4.4622827e-19,-0.61428541,2.0310342,1.1531221,0.050000001,1.2924408,-0.20162448,1.1082258e-21,2.0310299,1.15312,0
194,-0.28448766,1.7838354e-19,1.1962539e-18,-0.54998583,2.1022558,1.1529,0.050000001,1.2889185,-0.2260237,2.3982034e-21,2.1022601,1.1529,0
194,-0.27862629,8.3182471e-20,4.9691774e-19,-0.48527288,2.17348,1.1526858,0.050000001,1.2825339,-0.24977536,8.1444211e-22,2.17348,1.1526901,0
194,-0.27105588,4.5924454e-20,2.3662517e-19,-0.42164299,2.2447121,1.1524761,0.050000001,1.2732341,-0.2724402,4.049139e-22,2.24471,1.15248,0
194,-0.26188853,1.0787912e-19,4.6757211e-19,-0.36062902,2.3159504,1.1522681,0.050000001,1.2610617,-0.29360807,7.9475911e-22,2.3159499,1.15227,0
194,-0.25128341,1.1614302e-19,4.681379e-19,-0.30354169,2.3871858,1.1520617,0.050000001,1.2461667,-0.31291503,7.5914556e-22,2.3871901,1.15206,0
194,-0.23943794,-1.2355928e-20,1.3536807e-20,-0.25147724,2.4584258,1.1518618,0.050000001,1.2287894,-0.33006442,-4.8107452e-23,2.4584301,1.15186,0
194,-0.22657683,-6.8029402e-20,-2.2463871e-19,-0.20522594,2.52967,1.1516678,0.050000001,1.2092474,-0.34484285,-4.2333634e-22,2.52967,1.15167,0
194,-0.21294037,-6.2155056e-20,-2.2154699e-19,-0.16514435,2.6009176,1.1514778,0.050000001,1.1879125,-0.35712197,-3.4295992e-22,2.60092,1.15148,0
194,-0.19877106,6.3714078e-20,2.0735059e-19,-0.13122003,2.6721759,1.1512922,0.050000001,1.1651773,-0.36685416,2.9157152e-22,2.6721799,1.1512901,0
194,-0.1843026,1.2674903e-19,4.3345096e-19,-0.10320193,2.7434347,1.1511083,0.050000001,1.1414429,-0.37406352,6.3541299e-22,2.7434299,1.1511101,0
194,-0.16974939,-4.2291523e-21,3.0664791e-21,-0.080514155,2.8146944,1.1509283,0.050000001,1.1170855,-0.37883988,-2.4572123e-23,2.8146901,1.15093,0
194,-0.15530123,-7.1415252e-22,-3.15136e-21,-0.062469956,2.885956,1.1507523,0.050000001,1.092445,-0.38131738,-4.9281778e-23,2.8859601,1.15075,0
194,-0.14112039,-1.47605e-19,-3.9635194e-19,-0.048414122,2.957217,1.1505803,0.050000001,1.067813,-0.38165849,-4.9361841e-22,2.9572201,1.15058,0
194,-0.12733689,-1.5529575e-19,-3.9420913e-19,-0.03757412,3.0284896,1.1504099,0.050000001,1.0434279,-0.3800464,-4.9491508e-22,3.0284901,1.1504101,0
194,-0.11405277,1.3875527e-19,3.7343971e-19,-0.029263936,3.0997705,1.1502463,0.050000001,1.0194777,-0.37666845,3.6149567e-22,3.0997701,1.15025,0
194,-0.10134463,7.607878e-20,1.9948793e-19,-0.023030713,3.1710508,1.150084,0.050000001,0.99610096,-0.37170696,2.3648679e-22,3.1710501,1.15008,0
194,-0.089262091,-1.3371678e-19,-3.5531031e-19,-0.018397475,3.2423282,1.1499286,0.050000001,0.97339439,-0.3653318,-2.596348e-22,3.2423301,1.14993,0
194,-0.077835433,2.0567581e-19,5.2348389e-19,-0.014951246,3.3136077,1.1497698,0.050000001,0.95141339,-0.35770351,3.9307662e-22,3.3136101,1.14977,0
194,-0.067076795,1.4005248e-19,3.6653099e-19,-0.012446261,3.3848979,1.1496155,0.050000001,0.93018794,-0.3489565,2.9505758e-22,3.3849001,1.1496201,0
194,-0.056985974,-2.4830357e-19,-6.6510186e-19,-0.010640068,3.4561882,1.1494697,0.050000001,0.90972322,-0.33921245,-3.4623862e-22,3.4561901,1.14947,0
194,-0.047551535,6.4912197e-20,1.6043469e-19,-0.0093883071,3.527478,1.1493305,0.050000001,0.89000815,-0.32857049,9.4945904e-23,3.5274799,1.14933,0
194,-0.038754422,1.8383056e-19,4.9335006e-19,-0.0086107757,3.5987742,1.1491883,0.050000001,0.8710165,-0.31711209,2.3866576e-22,3.5987699,1.1491899,0
194,-0.030569714,-1.1325014e-19,-3.0900989e-19,-0.0082271909,3.6700699,1.1490482,0.050000001,0.85271358,-0.30490097,-8.6766104e-23,3.6700699,1.14905,0
194,-0.022970296,4.3035432e-20,1.525764e-19,-0.008227339,3.7413697,1.148912,0.050000001,0.83506066,-0.2919856,5.1670815e-24,3.74137,1.14891,0
194,-0.015926566,5.0981981e-20,1.6280266e-19,-0.0086648371,3.8126776,1.1487777,0.050000001,0.81801593,-0.27839854,4.0497462e-23,3.81268,1.14878,0
194,-0.009409965,-1.5538509e-19,-4.4768897e-19,-0.009648052,3.8839879,1.148648,0.050000001,0.8015337,-0.26416567,-7.0694237e-23,3.88399,1.1486501,0
194,-0.0033926778,-1.4053335e-19,-4.3652415e-19,-0.01144656,3.9552982,1.1485198,0.050000001,0.78556573,-0.2493068,-2.1460619e-23,3.9553001,1.14852,0
194,0.0021509361,-4.8023971e-20,-1.4453455e-19,-0.014615079,4.026608,1.1483955,0.050000001,0.77005625,-0.23384514,-8.665495e-24,4.0266099,1.1483999,0
194,0.0072428808,4.204972e-20,1.447062e-19,-0.020330722,4.0979218,1.1482757,0.050000001,0.75492758,-0.21782883,-6.577312e-24,4.0979199,1.14828,0
194,0.01190039,-9.7426392e-23,-4.5903968e-23,-0.030709911,4.16924,1.1481557,0.050000001,0.74005395,-0.20136586,0,4.16924,1.14816,0
194,0.016133245,-5.0856164e-22,8.4970782e-25,-0.048956763,4.2405601,1.1480397,0.050000001,0.72522074,-0.18467376,0,4.2405601,1.1480401,0
194,0.019942647,2.2336219e-22,-2.3555523e-22,-0.07859946,4.3118796,1.1479282,0.050000001,0.71008444,-0.16811247,0,4.3118801,1.14793,0
194,0.023319157,-3.05888e-20,-1.2178523e-19,-0.12165733,4.3832021,1.1478137,0.050000001,0.69417673,-0.15216066,3.3552719e-23,4.3832002,1.14781,0
194,0.026243091,-9.6151345e-21,8.4265802e-21,-0.17609386,4.4545279,1.1477083,0.050000001,0.67700332,-0.13728967,-2.02703e-23,4.4545298,1.14771,0
194,0.028685747,1.49613e-20,1.3664473e-19,-0.2339541,4.5258574,1.1475978,0.050000001,0.65822917,-0.1237593,-6.6229581e-23,4.5258598,1.1476001,0
194,0.030618912,-2.5710076e-20,-1.1027167e-19,-0.28189456,4.5971904,1.1474893,0.050000001,0.63793159,-0.11137511,4.1036601e-23,4.5971899,1.14749,0
194,0.032022461,-1.1209067e-20,-5.754205e-20,-0.3046127,4.6685224,1.14739,0.050000001,0.61676461,-0.099374942,2.3545116e-23,4.66852,1.14739,0
194,0.032894619,-1.1902223e-20,-1.0595532e-19,-0.29018497,4.7398582,1.14729,0.050000001,0.5959515,-0.086518161,5.6624082e-23,4.7398601,1.14729,0
194,0.03326074,-1.8564164e-20,-1.6222689e-19,-0.23481189,4.811192,1.1471893,0.050000001,0.57708317,-0.071376912,8.6270883e-23,4.8111901,1.14719,0
194,0.033172939,3.0907083e-22,1.2401125e-20,-0.14435394,4.8825297,1.1470958,0.050000001,0.56174701,-0.052730806,-1.9773823e-23,4.8825302,1.1471,0
194,0.032702904,-9.6986301e-22,-4.3067999e-20,-0.032207746,4.9538722,1.1470038,0.050000001,0.55117053,-0.029901948,9.6629434e-24,4.9538698,1.147,0
194,0.031931397,3.3037747e-21,-1.0450388e-19,0.085134849,5.025218,1.146912,0.050000001,0.54600722,-0.0028920176,5.9274769e-23,5.0252199,1.14691,0
194,0.030931391,4.4917749e-21,-5.2508666e-20,0.19292043,5.0965624,1.1468195,0.050000001,0.54628628,0.027674178,3.2251079e-23,5.09656,1.1468199,0
194,0.029757604,7.3232465e-21,-5.4228901e-20,0.2810936,5.1679082,1.1467315,0.050000001,0.55153894,0.06076552,3.3845768e-23,5.1679101,1.1467299,0
194,0.028439984,-6.016276e-21,-7.4812524e-22,0.34504384,5.239254,1.1466483,0.050000001,0.5609861,0.095187418,1.4915197e-23,5.2392502,1.14665,0
194,0.026984422,3.147726e-21,-1.5234277e-21,0.38477227,5.3106041,1.1465595,0.050000001,0.57373083,0.12979431,-1.1214193e-24,5.3105998,1.14656,0
194,0.025380019,1.8985252e-20,-5.2789891e-20,0.40314257,5.3819542,1.1464775,0.050000001,0.58889449,0.16361164,1.9619886e-24,5.3819499,1.14648,0
194,0.023603663,4.2581457e-21,8.5270346e-22,0.40434235,5.4533081,1.1463997,0.050000001,0.60569137,0.19589865,-1.3140102e-23,5.45331,1.1464,0
194,0.021628115,-4.4579481e-20,1.1790452e-19,0.39278686,5.524662,1.1463223,0.050000001,0.62346148,0.22614484,-3.4291222e-23,5.5246601,1.14632,0
194,0.019426288,-4.0783184e-20,1.1751247e-19,0.37249511,5.5960178,1.1462442,0.050000001,0.64167231,0.25405392,-4.6534614e-23,5.5960202,1.14624,0
194,0.016975172,-2.0866532e-20,6.1849354e-20,0.34683031,5.6673722,1.1461678,0.050000001,0.65990359,0.27950358,-3.1293336e-23,5.6673698,1.14617,0
194,0.014255669,-2.1485003e-20,6.173625e-20,0.31841934,5.73873,1.1460919,0.050000001,0.677836,0.30252022,-3.0806659e-23,5.73873,1.14609,0
194,0.0112543,3.6094184e-20,-6.5854808e-20,0.28923595,5.8100896,1.1460201,0.050000001,0.6952334,0.32323399,-9.5565907e-24,5.8100901,1.1460201,0
194,0.0079607926,3.2366401e-20,-6.5548926e-20,0.2606315,5.881453,1.1459478,0.050000001,0.71193445,0.34185725,2.2225393e-24,5.8814602,1.14595,0
194,0.0043670754,-1.7969384e-22,4.5399286e-23,0.23334037,5.9528174,1.1458777,0.050000001,0.72784328,0.35865206,0,5.9528198,1.14588,0
194,0.00046390991,-3.3849979e-20,6.972171e-20,0.20749374,6.0241823,1.14581,0.050000001,0.74293226,0.37390253,-4.2340157e-24,6.0241799,1.14581,0
194,-0.0037606629,-3.3868135e-20,6.9591875e-20,0.18260884,6.0955477,1.1457419,0.050000001,0.75723988,0.38787523,-4.2297274e-24,6.0955501,1.14574,0
194,-0.0083240056,3.9629876e-23,-2.9657996e-23,0.15750483,6.1669116,1.1456785,0.050000001,0.77086902,0.40078101,0,6.1669102,1.14568,0
194,-0.013252888,1.1203006e-22,-8.609686e-23,0.13035697,6.2382798,1.1456118,0.050000001,0.78399181,0.41273341,0,6.2382798,1.14561,0
194,-0.018582618,-3.8771477e-20,7.4536321e-20,0.098787196,6.3096495,1.14555,0.050000001,0.79684335,0.42369568,1.2275615e-23,6.3096499,1.14555,0
194,-0.024359839,-1.2002392e-19,2.26966e-19,0.060039874,6.3810196,1.145488,0.050000001,0.80970943,0.43344834,5.7882423e-23,6.3810201,1.1454901,0
194,-0.030639356,-1.2092649e-19,2.3180607e-19,0.011363014,6.4523921,1.1454258,0.050000001,0.8229084,0.44155997,7.4003086e-23,6.4523902,1.14543,0
194,-0.037479494,3.0592602e-21,3.8079393e-21,-0.049598888,6.5237679,1.1453657,0.050000001,0.83676189,0.44738927,-5.0143675e-24,6.5237699,1.14537,0
194,-0.044932932,8.5061722e-20,-1.5482369e-19,-0.12433958,6.5951419,1.1453078,0.050000001,0.85155714,0.45011827,-7.3616127e-23,6.59514,1.14531,0
194,-0.053036552,8.0395907e-22,1.4376553e-21,-0.21309349,6.6665182,1.1452522,0.050000001,0.86751634,0.44882011,1.4032043e-23,6.6665201,1.14525,0
194,-0.061795529,-8.0119577e-20,1.6768423e-19,-0.31468216,6.7378945,1.1451962,0.050000001,0.88475859,0.44255456,1.1841079e-22,6.7378898,1.1452,0
194,-0.071170643,5.0550574e-21,5.7682907e-21,-0.42649886,6.8092699,1.1451392,0.050000001,0.90328956,0.4304713,1.0170684e-23,6.8092699,1.1451401,0
194,-0.081063136,8.6239613e-21,7.9356501e-21,-0.5447939,6.8806477,1.1450855,0.050000001,0.92299467,0.41190839,3.3434383e-23,6.88065,1.14509,0
194,-0.091310352,3.5933511e-20,-8.6489895e-20,-0.66512567,6.9520307,1.1450293,0.050000001,0.94365066,0.38647389,-6.4377544e-23,6.9520302,1.14503,0
194,-0.10168338,1.2037484e-20,6.8390275e-21,-0.78284371,7.0234079,1.14498,0.050000001,0.96496058,0.35407591,3.4313846e-23,7.0234098,1.14498,0
194,-0.11189829,-2.3204924e-20,9.5513085e-20,-0.89358306,7.0947881,1.1449298,0.050000001,0.98657197,0.31493735,9.7615983e-23,7.09479,1.14493,0
194,-0.12162901,3.6810936e-20,-8.7930081e-20,-0.99346209,7.1661701,1.1448798,0.050000001,1.0081161,0.26956272,-7.4004518e-23,7.1661701,1.1448801,0
194,-0.13052788,1.524275e-20,-4.5188454e-20,-1.0791662,7.2375493,1.14483,0.050000001,1.0292275,0.21869978,-4.5484732e-23,7.2375498,1.14483,0
194,-0.13824861,1.301429e-20,-4.513637e-20,-1.147835,7.3089356,1.1447817,0.050000001,1.0495524,0.16329664,-6.0444984e-23,7.3089399,1.14478,0
194,-0.14447014,-8.7092787e-23,4.9461897e-22,-1.196689,7.3803196,1.1447381,0.050000001,1.0687528,0.10448028,0,7.3803201,1.14474,0
194,-0.14892207,-4.2503588e-22,-1.009198e-19,-1.2229722,7.4517059,1.1446919,0.050000001,1.086485,0.043534774,-1.3102075e-22,7.4517102,1.14469,0
194,-0.15140389,-5.3249712e-22,-2.7379254e-21,-1.2239439,7.5230918,1.1446456,0.050000001,1.1023976,-0.018094677,-2.1801332e-25,7.5230899,1.14465,0
194,-0.15180926,1.4318128e-20,2.0693897e-19,-1.1973693,7.59448,1.1445997,0.050000001,1.1161124,-0.078830741,2.5141926e-22,7.59448,1.1446,0
194,-0.15013844,2.3556646e-21,5.9480102e-21,-1.1425536,7.6658678,1.1445577,0.050000001,1.1272376,-0.13701509,-9.0311731e-24,7.6658702,1.14456,0
194,-0.14650984,-3.7082239e-20,-2.1319969e-19,-1.0610219,7.7372556,1.1445135,0.050000001,1.1354153,-0.19102478,-2.3309618e-22,7.7372599,1.14452,0
194,-0.14114992,-2.6197363e-21,-4.1503056e-21,-0.95700866,7.8086414,1.1444695,0.050000001,1.1403697,-0.23942953,9.2107013e-24,7.80864,1.14447,0
194,-0.13436936,-5.8607665e-21,1.8734544e-22,-0.83718878,7.8800316,1.14443,0.050000001,1.1419648,-0.28114852,1.1908954e-23,7.8800302,1.14443,0
194,-0.12653345,4.1144425e-22,-5.3708614e-22,-0.70969516,7.9514284,1.14439,0.050000001,1.1402373,-0.31555405,1.4184097e-26,7.9514298,1.14439,0
194,-0.12074204,2.0352175e-20,7.3265183e-20,-0.62341797,7.9999981,1.1443628,0.050000001,1.1369563,-0.33390096,6.8317513e-23,8,1.1443628,0
194,-0.22174887,-1.7854128e-21,2.0206456e-19,-0.58830965,0.99999791,1.2367307,0.050000001,1.2598706,0.037022389,3.7658448e-22,1,1.2367278,0
194,-0.22360712,8.7760293e-21,-1.1636372e-20,-0.59544253,1.0341164,1.2365621,0.050000001,1.2614613,0.033194695,-1.5939968e-23,1.03412,1.23656,0
194,-0.22799303,-2.1317563e-21,8.543232e-21,-0.60653096,1.1052804,1.2362368,0.050000001,1.2655369,0.024355022,-2.9906115e-23,1.10528,1.23624,0
194,-0.23279971,-2.4516431e-20,4.2878758e-19,-0.61345065,1.1764551,1.2359287,0.050000001,1.2702765,0.014501974,8.1170642e-22,1.17646,1.23593,0
194,-0.23791231,-7.1816136e-21,4.5289514e-19,-0.61598766,1.2476311,1.2356412,0.050000001,1.2755588,0.0034929346,8.5898223e-22,1.24763,1.23564,0
194,-0.24319465,-6.8955416e-21,-1.694949e-21,-0.6139791,1.3188149,1.235368,0.050000001,1.281237,-0.0087674968,-6.5127741e-24,1.31882,1.23537,0
194,-0.2484892,-1.4811648e-20,-2.5779302e-21,-0.60723257,1.3900076,1.2350975,0.050000001,1.2871041,-0.022355411,1.7188935e-23,1.39001,1.2351,0
194,-0.25360012,-5.3225143e-21,4.8994699e-19,-0.59566748,1.461202,1.2348378,0.050000001,1.2929065,-0.037340313,7.9170691e-22,1.4612,1.23484,0
194,-0.25832114,-1.276507e-20,-2.236808e-19,-0.5792585,1.5323979,1.234588,0.050000001,1.2983841,-0.053722456,-4.4779441e-22,1.5324,1.2345901,0
194,-0.26246607,-4.1266057e-20,-7.0371351e-19,-0.55816752,1.6035955,1.2343422,0.050000001,1.3032588,-0.071443491,-1.3998673e-21,1.6036,1.23434,0
194,-0.26584291,-9.394444e-20,-1.2091009e-18,-0.53258121,1.6747975,1.2341006,0.050000001,1.3072289,-0.090400644,-2.3324371e-21,1.6748,1.2341,0
194,-0.26826236,1.8607622e-20,2.2448989e-19,-0.50280935,1.7460053,1.2338625,0.050000001,1.3099937,-0.11044076,3.6736157e-22,1.7460099,1.23386,0
194,-0.26955304,8.9167388e-20,9.8036226e-19,-0.46937153,1.8172177,1.2336305,0.050000001,1.3112589,-0.13135682,1.7581805e-21,1.81722,1.2336299,0
194,-0.26957211,5.2187794e-21,3.2905865e-20,-0.43288422,1.8884342,1.2334005,0.050000001,1.3107464,-0.15289319,-1.1189728e-22,1.88843,1.2334,0
194,-0.26820847,-1.3397625e-19,-9.4555109e-19,-0.3941327,1.9596546,1.2331719,0.050000001,1.308219,-0.17475455,-1.8206324e-21,1.95965,1.23317,0
194,-0.26538745,-2.6447156e-19,-1.6998271e-18,-0.35398108,2.0308759,1.2329522,0.050000001,1.3034865,-0.1966119,-3.1065069e-21,2.03088,1.23295,0
194,-0.26107746,-1.0275946e-19,-5.0840501e-19,-0.31336874,2.1020977,1.2327361,0.050000001,1.2964218,-0.2181163,-9.5696345e-22,2.1020999,1.23274,0
194,-0.25529227,3.3552452e-20,2.3375033e-19,-0.27332833,2.1733255,1.2325193,0.050000001,1.2869643,-0.23891817,4.5396863e-22,2.1733301,1.23252,0
194,-0.24808659,4.3948953e-20,2.3211347e-19,-0.23479579,2.2445598,1.232312,0.050000001,1.2751322,-0.25867498,3.6992396e-22,2.24456,1.2323101,0
194,-0.23955637,9.7475713e-20,4.7252377e-19,-0.19864126,2.3158,1.2321105,0.050000001,1.2610197,-0.27707389,7.9468848e-22,2.3158,1.23211,0
194,-0.22983439,-6.3230022e-20,-2.1736386e-19,-0.16552831,2.3870399,1.2319108,0.050000001,1.24479,-0.29384285,-3.2269649e-22,2.3870399,1.23191,0
194,-0.21908143,-5.5398547e-20,-2.3695038e-19,-0.13594702,2.458282,1.2317125,0.050000001,1.2266653,-0.3087596,-3.6186837e-22,2.4582801,1.23171,0
194,-0.20747653,6.5644808e-20,2.2063089e-19,-0.11014752,2.5295277,1.2315203,0.050000001,1.2069201,-0.32166329,3.8676724e-22,2.52953,1.2315201,0
194,-0.19521199,1.2716833e-19,4.3523638e-19,-0.088185422,2.6007793,1.23133,0.050000001,1.1858579,-0.3324531,5.7862142e-22,2.60078,1.23133,0
194,-0.18247963,5.4380495e-20,2.2263396e-19,-0.069862612,2.67204,1.2311463,0.050000001,1.1637828,-0.34108764,2.8603263e-22,2.67204,1.23115,0
194,-0.16946852,-7.0097263e-20,-2.1350634e-19,-0.054899447,2.7433002,1.2309639,0.050000001,1.1410079,-0.34757897,-2.8925649e-22,2.7433,1.23096,0
194,-0.15635128,3.0544993e-21,-3.5141116e-21,-0.04291955,2.8145621,1.2307885,0.050000001,1.1178205,-0.35198137,0,2.8145599,1.23079,0
194,-0.14328456,6.4511965e-20,2.0201338e-19,-0.033422433,2.8858259,1.2306143,0.050000001,1.0944752,-0.35439104,2.1046107e-22,2.8858299,1.23061,0
194,-0.13040373,-1.2033765e-20,1.0377677e-20,-0.026075352,2.9570894,1.2304446,0.050000001,1.0712031,-0.35492051,-2.4587987e-23,2.9570899,1.23044,0
194,-0.11782023,-7.9375807e-21,-1.5944575e-21,-0.020427786,3.0283659,1.2302763,0.050000001,1.0481826,-0.35370243,-3.3090743e-23,3.0283699,1.23028,0
194,-0.10562627,6.4941058e-20,1.9592144e-19,-0.016096048,3.0996447,1.2301099,0.050000001,1.0255605,-0.35087892,2.0399292e-22,3.0996399,1.23011,0
194,-0.093889706,-6.0209398e-20,-1.8276178e-19,-0.012871315,3.1709247,1.229952,0.050000001,1.0034552,-0.34658533,-1.3636595e-22,3.1709199,1.22995,0
194,-0.082660899,-1.2286187e-19,-3.6592539e-19,-0.010455952,3.2422042,1.2297986,0.050000001,0.98194563,-0.34095594,-2.6063722e-22,3.2421999,1.2298,0
194,-0.071972981,1.2506584e-19,3.4459864e-19,-0.0086495923,3.3134875,1.229642,0.050000001,0.96107996,-0.33411935,2.2760533e-22,3.3134899,1.22964,0
194,-0.061843731,1.3074689e-19,3.560031e-19,-0.0073532839,3.3847778,1.2294917,0.050000001,0.9408921,-0.32618412,2.5779318e-22,3.3847799,1.22949,0
194,-0.052279878,-5.6910349e-20,-1.6502108e-19,-0.00642952,3.4560699,1.2293481,0.050000001,0.92139328,-0.31725079,-7.5600617e-23,3.4560699,1.22935,0
194,-0.043278649,1.6902012e-21,1.1295537e-20,-0.0057945792,3.5273621,1.2292037,0.050000001,0.90258062,-0.30740654,3.693437e-23,3.52736,1.2292,0
194,-0.034828611,4.7080293e-20,1.7543383e-19,-0.0054281717,3.5986605,1.2290637,0.050000001,0.88444239,-0.29671893,5.7476992e-23,3.59866,1.2290601,0
194,-0.026914412,-1.1242366e-19,-3.0475148e-19,-0.0052793417,3.6699576,1.2289281,0.050000001,0.86695826,-0.28524598,-7.9168837e-23,3.66996,1.22893,0
194,-0.019516848,-1.0509611e-19,-3.1505099e-19,-0.0053566387,3.7412596,1.228792,0.050000001,0.8501029,-0.27303207,-7.1969756e-23,3.7412601,1.22879,0
194,-0.012613965,4.7828313e-20,1.7173054e-19,-0.0056855115,3.8125679,1.2286577,0.050000001,0.83385015,-0.26010752,4.2686122e-23,3.8125701,1.22866,0
194,-0.0061838366,-4.8858292e-20,-1.3619204e-19,-0.006348996,3.8838778,1.2285292,0.050000001,0.8181715,-0.24649526,5.043165e-26,3.8838799,1.22853,0
194,-0.00020444042,2.8484665e-21,2.7520498e-23,-0.0075042336,3.9551899,1.2284081,0.050000001,0.80303782,-0.23221076,7.1645949e-24,3.9551899,1.22841,0
194,0.0053444593,8.357661e-20,2.8958707e-19,-0.0094451904,4.0265021,1.2282813,0.050000001,0.78841472,-0.21726969,-1.24393e-23,4.0265002,1.2282799,0
194,0.010481998,-2.9995627e-20,-1.4656723e-19,-0.012821214,4.0978179,1.2281612,0.050000001,0.77426255,-0.20169175,3.2988295e-23,4.0978198,1.22816,0
194,0.015222692,-6.210449e-21,-3.6616123e-21,-0.018861121,4.169138,1.2280458,0.050000001,0.76051557,-0.18553059,-1.5580061e-23,4.1691399,1.22805,0
194,0.019576723,5.944012e-20,2.8105007e-19,-0.029759606,4.2404604,1.2279295,0.050000001,0.74705553,-0.16890253,-7.0442123e-23,4.2404599,1.2279299,0
194,0.023548637,-2.9794202e-20,-1.4144292e-19,-0.048632365,4.31178,1.22782,0.050000001,0.73367429,-0.15202691,3.5649079e-23,4.31178,1.22782,0
194,0.027134618,-1.9654713e-20,-6.4654259e-20,-0.078736462,4.3831019,1.22771,0.050000001,0.72003728,-0.13525344,9.6395127e-24,4.3831,1.22771,0
194,0.030322019,-1.6093957e-20,-5.0792211e-20,-0.12178821,4.4544301,1.2276,0.050000001,0.7056998,-0.11902851,1.4056813e-23,4.4544301,1.2276,0
194,0.033089161,-7.9151346e-21,8.5496322e-21,-0.1757528,4.5257597,1.2274917,0.050000001,0.69019735,-0.10378568,-1.7358345e-23,4.5257602,1.2274899,0
194,0.035409231,-3.2066474e-21,1.481375e-20,-0.23337303,4.5970922,1.2273875,0.050000001,0.67322475,-0.089757204,-7.6844937e-24,4.5970898,1.2273901,0
194,0.037254587,-1.0194162e-20,-5.8658343e-20,-0.28269249,4.6684279,1.227288,0.050000001,0.6548416,-0.076789789,2.6682968e-23,4.6684299,1.22729,0
194,0.038604561,-6.0260936e-21,-5.0471013e-20,-0.30999517,4.7397623,1.2271903,0.050000001,0.63562077,-0.064254269,2.9624425e-23,4.7397599,1.22719,0
194,0.03945484,-1.0339317e-20,-4.7938671e-20,-0.3043564,4.8110981,1.227089,0.050000001,0.61664969,-0.05111463,2.1653432e-23,4.8111,1.22709,0
194,0.039821349,6.7393292e-21,9.3009149e-22,-0.26160812,4.8824377,1.2269975,0.050000001,0.59934789,-0.036175031,5.8163677e-24,4.8824401,1.227,0
194,0.039740682,5.2824695e-21,4.6011356e-20,-0.18586111,4.9537821,1.226908,0.050000001,0.58515173,-0.018405015,-2.0677922e-23,4.9537802,1.22691,0
194,0.039267153,7.7333947e-21,-5.2586489e-20,-0.088034712,5.0251284,1.2268182,0.050000001,0.57521647,0.0027948157,3.093779e-23,5.0251298,1.22682,0
194,0.038461909,8.2487889e-21,-1.6530818e-19,0.01778977,5.0964723,1.226728,0.050000001,0.57019955,0.027462542,1.118371e-22,5.0964699,1.22673,0
194,0.037382517,-2.7916788e-21,4.8070083e-20,0.1183341,5.16782,1.2266375,0.050000001,0.57020968,0.055119451,-1.7968286e-23,5.16782,1.22664,0
194,0.036073934,-5.5155862e-21,5.1793171e-20,0.20385729,5.2391701,1.2265515,0.050000001,0.57489079,0.084925011,-2.5832631e-23,5.2391701,1.22655,0
194,0.03456359,-7.7757134e-21,5.483085e-20,0.26919299,5.3105202,1.2264673,0.050000001,0.58357763,0.1158823,-3.5641619e-23,5.3105202,1.22647,0
194,0.032861337,9.1984447e-21,5.6827853e-22,0.31324616,5.3818703,1.2263875,0.050000001,0.59546131,0.14701594,-2.3518884e-23,5.3818698,1.22639,0
194,0.030963622,5.4661975e-20,-1.7098143e-19,0.33773541,5.4532223,1.22631,0.050000001,0.60972077,0.1774891,6.7240326e-23,5.4532199,1.22631,0
194,0.028858414,1.936688e-20,-5.6713164e-20,0.3459343,5.5245776,1.2262321,0.050000001,0.62560695,0.20665702,1.9210308e-23,5.52458,1.22623,0
194,0.026529899,2.7719158e-20,-6.3174162e-20,0.34158194,5.595932,1.2261558,0.050000001,0.6424787,0.23407879,1.4987908e-23,5.5959301,1.22616,0
194,0.023961129,7.3350965e-20,-1.8310752e-19,0.32825649,5.6672897,1.2260795,0.050000001,0.65981656,0.25950581,5.544259e-23,5.6672902,1.2260799,0
194,0.021138415,3.1215703e-20,-6.1481879e-20,0.30901837,5.7386498,1.2260083,0.050000001,0.67721736,0.28284302,2.030726e-24,5.7386498,1.22601,0
194,0.018049711,-2.3413981e-20,6.5551259e-20,0.28627518,5.8100119,1.225934,0.050000001,0.69438261,0.30412439,-3.0385647e-23,5.81001,1.22593,0
194,0.014686146,-5.663683e-20,1.3196505e-19,0.26175284,5.8813782,1.2258639,0.050000001,0.71110767,0.32347172,-3.5446711e-23,5.8813801,1.22586,0
194,0.011039602,-2.9418666e-20,6.652107e-20,0.23645079,5.9527421,1.2257982,0.050000001,0.72726995,0.34106433,-1.6234726e-23,5.9527402,1.2258,0
194,0.0070993816,-2.0220222e-23,-1.9646121e-22,0.21070221,6.0241079,1.225728,0.050000001,0.74282944,0.35710883,6.9472453e-27,6.0241098,1.2257299,0
194,0.0028523842,2.3444249e-23,7.4888642e-23,0.18419804,6.09547,1.2256597,0.050000001,0.75781953,0.37179184,-1.7808677e-27,6.09547,1.22566,0
194,-0.0017208034,-3.4849911e-20,7.2672076e-20,0.15594256,6.1668377,1.2255983,0.050000001,0.77234674,0.38524896,-2.0063447e-24,6.1668401,1.2256,0
194,-0.006648263,-3.477888e-20,7.2693634e-20,0.1243838,6.2382078,1.2255319,0.050000001,0.78658521,0.39751992,-2.0042678e-24,6.2382102,1.22553,0
194,-0.011966567,3.9704947e-20,-7.4552218e-20,0.087537833,6.3095779,1.2254697,0.050000001,0.80076873,0.40850708,-1.7827158e-23,6.3095798,1.2254699,0
194,-0.017722182,1.7542873e-21,2.2673584e-21,0.043165714,6.38095,1.2254097,0.050000001,0.81517446,0.4179495,-6.0780553e-24,6.38095,1.22541,0
194,-0.023968413,-3.8089751e-20,7.6729984e-20,-0.010878787,6.4523196,1.2253503,0.050000001,0.8300994,0.4254038,1.1735701e-23,6.4523201,1.22535,0
194,-0.030760117,-3.9033923e-20,8.076976e-20,-0.076289341,6.5236955,1.2252898,0.050000001,0.84583157,0.43025368,2.8952136e-23,6.5237002,1.2252899,0
194,-0.038144488,6.41208e-22,8.2367245e-23,-0.15394902,6.5950718,1.2252315,0.050000001,0.8626157,0.43174461,-7.754089e-27,6.5950699,1.22523,0
194,-0.046150733,3.4215744e-21,5.1641536e-21,-0.2436707,6.6664481,1.225178,0.050000001,0.88062221,0.42904741,7.9699706e-24,6.66645,1.22518,0
194,-0.054775856,3.0104271e-21,3.2218099e-21,-0.34405485,6.7378221,1.225122,0.050000001,0.89991593,0.42134532,-4.7677538e-24,6.7378201,1.2251199,0
194,-0.063972153,4.1287463e-20,-8.1214473e-20,-0.45254484,6.8091974,1.2250677,0.050000001,0.92045701,0.40791529,-3.3382227e-23,6.8091998,1.22507,0
194,-0.073635526,-2.8036641e-20,9.4145064e-20,-0.56571084,6.8805799,1.2250137,0.050000001,0.94208771,0.38821933,8.2845352e-23,6.8805799,1.2250201,0
194,-0.08360061,8.7965924e-21,7.1007971e-21,-0.67958057,6.9519625,1.2249595,0.050000001,0.96455395,0.36196345,1.007852e-23,6.9519601,1.22496,0
194,-0.093640529,3.8947185e-20,-8.7172403e-20,-0.79001462,7.0233397,1.2249098,0.050000001,0.98753655,0.32912216,-4.9500318e-23,7.0233402,1.22491,0
194,-0.10347736,-1.6341157e-20,9.9516516e-20,-0.89312017,7.0947218,1.2248597,0.050000001,1.0106686,0.28995168,1.1335156e-22,7.0947199,1.22486,0
194,-0.1127953,2.8891706e-20,-9.0592207e-20,-0.98534018,7.1661081,1.2248098,0.050000001,1.0335677,0.24496377,-8.9891117e-23,7.16611,1.22481,0
194,-0.12125929,4.434377e-20,-1.9246535e-19,-1.0634043,7.2374902,1.2247617,0.050000001,1.0558498,0.19490063,-1.8793415e-22,7.2374902,1.2247601,0
194,-0.1285391,-5.0824503e-22,-1.647628e-21,-1.1242963,7.3088746,1.2247181,0.050000001,1.0771427,0.14069901,4.8594343e-26,7.3088698,1.22472,0
194,-0.13433225,-1.5706176e-21,5.3521122e-20,-1.1649042,7.38026,1.2246697,0.050000001,1.097065,0.083481871,5.257579e-23,7.38026,1.2246701,0
194,-0.13838607,-4.8427774e-21,-1.0441938e-19,-1.1821235,7.4516439,1.2246258,0.050000001,1.1152276,0.024550864,-1.2308434e-22,7.4516401,1.22463,0
194,-0.14052583,9.856853e-21,5.4282358e-20,-1.1730845,7.5230322,1.2245817,0.050000001,1.1312171,-0.034629777,4.9285489e-23,7.5230298,1.22458,0
194,-0.1406689,1.6309367e-20,2.1230689e-19,-1.1359785,7.59442,1.2245381,0.050000001,1.1445976,-0.092464685,2.3290635e-22,7.59442,1.22454,0
194,-0.13884214,9.4731083e-21,2.4794527e-21,-1.0711108,7.6658077,1.2244915,0.050000001,1.1549495,-0.1473188,5.3303351e-24,7.6658101,1.22449,0
194,-0.13518561,-3.3546575e-20,-2.11991e-19,-0.98126495,7.737195,1.2244493,0.050000001,1.1619221,-0.19765584,-2.3263584e-22,7.7371998,1.22445,0
194,-0.12994133,-1.9304006e-20,-1.0845554e-19,-0.871966,7.8085876,1.2244096,0.050000001,1.1652972,-0.24219224,-1.173162e-22,7.8085899,1.2244101,0
194,-0.12342371,-7.8713417e-21,-5.6055961e-22,-0.75075346,7.8799777,1.2243702,0.050000001,1.1650399,-0.28004009,1.2044513e-23,7.8799801,1.22437,0
194,-0.11598649,5.3261066e-22,-6.8389944e-22,-0.62604064,7.9513679,1.2243302,0.050000001,1.1613098,-0.31078625,-1.2434512e-25,7.9513698,1.2243299,0
194,-0.11053583,1.9924259e-20,7.2947165e-20,-0.54406953,7.9999986,1.2243026,0.050000001,1.1566454,-0.32694003,6.840589e-23,8,1.2243028,0
194,-0.21349809,-2.920382e-21,2.4937471e-19,-0.29578951,0.99999893,1.3163843,0.050000001,1.2826693,0.032890752,3.9996899e-22,1,1.3163822,0
194,-0.21508169,-5.0056601e-21,4.9017053e-19,-0.30131099,1.0338393,1.316232,0.050000001,1.284382,0.028807878,7.0588147e-22,1.0338399,1.3162301,0
194,-0.21876712,1.482355e-20,-4.6403297e-19,-0.31066626,1.1050181,1.3159344,0.050000001,1.2883496,0.019447472,-7.0356058e-22,1.10502,1.31594,0
194,-0.2227315,2.740869e-21,-9.5649314e-19,-0.31753165,1.1762066,1.3156486,0.050000001,1.2925769,0.0091947531,-1.4480835e-21,1.17621,1.31565,0
194,-0.22688115,-5.3345128e-21,-4.8943977e-19,-0.32166865,1.2473971,1.3153794,0.050000001,1.296957,-0.0020475525,-7.6844806e-22,1.2474,1.31538,0
194,-0.23109971,-2.8611499e-21,-4.6670166e-19,-0.32289198,1.3185867,1.3151178,0.050000001,1.3013569,-0.014352588,-7.764748e-22,1.31859,1.31512,0
194,-0.23523667,-3.3944474e-20,-1.4470517e-18,-0.32107976,1.3897873,1.3148565,0.050000001,1.3055743,-0.027779283,-2.4389303e-21,1.3897901,1.31486,0
194,-0.23913063,-3.7642799e-20,-9.7746413e-19,-0.31616485,1.4609897,1.314607,0.050000001,1.3093992,-0.042348009,-1.6866649e-21,1.46099,1.31461,0
194,-0.24263239,7.1378885e-21,-6.4014155e-21,-0.30810747,1.5321918,1.3143657,0.050000001,1.3126317,-0.058028936,-8.3232802e-23,1.53219,1.31437,0
194,-0.24559122,1.4514401e-20,7.2840572e-21,-0.29700282,1.6033973,1.314128,0.050000001,1.3150543,-0.074756555,-1.1046039e-22,1.6034,1.3141299,0
194,-0.24784794,4.1072902e-21,-2.362433e-19,-0.28307754,1.6746075,1.3138922,0.050000001,1.3164293,-0.092427008,-5.4488236e-22,1.67461,1.31389,0
194,-0.24925062,-8.2851444e-20,-7.4375231e-19,-0.26655862,1.7458196,1.3136603,0.050000001,1.3165293,-0.1108945,-1.2339903e-21,1.74582,1.31366,0
194,-0.24966773,-7.254635e-22,2.2972478e-19,-0.24783336,1.8170356,1.3134315,0.050000001,1.3151493,-0.12997399,3.7452849e-22,1.81704,1.31343,0
194,-0.24898849,6.837917e-20,7.390334e-19,-0.22739446,1.8882582,1.3132077,0.050000001,1.3120993,-0.1494437,1.1334054e-21,1.88826,1.31321,0
194,-0.24713013,-1.7884217e-20,-2.2496642e-19,-0.20577446,1.9594803,1.312986,0.050000001,1.3072269,-0.16905373,-4.3988293e-22,1.95948,1.31299,0
194,-0.24403955,-3.9041313e-20,-4.7817662e-19,-0.18357685,2.0307021,1.3127698,0.050000001,1.3004247,-0.1885339,-7.8231313e-22,2.0307,1.31277,0
194,-0.23969619,-1.1189182e-19,-7.2161763e-19,-0.16136308,2.1019297,1.3125581,0.050000001,1.2916297,-0.20760383,-1.2256595e-21,2.1019299,1.31256,0
194,-0.23411661,-4.7002037e-20,-2.5450246e-19,-0.13973819,2.1731632,1.3123457,0.050000001,1.2808372,-0.22598457,-5.0586633e-22,2.1731701,1.31235,0
194,-0.22734959,-1.5583659e-20,-4.1413504e-21,-0.11925282,2.2443995,1.3121395,0.050000001,1.2681026,-0.24340533,-5.3666069e-23,2.2444,1.31214,0
194,-0.21947351,-1.0380167e-20,-6.3187236e-21,-0.10026573,2.3156397,1.31194,0.050000001,1.2535301,-0.25962111,-1.3035557e-22,2.31564,1.31194,0
194,-0.21059632,-5.8886245e-20,-2.2773102e-19,-0.083110489,2.3868859,1.3117417,0.050000001,1.2372701,-0.27441961,-4.341842e-22,2.3868899,1.31174,0
194,-0.20084733,-1.5732819e-19,-6.8617434e-19,-0.068008259,2.4581323,1.31155,0.050000001,1.2195153,-0.28762379,-1.0102738e-21,2.4581299,1.31155,0
194,-0.1903713,-5.080242e-21,-1.1613193e-20,-0.054968517,2.5293798,1.3113602,0.050000001,1.2004904,-0.29910582,-1.8367699e-24,2.5293801,1.31136,0
194,-0.17932086,1.6617381e-19,6.5900766e-19,-0.043982737,2.6006355,1.311172,0.050000001,1.1804403,-0.30877897,8.7531572e-22,2.6006401,1.31117,0
194,-0.16785072,-6.8625333e-20,-1.9779539e-19,-0.034924813,2.6718957,1.31099,0.050000001,1.1596028,-0.31660116,-2.7247506e-22,2.6719,1.31099,0
194,-0.15611431,-1.8531069e-19,-6.4608307e-19,-0.027566317,2.7431581,1.310812,0.050000001,1.1382203,-0.32257083,-8.3149888e-22,2.74316,1.31081,0
194,-0.14425346,1.1876154e-19,4.0841515e-19,-0.021675518,2.8144224,1.3106384,0.050000001,1.116523,-0.3267194,4.6220554e-22,2.81442,1.31064,0
194,-0.13239795,1.138906e-19,4.1409246e-19,-0.017045919,2.8856876,1.3104681,0.050000001,1.0947053,-0.32911012,4.4188075e-22,2.88569,1.31047,0
194,-0.12066291,5.470568e-20,2.0233874e-19,-0.013435945,2.9569578,1.3103005,0.050000001,1.0729553,-0.32982415,1.7718054e-22,2.95696,1.3103,0
194,-0.10914584,-6.7018994e-20,-1.8424772e-19,-0.010652906,3.0282321,1.310132,0.050000001,1.0514205,-0.32895777,-1.6536576e-22,3.02823,1.31013,0
194,-0.097926714,-6.767332e-20,-1.9495286e-19,-0.008563689,3.0995097,1.3099695,0.050000001,1.0302204,-0.32661453,-1.8555032e-22,3.09951,1.30997,0
194,-0.087069325,5.9566097e-20,1.9163112e-19,-0.0069915424,3.1707926,1.3098115,0.050000001,1.0094608,-0.32290193,1.5721223e-22,3.17079,1.30981,0
194,-0.076622054,-5.297158e-20,-1.8208623e-19,-0.0058054631,3.2420757,1.3096602,0.050000001,0.98920888,-0.31792402,-1.1101647e-22,3.24208,1.30966,0
194,-0.06662,-5.6653393e-20,-1.8333493e-19,-0.004916592,3.3133595,1.309508,0.050000001,0.96951693,-0.31178457,-1.1058609e-22,3.31336,1.30951,0
194,-0.057084069,-6.1419117e-20,-1.7311334e-19,-0.0042824857,3.3846495,1.3093598,0.050000001,0.95042133,-0.30457377,-9.4987732e-23,3.38465,1.30936,0
194,-0.048025738,-5.6749327e-20,-1.74224e-19,-0.0038476852,3.4559455,1.309218,0.050000001,0.93194014,-0.29637372,-8.4670442e-23,3.45595,1.30922,0
194,-0.039449062,5.3977681e-20,1.7324763e-19,-0.0035620283,3.5272419,1.3090761,0.050000001,0.91408151,-0.28726,7.8314135e-23,3.52724,1.30908,0
194,-0.031349406,1.0718458e-19,3.366502e-19,-0.0034063207,3.5985401,1.308936,0.050000001,0.89684409,-0.27729318,1.2753012e-22,3.5985401,1.3089401,0
194,-0.023718104,3.9194027e-21,1.0204374e-20,-0.0033782755,3.6698394,1.3087997,0.050000001,0.88022053,-0.26652357,2.9046111e-23,3.6698401,1.3088,0
194,-0.016542198,3.2956091e-20,1.7526669e-19,-0.0034801452,3.7411456,1.308668,0.050000001,0.86419916,-0.25499043,1.0992325e-23,3.7411499,1.30867,0
194,-0.0098071201,5.7937325e-21,9.8615867e-21,-0.0037277816,3.8124516,1.3085355,0.050000001,0.84876692,-0.24272567,3.5468231e-23,3.8124499,1.30854,0
194,-0.0034958702,3.8738754e-21,-4.0865772e-21,-0.0041776737,3.8837619,1.3084095,0.050000001,0.83390796,-0.22974859,1.5854389e-24,3.88376,1.30841,0
194,0.0024081483,1.6315994e-19,6.1168197e-19,-0.0049143787,3.9550781,1.3082905,0.050000001,0.81960768,-0.21607366,-5.2435218e-24,3.95508,1.30829,0
194,0.0079204272,7.7634009e-20,2.9641022e-19,-0.0061110803,4.026392,1.3081685,0.050000001,0.80585152,-0.20171331,-2.2125213e-23,4.0263901,1.30817,0
194,0.013056275,-4.1256906e-20,-1.4142721e-19,-0.0080919536,4.0977077,1.3080482,0.050000001,0.79262006,-0.18667795,9.9826766e-24,4.0977101,1.30805,0
194,0.017828029,2.4654986e-20,1.4456172e-19,-0.011538325,4.1690278,1.3079295,0.050000001,0.77988452,-0.17099164,-4.4856332e-23,4.1690302,1.30793,0
194,0.022245092,6.0517787e-20,2.8129443e-19,-0.017752241,4.2403522,1.3078178,0.050000001,0.76759213,-0.15470962,-7.0531732e-23,4.2403498,1.30782,0
194,0.026312575,-2.9855029e-20,-1.4105104e-19,-0.028889786,4.3116746,1.307708,0.050000001,0.755633,-0.13795184,3.5572701e-23,4.3116698,1.3077101,0
194,0.03003021,-9.4224111e-21,-7.116054e-22,-0.047886673,4.3829999,1.307598,0.050000001,0.74380726,-0.1209349,-1.6129336e-23,4.3829999,1.3076,0
194,0.033391085,-2.820365e-20,-2.007274e-19,-0.077741623,4.45433,1.307492,0.050000001,0.73180079,-0.10398775,8.5292588e-23,4.45433,1.30749,0
194,0.036380522,-5.5182666e-20,-4.0079643e-19,-0.11997185,4.5256577,1.3073883,0.050000001,0.71919751,-0.087521344,1.7301848e-22,4.52566,1.30739,0
194,0.038977046,-9.1399984e-21,-6.17448e-20,-0.17280132,4.5969896,1.3072817,0.050000001,0.70556396,-0.071929619,2.8981399e-23,4.5969901,1.3072799,0
194,0.041155506,3.2186789e-21,6.7628969e-20,-0.22994582,4.6683278,1.3071817,0.050000001,0.69060969,-0.057433266,-3.81813e-23,4.6683302,1.30718,0
194,0.042889606,9.976114e-21,1.9028091e-19,-0.28100756,4.7396617,1.3070883,0.050000001,0.67435712,-0.04393794,-1.110762e-22,4.7396598,1.30709,0
194,0.044160038,7.526724e-21,1.1924768e-19,-0.31391153,4.8109999,1.3069896,0.050000001,0.65727091,-0.030952243,-7.2006719e-23,4.8109999,1.30699,0
194,0.044959407,-4.2984893e-21,-1.7587315e-19,-0.31857195,4.8823423,1.3068978,0.050000001,0.64027184,-0.017648684,1.1120514e-22,4.88234,1.3069,0
194,0.045295313,-5.2822101e-22,-1.2303384e-19,-0.29026991,4.9536877,1.3068082,0.050000001,0.62458163,-0.0030547725,8.2628055e-23,4.9536901,1.30681,0
194,0.045192271,3.6173052e-21,4.9054909e-20,-0.23118542,5.025032,1.306718,0.050000001,0.6114856,0.013698265,-2.8027758e-23,5.0250301,1.30672,0
194,0.044687718,5.1310894e-21,-6.0254033e-20,-0.14954199,5.0963774,1.3066278,0.050000001,0.60205716,0.033153873,4.4541223e-23,5.0963802,1.30663,0
194,0.04382747,-5.8209491e-21,4.7327436e-20,-0.056910258,5.1677256,1.3065395,0.050000001,0.59696871,0.055411234,-2.1463361e-23,5.1677299,1.30654,0
194,0.042657617,-1.6464662e-21,5.1974382e-20,0.035022713,5.2390776,1.3064578,0.050000001,0.59642375,0.080139339,-3.3692855e-23,5.23908,1.30646,0
194,0.041215599,1.2696005e-20,-5.7789351e-20,0.1170155,5.31043,1.3063755,0.050000001,0.60019737,0.10669408,3.6270947e-23,5.31043,1.30638,0
194,0.039527681,2.0113039e-20,-5.8565098e-20,0.18336238,5.3817821,1.306298,0.050000001,0.60776341,0.13427827,2.9159802e-23,5.3817801,1.3063,0
194,0.037607938,5.375823e-21,3.1269323e-21,0.23183797,5.4531379,1.3062178,0.050000001,0.61843258,0.16208871,-1.7627037e-23,5.4531398,1.3062201,0
194,0.035460364,-2.7322037e-20,1.1877176e-19,0.26291549,5.5244923,1.3061397,0.050000001,0.6314705,0.18941441,-8.0836647e-23,5.5244899,1.3061399,0
194,0.033081923,-1.228486e-20,6.0092235e-20,0.27869311,5.59585,1.306066,0.050000001,0.64618403,0.21570168,-4.8429856e-23,5.59585,1.30607,0
194,0.030465409,2.8026989e-20,-6.197915e-20,0.28203794,5.6672101,1.3059893,0.050000001,0.6619693,0.24056664,8.5599273e-24,5.6672101,1.30599,0
194,0.027603149,7.6330405e-20,-1.9035022e-19,0.27588856,5.7385702,1.30592,0.050000001,0.67833388,0.26378196,6.2646518e-23,5.7385702,1.30592,0
194,0.024486635,7.9002618e-20,-1.9350289e-19,0.26281661,5.8099318,1.3058507,0.050000001,0.69489807,0.28525892,6.3950328e-23,5.8099298,1.30585,0
194,0.021107744,4.2131274e-22,7.7325898e-22,0.2448574,5.8812985,1.3057805,0.050000001,0.71139294,0.30501017,1.693695e-26,5.8813,1.3057801,0
194,0.017458355,-5.6414157e-20,1.3479425e-19,0.22336817,5.9526649,1.3057097,0.050000001,0.7276504,0.32311377,-3.8525509e-23,5.9526601,1.30571,0
194,0.013527295,4.7427342e-21,-1.4349815e-21,0.19904035,6.0240302,1.3056415,0.050000001,0.74359834,0.33968005,-1.3925149e-23,6.0240302,1.30564,0
194,0.0092997281,3.3661084e-20,-6.9781409e-20,0.17187954,6.0953918,1.305578,0.050000001,0.75924844,0.35480925,4.2365369e-24,6.0953898,1.30558,0
194,0.0047538057,-3.4698514e-20,7.3501395e-20,0.14125796,6.1667619,1.3055117,0.050000001,0.77469373,0.36855781,-2.5715879e-24,6.16676,1.30551,0
194,-0.00013915972,3.4132448e-20,-7.460004e-20,0.10605346,6.238132,1.3054495,0.050000001,0.79009598,0.38089272,3.0327128e-24,6.2381301,1.30545,0
194,-0.0054169879,1.0720835e-19,-2.2281506e-19,0.064766929,6.3095016,1.30539,0.050000001,0.80567151,0.39166459,-6.6885299e-24,6.3095002,1.30539,0
194,-0.011125471,4.1866684e-20,-7.3411562e-20,0.015750695,6.3808784,1.30533,0.050000001,0.82167387,0.40058148,-2.3191878e-23,6.3808799,1.30533,0
194,-0.017314658,5.9836529e-21,3.4684794e-21,-0.042505085,6.45225,1.3052697,0.050000001,0.83836567,0.40719992,-1.631338e-23,6.45225,1.30527,0
194,-0.024034375,-3.5694588e-20,8.3916575e-20,-0.1110725,6.5236216,1.3052115,0.050000001,0.85599262,0.4109391,2.3648232e-23,6.5236201,1.30521,0
194,-0.031325243,-3.489305e-20,8.4748208e-20,-0.1903334,6.5949979,1.3051583,0.050000001,0.87475014,0.41111663,2.3891755e-23,6.5949998,1.30516,0
194,-0.03920722,-7.0625637e-20,1.7296044e-19,-0.27973565,6.6663756,1.3051022,0.050000001,0.89475316,0.40700534,7.4042649e-23,6.6663799,1.3051,0
194,-0.047666781,-4.2021727e-22,7.751896e-22,-0.37776199,6.737752,1.305048,0.050000001,0.91601938,0.3979038,5.7463525e-26,6.7377501,1.30505,0
194,-0.056648165,4.1739518e-20,-8.0237883e-20,-0.48197275,6.8091273,1.3049915,0.050000001,0.93846172,0.38321421,-2.7538213e-23,6.8091302,1.3049901,0
194,-0.06603986,-3.2550061e-20,8.9545998e-20,-0.58924079,6.8805075,1.3049395,0.050000001,0.96189046,0.36250666,6.6193243e-23,6.8805099,1.30494,0
194,-0.075673848,-2.335753e-20,9.7855376e-20,-0.69602442,6.9518895,1.3048896,0.050000001,0.98602861,0.33557528,9.0257287e-23,6.95189,1.30489,0
194,-0.085325956,1.0095617e-20,6.8588023e-21,-0.79863858,7.023272,1.3048397,0.050000001,1.0105356,0.30245513,8.8313215e-24,7.0232701,1.30484,0
194,-0.094724648,4.5298591e-21,5.8437338e-20,-0.89350855,7.0946555,1.3047903,0.050000001,1.0350329,0.26343238,6.786636e-23,7.0946598,1.30479,0
194,-0.10356475,-4.4432655e-22,5.6363848e-20,-0.97722542,7.1660399,1.304742,0.050000001,1.0591248,0.21903165,5.1077052e-23,7.1660399,1.30474,0
194,-0.11152729,4.9901787e-20,-2.4473534e-19,-1.0464684,7.2374244,1.3046982,0.050000001,1.0824052,0.16999054,-2.2480085e-22,7.2374201,1.3047,0
194,-0.11830171,2.1358033e-20,-1.5269936e-19,-1.097874,7.3088102,1.3046499,0.050000001,1.1044626,0.11725255,-1.4098453e-22,7.3088102,1.3046499,0
194,-0.12360669,-6.1719144e-22,-2.2848822e-22,-1.1280197,7.3801985,1.3046012,0.050000001,1.1248648,0.061955217,-1.3879253e-26,7.3801999,1.3046,0
194,-0.12721498,-2.9573395e-21,-1.0623921e-19,-1.1336415,7.4515848,1.3045573,0.050000001,1.1431597,0.0054261992,-1.1252269e-22,7.45158,1.3045599,0
194,-0.12897985,-2.0939538e-21,-4.1520173e-21,-1.1122183,7.5229721,1.3045158,0.050000001,1.1588676,-0.050849184,9.8135275e-24,7.5229702,1.30452,0
194,-0.1288511,1.9581366e-21,1.059074e-19,-1.0629103,7.5943623,1.3044717,0.050000001,1.1715071,-0.10528427,1.1262254e-22,7.5943599,1.3044699,0
194,-0.12688449,2.075089e-20,1.1359374e-19,-0.98732638,7.66575,1.30443,0.050000001,1.1806674,-0.15631437,8.6959628e-23,7.66575,1.30443,0
194,-0.12324367,2.5061432e-20,1.1299307e-19,-0.8898254,7.7371378,1.3043905,0.050000001,1.1860449,-0.20254101,9.3039397e-23,7.7371402,1.30439,0
194,-0.11817997,-4.4868377e-20,-2.2009681e-19,-0.77710652,7.8085322,1.3043505,0.050000001,1.1875224,-0.24287978,-1.8496562e-22,7.8085299,1.30435,0
194,-0.11200403,-5.2437658e-20,-2.2313642e-19,-0.65715653,7.8799224,1.3043102,0.050000001,1.1851923,-0.27667105,-1.7519857e-22,7.87992,1.30431,0
194,-0.1050499,2.60138e-20,1.0902949e-19,-0.53813714,7.9513097,1.3042698,0.050000001,1.1793623,-0.30372292,8.7857831e-23,7.9513102,1.30427,0
194,-0.099996082,2.7454137e-20,1.0988521e-19,-0.46232733,8.000001,1.3042425,0.050000001,1.173328,-0.31774381,8.4045784e-23,8,1.3042427,0
194,-0.20461401,-2.0994841e-20,4.8015663e-19,-0.13107863,0.99999797,1.3960358,0.050000001,1.287623,0.028707225,6.948459e-22,1,1.396032,0
194,-0.20595409,-1.4737397e-20,4.8363658e-19,-0.13446319,1.0335484,1.3959012,0.050000001,1.2893173,0.024532385,7.1608396e-22,1.03355,1.3959,0
194,-0.20902947,1.8314399e-20,4.9547669e-19,-0.14053401,1.1047441,1.3956226,0.050000001,1.2930298,0.014992811,6.9880954e-22,1.10475,1.39562,0
194,-0.2122725,2.7849801e-20,-4.7338807e-19,-0.1453584,1.1759466,1.3953592,0.050000001,1.2967647,0.004681828,-6.5229028e-22,1.1759501,1.39536,0
194,-0.21560211,5.5703768e-21,-4.9044102e-19,-0.14877474,1.2471471,1.3951033,0.050000001,1.3004172,-0.0064683123,-6.8757748e-22,1.2471499,1.3951,0
194,-0.21891449,2.1047431e-20,4.7964249e-19,-0.15061837,1.3183465,1.3948556,0.050000001,1.3038521,-0.018517997,7.3314849e-22,1.31835,1.39486,0
194,-0.22208895,-3.956226e-22,5.8374249e-21,-0.15081173,1.3895572,1.3946071,0.050000001,1.3069046,-0.031502537,-8.8552028e-23,1.38956,1.39461,0
194,-0.22500069,5.9835051e-21,-4.9596597e-19,-0.14929107,1.4607679,1.3943673,0.050000001,1.3094096,-0.045410618,-7.9563365e-22,1.46077,1.39437,0
194,-0.22752985,1.7971203e-20,4.7727184e-19,-0.1460413,1.5319755,1.3941315,0.050000001,1.3111972,-0.060205061,7.487014e-22,1.53198,1.39413,0
194,-0.22954993,2.1233531e-20,4.7958179e-19,-0.14108272,1.6031873,1.3939,0.050000001,1.3120871,-0.075821146,7.1155077e-22,1.6031899,1.3939,0
194,-0.23093428,6.8207549e-20,9.8746971e-19,-0.1345893,1.6744057,1.3936722,0.050000001,1.311902,-0.09216053,1.4582222e-21,1.67441,1.39367,0
194,-0.2315641,-6.9580107e-20,-7.201559e-19,-0.12673949,1.7456219,1.3934482,0.050000001,1.310472,-0.10908955,-1.2682732e-21,1.74562,1.39345,0
194,-0.23133636,-5.2447571e-20,-5.1095169e-19,-0.11769275,1.8168395,1.393226,0.050000001,1.307647,-0.12644792,-8.7831738e-22,1.8168401,1.39323,0
194,-0.2301662,2.4399649e-20,4.7433106e-19,-0.10774291,1.8880656,1.3930057,0.050000001,1.3032995,-0.14404741,7.6401908e-22,1.88807,1.39301,0
194,-0.22799052,9.8036134e-20,7.2318654e-19,-0.097237833,1.9592917,1.3927872,0.050000001,1.2973324,-0.16167641,1.2093804e-21,1.95929,1.39279,0
194,-0.22476846,1.352995e-19,9.7405821e-19,-0.086461999,2.0305195,1.3925778,0.050000001,1.2896849,-0.1791137,1.5598862e-21,2.03052,1.39258,0
194,-0.22048819,4.3724735e-20,2.4555337e-19,-0.075747877,2.1017535,1.3923702,0.050000001,1.2803298,-0.19613129,3.3361816e-22,2.1017599,1.39237,0
194,-0.21516559,-1.0505273e-20,8.0505192e-21,-0.065423921,2.1729894,1.3921617,0.050000001,1.2692903,-0.21250114,-5.0012899e-25,2.1729901,1.3921601,0
194,-0.20884007,-8.9501498e-20,-4.6594619e-19,-0.055699997,2.2442319,1.3919595,0.050000001,1.2566304,-0.22800641,-6.8357627e-22,2.24423,1.39196,0
194,-0.20157704,5.0953902e-20,2.1630239e-19,-0.046732761,2.3154755,1.3917643,0.050000001,1.2424424,-0.24244924,2.8753417e-22,2.31548,1.39177,0
194,-0.19346485,5.4695651e-20,2.3140308e-19,-0.03869722,2.3867197,1.3915697,0.050000001,1.2268629,-0.25565681,3.4174285e-22,2.3867199,1.39157,0
194,-0.18460606,8.8248507e-21,-4.2369665e-21,-0.031691931,2.457972,1.3913801,0.050000001,1.210053,-0.26748407,-4.7091604e-23,2.4579699,1.39138,0
194,-0.17511801,-8.6996516e-21,7.6086101e-22,-0.025682406,2.5292256,1.3911922,0.050000001,1.1921928,-0.2778216,-1.1896687e-23,2.5292301,1.3911901,0
194,-0.16512327,-3.233452e-21,1.91665e-21,-0.020611461,2.6004796,1.3910105,0.050000001,1.173483,-0.28659135,3.888865e-24,2.6004801,1.39101,0
194,-0.15474835,-5.9150044e-20,-2.0836176e-19,-0.016466184,2.671742,1.3908303,0.050000001,1.1541156,-0.29375198,-2.5217553e-22,2.6717401,1.39083,0
194,-0.14411835,-5.8087641e-20,-2.2051516e-19,-0.013131668,2.7430081,1.390654,0.050000001,1.1342803,-0.29929098,-2.8370129e-22,2.74301,1.39065,0
194,-0.13335063,1.5811246e-19,6.2209571e-19,-0.010421767,2.8142722,1.3904823,0.050000001,1.1141605,-0.30322325,6.5900673e-22,2.81427,1.39048,0
194,-0.1225542,-1.1252606e-20,1.9119102e-20,-0.0083300536,2.8855393,1.3903117,0.050000001,1.0939231,-0.30558845,3.8478035e-23,2.88554,1.39031,0
194,-0.11182689,-1.2696555e-19,-3.9880008e-19,-0.0066828998,2.9568152,1.390148,0.050000001,1.0737178,-0.30644366,-4.0152268e-22,2.95682,1.39015,0
194,-0.10125479,-1.0238098e-20,1.3502617e-21,-0.0054001082,3.0280919,1.389984,0.050000001,1.053673,-0.30585963,-2.2751069e-23,3.02809,1.38998,0
194,-0.090908058,-5.1507735e-20,-1.9243902e-19,-0.0044594505,3.0993719,1.3898263,0.050000001,1.0338981,-0.30391252,-1.3377306e-22,3.09937,1.38983,0
194,-0.080845594,1.1083907e-20,-6.7353937e-21,-0.0037155442,3.1706581,1.3896677,0.050000001,1.0144827,-0.30068803,1.4647238e-23,3.17066,1.38967,0
194,-0.071113966,1.0334469e-20,2.4895295e-21,-0.0031669661,3.2419398,1.3895183,0.050000001,0.99549466,-0.29626745,3.3710743e-23,3.24194,1.38952,0
194,-0.061747223,-5.018106e-20,-1.844929e-19,-0.0027701647,3.3132274,1.3893676,0.050000001,0.97698456,-0.29073313,-1.0295849e-22,3.31323,1.38937,0
194,-0.052769084,5.9572539e-22,-6.4411944e-22,-0.002491975,3.3845193,1.3892193,0.050000001,0.95899355,-0.28416014,0,3.3845201,1.38922,0
194,-0.044194389,-6.7298591e-21,3.6628725e-21,-0.0023064038,3.4558153,1.3890798,0.050000001,0.94154716,-0.27661794,-1.1292519e-23,3.4558201,1.38908,0
194,-0.036031488,3.7751525e-20,1.752568e-19,-0.0021987562,3.5271177,1.3889395,0.050000001,0.92466164,-0.26817048,3.7269427e-23,3.5271201,1.38894,0
194,-0.028281536,-2.8286338e-21,8.605546e-21,-0.0021525566,3.598418,1.3888017,0.050000001,0.90834576,-0.25887126,1.1725455e-23,3.5984199,1.3888,0
194,-0.020940755,-1.3712338e-19,-4.9124447e-19,-0.0021815195,3.6697173,1.3886701,0.050000001,0.89260352,-0.24876443,-8.4362893e-23,3.6697199,1.38867,0
194,-0.014001741,4.0462125e-20,1.5839519e-19,-0.002278385,3.7410257,1.38854,0.050000001,0.87743276,-0.23788728,7.1201631e-24,3.74103,1.38854,0
194,-0.0074551017,9.8382845e-22,1.4653608e-20,-0.0024622111,3.8123343,1.3884093,0.050000001,0.86283195,-0.22626866,2.5131072e-23,3.81233,1.38841,0
194,-0.0012887499,-1.2365381e-19,-4.7326198e-19,-0.0027665456,3.8836458,1.3882858,0.050000001,0.84879667,-0.21392785,-1.6182958e-23,3.8836501,1.38829,0
194,0.0045087538,4.6848828e-20,1.5354958e-19,-0.0032325992,3.9549601,1.3881638,0.050000001,0.83532292,-0.20088185,1.3197833e-23,3.9549601,1.38816,0
194,0.009949916,7.4970959e-20,3.0796356e-19,-0.003972617,4.026278,1.3880438,0.050000001,0.82241005,-0.1871385,-1.8032369e-23,4.0262799,1.3880399,0
194,0.015045629,5.2727142e-21,3.7276563e-21,-0.0051430804,4.0975938,1.3879282,0.050000001,0.81005502,-0.17270698,1.6617276e-23,4.09759,1.38793,0
194,0.019806253,2.3217014e-23,4.83677e-22,-0.0071019302,4.1689153,1.3878118,0.050000001,0.79824895,-0.15759842,-1.3333523e-25,4.16892,1.38781,0
194,0.024239324,6.650434e-21,3.2855717e-21,-0.010554796,4.2402401,1.3876997,0.050000001,0.78697765,-0.14183839,1.4508589e-23,4.2402401,1.3877,0
194,0.028349558,-1.9060401e-20,-1.4347313e-19,-0.016778139,4.3115659,1.3875901,0.050000001,0.77619511,-0.12548687,5.562529e-23,4.3115702,1.3875901,0
194,0.032138206,2.6693884e-20,2.2020618e-19,-0.02783341,4.3828897,1.387482,0.050000001,0.76580346,-0.10866349,-8.4149042e-23,4.3828902,1.38748,0
194,0.035602193,-7.0441691e-21,-6.1706071e-20,-0.046455055,4.4542217,1.3873802,0.050000001,0.75562048,-0.091571547,3.5215152e-23,4.4542198,1.38738,0
194,0.03873178,-1.9988388e-20,-5.976482e-20,-0.07535255,4.5255556,1.3872786,0.050000001,0.74535286,-0.074515708,1.5057039e-23,4.5255599,1.38728,0
194,0.0415118,1.8119377e-21,7.8885701e-20,-0.11597653,4.5968871,1.3871742,0.050000001,0.73461932,-0.057867739,-3.8293022e-23,4.59689,1.38717,0
194,0.043922547,-7.4015782e-21,-6.9541785e-20,-0.16697167,4.6682234,1.387076,0.050000001,0.72302461,-0.041980095,3.2193227e-23,4.6682301,1.38708,0
194,0.045939896,3.7342669e-21,6.9314569e-20,-0.22318487,4.7395592,1.3869797,0.050000001,0.71027887,-0.027075166,-3.9768943e-23,4.7395601,1.3869801,0
194,0.047541235,-5.4762251e-23,-6.6453984e-20,-0.27591509,4.8109021,1.386888,0.050000001,0.69635248,-0.013117917,4.0740718e-23,4.8109002,1.3868901,0
194,0.048708405,-3.2356438e-21,-2.3810442e-21,-0.31475043,4.8822484,1.3867915,0.050000001,0.68158549,0.00023926492,-1.5024479e-24,4.8822498,1.38679,0
194,0.049431451,1.5409584e-21,-1.6303585e-21,-0.33045295,4.9535899,1.3866992,0.050000001,0.66671759,0.013627836,2.4230553e-24,4.9535899,1.3867,0
194,0.049711376,5.1076429e-22,-1.1366002e-20,-0.31777233,5.0249357,1.3866112,0.050000001,0.6527679,0.027821917,7.7910341e-24,5.02494,1.38661,0
194,0.049562503,-1.9553253e-21,5.094923e-20,-0.27701029,5.0962815,1.3865258,0.050000001,0.64084798,0.043542068,-3.2383217e-23,5.0962801,1.38653,0
194,0.049010929,-1.2492052e-20,1.1962767e-19,-0.21369219,5.1676292,1.3864394,0.050000001,0.63193601,0.061279487,-8.3498219e-23,5.1676302,1.38644,0
194,0.048090629,-1.3726923e-20,1.2140311e-19,-0.13675797,5.2389817,1.38636,0.050000001,0.6267153,0.081191033,-8.80606e-23,5.2389798,1.38636,0
194,0.046836182,2.203087e-20,-1.1613608e-19,-0.056014299,5.310338,1.3862798,0.050000001,0.6254769,0.10309021,7.2746601e-23,5.3103399,1.3862799,0
194,0.045279734,3.6317714e-20,-1.7416161e-19,0.019977426,5.3816943,1.3861995,0.050000001,0.6281451,0.12652247,1.1177224e-22,5.38169,1.3862,0
194,0.043446224,-3.0789504e-20,1.2115565e-19,0.085209064,5.4530501,1.3861215,0.050000001,0.63435507,0.15088461,-7.293546e-23,5.4530501,1.38612,0
194,0.041352641,-4.4027945e-20,1.8099668e-19,0.13645294,5.5244055,1.3860478,0.050000001,0.64356208,0.17553501,-1.128782e-22,5.5244098,1.38605,0
194,0.039008312,-2.041827e-20,6.1577173e-20,0.17287935,5.5957642,1.3859717,0.050000001,0.65514749,0.19988929,-2.7898978e-23,5.5957599,1.38597,0
194,0.036416952,-2.1106701e-20,6.0687941e-20,0.19534869,5.6671238,1.3858998,0.050000001,0.66850668,0.22347429,-2.6903726e-23,5.66712,1.3859,0
194,0.033577874,2.5874585e-21,1.0439395e-21,0.20563853,5.7384882,1.38583,0.050000001,0.68309718,0.24594612,-9.6596018e-24,5.7384901,1.38583,0
194,0.0304881,5.7548009e-20,-1.3045092e-19,0.20580755,5.8098502,1.3857599,0.050000001,0.69847059,0.26708499,3.0026889e-23,5.8098502,1.3857599,0
194,0.027141942,5.6469753e-20,-1.3204596e-19,0.1977869,5.8812118,1.3856897,0.050000001,0.71428829,0.28677887,3.55152e-23,5.8812099,1.38569,0
194,0.023531482,3.0918473e-20,-7.0067743e-20,0.18311308,5.95258,1.3856195,0.050000001,0.73032087,0.30498856,1.4911339e-23,5.95258,1.38562,0
194,0.019645544,-1.9646597e-23,4.6944322e-22,0.1627754,6.0239477,1.3855557,0.050000001,0.74644166,0.32171342,-7.6235079e-27,6.0239501,1.38556,0
194,0.01546745,-5.9502365e-20,1.4189646e-19,0.13718785,6.0953159,1.3854915,0.050000001,0.76261997,0.33695891,-3.4932724e-23,6.0953202,1.3854899,0
194,0.010974932,-6.1430155e-20,1.4677516e-19,0.1062002,6.1666846,1.3854297,0.050000001,0.77891171,0.35069218,-2.8669348e-23,6.1666799,1.38543,0
194,0.0061373338,-1.2899865e-20,3.8788625e-20,0.06921307,6.2380586,1.38537,0.050000001,0.79544562,0.36281359,-1.4111298e-23,6.23806,1.38537,0
194,0.00091777788,5.1580993e-20,-1.1316628e-19,0.025318746,6.3094301,1.3853104,0.050000001,0.81240028,0.37312359,2.0893348e-24,6.3094301,1.3853101,0
194,-0.0047276164,7.0852046e-20,-1.5421579e-19,-0.026505265,6.3808026,1.38525,0.050000001,0.82998717,0.38130912,-8.262862e-24,6.3807998,1.38525,0
194,-0.010845041,4.1854958e-22,2.8682447e-21,-0.08712659,6.4521747,1.3851895,0.050000001,0.84842348,0.38693646,5.4820575e-24,6.4521699,1.38519,0
194,-0.017477427,-2.5334653e-22,-2.2143147e-23,-0.15706076,6.5235476,1.3851362,0.050000001,0.8679027,0.38946649,4.8800353e-27,6.52355,1.3851399,0
194,-0.024656398,2.5836688e-21,5.3713034e-21,-0.23623784,6.5949254,1.3850802,0.050000001,0.8885619,0.38829276,6.9363017e-24,6.5949302,1.38508,0
194,-0.032390822,1.5166494e-20,-4.3021702e-20,-0.32379538,6.6663017,1.3850237,0.050000001,0.91046327,0.38278505,-6.104821e-24,6.6662998,1.38502,0
194,-0.040656794,8.5534857e-20,-2.1455288e-19,-0.41815501,6.73768,1.3849697,0.050000001,0.9335798,0.37235272,-6.693084e-23,6.73768,1.3849699,0
194,-0.049387347,3.4296189e-21,3.4996513e-21,-0.51701397,6.8090596,1.384918,0.050000001,0.95778221,0.35651052,1.5015986e-23,6.8090601,1.38492,0
194,-0.058464766,-2.6897493e-20,9.4347051e-20,-0.61750394,6.8804374,1.3848683,0.050000001,0.98285186,0.33493018,5.3110269e-23,6.8804402,1.3848701,0
194,-0.06771823,-1.8187372e-20,1.0139248e-19,-0.71640044,6.9518194,1.3848155,0.050000001,1.0084904,0.30748272,7.615636e-23,6.9518199,1.38482,0
194,-0.076926015,-1.679281e-20,1.0294948e-19,-0.81032377,7.0232081,1.384768,0.050000001,1.034343,0.2742568,8.9767991e-23,7.02321,1.38477,0
194,-0.085823566,3.0859407e-20,-9.2367698e-20,-0.89586121,7.0945897,1.3847202,0.050000001,1.0600101,0.23557511,-4.5816312e-23,7.0945902,1.38472,0
194,-0.094119839,1.0321431e-20,6.0822267e-20,-0.96950883,7.1659722,1.3846718,0.050000001,1.0850772,0.1919771,6.3016361e-23,7.1659698,1.38467,0
194,-0.10151347,6.9819391e-21,6.0570365e-20,-1.0277697,7.2373576,1.3846285,0.050000001,1.109103,0.14421584,3.9578524e-23,7.23736,1.38463,0
194,-0.10771606,2.7194277e-20,-2.0528115e-19,-1.0669832,7.3087411,1.3845798,0.050000001,1.1316146,0.093260266,-1.6931105e-22,7.3087401,1.38458,0
194,-0.11247479,1.0761974e-20,-5.0448466e-20,-1.0836428,7.3801298,1.384536,0.050000001,1.1521202,0.040271986,-4.6270157e-23,7.3801298,1.38454,0
194,-0.11559654,9.7037802e-21,5.8813666e-20,-1.0747838,7.4515204,1.3844895,0.050000001,1.1700974,-0.013393285,3.9907716e-23,7.45152,1.38449,0
194,-0.11696719,-1.1664617e-21,-1.0660264e-19,-1.0387939,7.5229106,1.3844477,0.050000001,1.18502,-0.066250227,-1.0161825e-22,7.5229101,1.38445,0
194,-0.11657215,-8.6396236e-21,-1.1270927e-19,-0.97635669,7.5943003,1.384408,0.050000001,1.1964025,-0.11676825,-9.2319262e-23,7.5942998,1.38441,0
194,-0.11449932,1.638629e-20,1.0702565e-19,-0.89068872,7.665688,1.384366,0.050000001,1.2038752,-0.16350903,1.0763137e-22,7.6656899,1.38437,0
194,-0.11093119,4.4699347e-20,2.2597502e-19,-0.78754419,7.7370777,1.3843237,0.050000001,1.207242,-0.20527051,1.7598338e-22,7.7370801,1.38432,0
194,-0.1061205,-4.3226155e-20,-2.1837206e-19,-0.67435741,7.8084702,1.3842838,0.050000001,1.206532,-0.24120751,-1.8486029e-22,7.8084698,1.38428,0
194,-0.10036342,-9.9668679e-20,-4.473962e-19,-0.55910927,7.8798599,1.3842485,0.050000001,1.2019875,-0.27090234,-3.3125678e-22,7.8798599,1.38425,0
194,-0.093966074,2.496339e-20,1.073978e-19,-0.44902161,7.951252,1.3842102,0.050000001,1.1940575,-0.29437053,8.7825103e-23,7.9512501,1.38421,0
194,-0.089354411,4.5673547e-20,1.8514908e-19,-0.38113934,7.9999981,1.3841829,0.050000001,1.1867346,-0.30640432,1.3397217e-22,8,1.3841827,0
194,-0.19549274,2.6753267e-21,-7.1030589e-19,-0.05138319,0.99999821,1.4756807,0.050000001,1.2835976,0.024769763,-9.2010676e-22,1,1.4756813,0
194,-0.1966258,9.3582392e-21,-5.0830166e-19,-0.053122494,1.033249,1.4755594,0.050000001,1.2851572,0.020600865,-6.2219658e-22,1.03325,1.4755599,0
194,-0.19918546,-9.6948912e-21,2.3911976e-18,-0.0564011,1.1044608,1.4753028,0.050000001,1.2884699,0.011083405,3.3479879e-21,1.10446,1.4753,0
194,-0.20182401,3.212591e-21,9.8513923e-19,-0.059171136,1.1756752,1.4750599,0.050000001,1.2916672,0.00090802513,1.3410085e-21,1.17568,1.47506,0
194,-0.20447224,1.0081708e-20,5.9669635e-21,-0.061299182,1.2468852,1.4748174,0.050000001,1.2946497,-0.0099774906,-4.1303873e-23,1.2468899,1.47482,0
194,-0.20704351,-1.3668722e-20,-1.9246461e-21,-0.062716618,1.3180971,1.4745771,0.050000001,1.2972972,-0.021613028,-3.3157988e-23,1.3181,1.47458,0
194,-0.20944235,-2.3931088e-20,-4.9052658e-19,-0.063370027,1.3893152,1.4743458,0.050000001,1.2994721,-0.034012053,-6.8146233e-22,1.38932,1.47435,0
194,-0.21157107,4.0667786e-20,9.5600065e-19,-0.063167699,1.4605318,1.4741157,0.050000001,1.3010371,-0.047157761,1.3460933e-21,1.46053,1.47412,0
194,-0.21332964,4.7499635e-21,4.8867628e-19,-0.062133353,1.5317477,1.473888,0.050000001,1.3018496,-0.061013196,6.0703546e-22,1.53175,1.4738899,0
194,-0.21461555,-3.8198971e-20,-4.8400767e-19,-0.060307033,1.6029651,1.4736623,0.050000001,1.3017647,-0.075514615,-7.6698454e-22,1.60297,1.47366,0
194,-0.21532783,-1.6676586e-20,-8.417999e-21,-0.05770449,1.6741877,1.4734398,0.050000001,1.3006473,-0.090571105,-3.1303503e-23,1.67419,1.4734401,0
194,-0.21537377,-1.3280829e-22,7.4457564e-21,-0.054454211,1.7454098,1.4732215,0.050000001,1.29837,-0.10606573,3.1762348e-24,1.74541,1.47322,0
194,-0.21467176,-5.1218468e-20,-4.8035117e-19,-0.050647538,1.8166354,1.473008,0.050000001,1.2948147,-0.12185972,-7.7051192e-22,1.81664,1.4730099,0
194,-0.21315706,-7.9091294e-20,-7.2604631e-19,-0.046409436,1.8878655,1.4727918,0.050000001,1.2898926,-0.1377936,-1.094188e-21,1.88787,1.47279,0
194,-0.2107798,-2.8151509e-20,-2.4417873e-19,-0.041918904,1.9590954,1.4725795,0.050000001,1.2835425,-0.15368979,-2.7576068e-22,1.9591,1.47258,0
194,-0.20750953,2.8847039e-20,2.4381831e-19,-0.037266638,2.0303271,1.4723763,0.050000001,1.2757249,-0.16936468,4.3382538e-22,2.0303299,1.47238,0
194,-0.20333987,-4.0300495e-22,1.6881674e-20,-0.032660492,2.1015673,1.4721723,0.050000001,1.2664351,-0.18463093,5.2864826e-23,2.1015699,1.47217,0
194,-0.1982836,-1.5176442e-19,-9.2871652e-19,-0.028243991,2.1728096,1.4719703,0.050000001,1.2557052,-0.1992996,-1.307895e-21,2.1728101,1.47197,0
194,-0.1923746,-2.8212248e-20,-2.4857113e-19,-0.024051158,2.2440562,1.4717723,0.050000001,1.2435901,-0.21319403,-3.5587535e-22,2.24406,1.47177,0
194,-0.18566664,3.278488e-20,2.2778116e-19,-0.02022155,2.3153021,1.4715805,0.050000001,1.2301753,-0.22614841,3.0632845e-22,2.3153,1.47158,0
194,-0.17822972,-8.322626e-21,-7.8693303e-21,-0.01680184,2.3865495,1.4713902,0.050000001,1.2155755,-0.23802,-7.5682141e-23,2.3865499,1.47139,0
194,-0.17014813,3.9416833e-20,2.2014158e-19,-0.013825193,2.4578059,1.4712025,0.050000001,1.1999252,-0.24868731,2.6243976e-22,2.4578099,1.4712,0
194,-0.16151668,-3.2466682e-21,4.085269e-22,-0.011313043,2.529062,1.4710208,0.050000001,1.183373,-0.25805175,-3.6951188e-23,2.5290599,1.47102,0
194,-0.15243544,3.2490467e-21,-6.9313591e-21,-0.0091619659,2.6003199,1.4708405,0.050000001,1.1660779,-0.26604569,-3.9920158e-23,2.6003201,1.47084,0
194,-0.1430081,-1.0345799e-21,-5.9395859e-22,-0.0073814671,2.6715844,1.4706625,0.050000001,1.1482031,-0.27262607,-1.1843407e-23,2.6715801,1.47066,0
194,-0.13333693,-7.6122386e-21,-1.4654153e-21,-0.0059688059,2.7428522,1.4704908,0.050000001,1.129903,-0.27777246,-3.6551895e-23,2.7428501,1.47049,0
194,-0.12352095,-6.231065e-20,-2.0154811e-19,-0.0048313322,2.8141201,1.4703205,0.050000001,1.1113254,-0.28149009,-2.1289134e-22,2.8141201,1.47032,0
194,-0.11365227,-1.6341854e-19,-6.0442258e-19,-0.0039323228,2.8853898,1.47015,0.050000001,1.092618,-0.28380224,-5.602269e-22,2.88539,1.47015,0
194,-0.10381421,-1.5500182e-19,-6.0062711e-19,-0.0032415269,2.956665,1.469988,0.050000001,1.0739053,-0.28474641,-4.9908809e-22,2.95667,1.46999,0
194,-0.094081201,-4.9241357e-20,-2.0047164e-19,-0.0027177783,3.0279453,1.46983,0.050000001,1.0552977,-0.2843743,-1.4151706e-22,3.02795,1.46983,0
194,-0.084517062,5.7759845e-22,-4.5829709e-22,-0.002310755,3.0992301,1.4696697,0.050000001,1.0368978,-0.28274491,9.3020358e-25,3.0992301,1.4696701,0
194,-0.075174667,4.4458405e-20,1.8772705e-19,-0.0019850153,3.1705182,1.4695176,0.050000001,1.0187852,-0.27992105,9.9216532e-23,3.1705201,1.46952,0
194,-0.066098176,5.6415036e-20,1.868929e-19,-0.001738828,3.2417994,1.46937,0.050000001,1.0010272,-0.27596989,1.2457035e-22,3.2418001,1.46937,0
194,-0.057320446,9.0669295e-21,-1.2954618e-21,-0.0015725176,3.3130894,1.4692192,0.050000001,0.98367637,-0.27095684,1.4997977e-23,3.3130901,1.46922,0
194,-0.048865933,-8.9008142e-25,4.7682479e-22,-0.0014703342,3.3843877,1.4690753,0.050000001,0.96677524,-0.2649428,0,3.3843901,1.46908,0
194,-0.040752739,-4.5675718e-20,-1.7479258e-19,-0.0014010736,3.4556854,1.468938,0.050000001,0.95035571,-0.25798798,-5.2996023e-23,3.4556899,1.46894,0
194,-0.032991774,-4.9576899e-20,-1.7027694e-19,-0.0013736244,3.5269878,1.4687999,0.050000001,0.93444163,-0.25014585,-5.3467818e-23,3.5269899,1.4687999,0
194,-0.025588078,-3.9461281e-21,4.2195473e-21,-0.0013784107,3.5982878,1.4686661,0.050000001,0.91904926,-0.24146312,-8.2941072e-25,3.59829,1.46867,0
194,-0.018541973,-8.3827595e-20,-3.3265477e-19,-0.0014330667,3.6695895,1.468534,0.050000001,0.90419018,-0.23198017,-5.1162666e-23,3.66959,1.4685301,0
194,-0.011850237,-9.0369495e-20,-3.2935887e-19,-0.0015204325,3.7409,1.4684085,0.050000001,0.88987231,-0.22172894,-5.7519547e-23,3.7409,1.46841,0
194,-0.0055079311,3.4943919e-20,1.6302357e-19,-0.0016514744,3.8122098,1.4682797,0.050000001,0.87610114,-0.21073844,9.1911574e-25,3.8122101,1.46828,0
194,0.00049255585,-3.3403686e-20,-1.5384279e-19,-0.0018620446,3.8835218,1.4681557,0.050000001,0.86288345,-0.19902813,1.9168744e-23,3.8835199,1.46816,0
194,0.0061593736,-7.2091673e-20,-3.1092621e-19,-0.002169031,3.9548395,1.4680358,0.050000001,0.85022366,-0.18661386,2.1067375e-23,3.9548399,1.46804,0
194,0.011501006,3.6171804e-20,1.5664313e-19,-0.0026236721,4.0261602,1.4679155,0.050000001,0.83812946,-0.17350651,-9.1356751e-24,4.0261598,1.4679199,0
194,0.016525418,7.3360303e-23,8.9359013e-21,-0.0033176558,4.0974803,1.4677998,0.050000001,0.8266086,-0.15971415,9.1587453e-24,4.0974798,1.4678,0
194,0.021240247,1.5630431e-20,1.5493094e-19,-0.0044319448,4.1688023,1.4676905,0.050000001,0.81566882,-0.14524339,-5.5819848e-23,4.1687999,1.46769,0
194,0.025651569,-1.6202298e-20,-1.4594294e-19,-0.0063280188,4.240128,1.4675778,0.050000001,0.80531394,-0.13010752,6.1220573e-23,4.2401299,1.46758,0
194,0.029762907,-2.4148338e-20,-1.4313531e-19,-0.0096974978,4.3114519,1.4674675,0.050000001,0.79553682,-0.1143368,4.4702113e-23,4.31145,1.46747,0
194,0.033576027,6.8676838e-20,5.20829e-19,-0.015766578,4.3827796,1.4673616,0.050000001,0.78630251,-0.097991124,-1.8593945e-22,4.3827801,1.46736,0
194,0.037089154,2.1411531e-20,1.4757066e-19,-0.026442911,4.4541121,1.46726,0.050000001,0.77752805,-0.081184059,-5.0861005e-23,4.4541101,1.46726,0
194,0.040296081,2.1665802e-20,2.8253486e-19,-0.044192538,4.5254478,1.4671602,0.050000001,0.76904684,-0.06410712,-1.3946271e-22,4.5254502,1.46716,0
194,0.043186463,2.1929724e-20,3.5573727e-19,-0.071486808,4.5967817,1.4670601,0.050000001,0.76059949,-0.047033679,-1.8200853e-22,4.5967798,1.46706,0
194,0.045745805,-1.0628284e-20,4.4174611e-21,-0.10975633,4.6681175,1.4669615,0.050000001,0.75184518,-0.030289592,-1.2862527e-23,4.6681199,1.46696,0
194,0.047955275,-8.2659367e-21,-2.7393629e-19,-0.1581592,4.7394576,1.4668695,0.050000001,0.74241811,-0.014195564,1.5835702e-22,4.73946,1.46687,0
194,0.049794339,-7.7873885e-21,-7.4683275e-20,-0.21275102,4.810802,1.4667805,0.050000001,0.73202938,0.0010270025,3.5295473e-23,4.8108001,1.4667799,0
194,0.051242843,4.0301318e-21,-6.5464887e-21,-0.26655409,4.8821478,1.4666883,0.050000001,0.72059989,0.015354921,4.6047941e-24,4.8821502,1.4666899,0
194,0.05228316,6.150457e-21,-1.4464988e-19,-0.31083888,4.9534898,1.4665955,0.050000001,0.70835257,0.02901393,9.1407989e-23,4.9534898,1.4665999,0
194,0.052904904,-1.1998162e-20,1.9170302e-19,-0.33735496,5.0248375,1.4665076,0.050000001,0.6958313,0.042457804,-1.32571e-22,5.0248399,1.4665101,0
194,0.053106766,-3.6801621e-21,6.5472644e-20,-0.34057146,5.0961876,1.4664215,0.050000001,0.68384272,0.056273147,-4.5089305e-23,5.09619,1.4664201,0
194,0.052896418,5.8557774e-22,-2.2008241e-21,-0.31914127,5.1675353,1.4663397,0.050000001,0.67331362,0.071041442,1.8403417e-24,5.1675401,1.4663399,0
194,0.052290298,-1.580177e-20,1.2370957e-19,-0.27607796,5.2388878,1.46626,0.050000001,0.66511333,0.087198839,-8.8683762e-23,5.2388902,1.46626,0
194,0.051311467,-6.9522299e-22,-4.243065e-21,-0.21767168,5.3102446,1.4661797,0.050000001,0.65990585,0.1049445,3.5473698e-24,5.3102398,1.46618,0
194,0.049986742,8.3646184e-21,-6.2627078e-20,-0.15167755,5.3816023,1.4660995,0.050000001,0.65806639,0.12421634,4.4989271e-23,5.3815999,1.4661,0
194,0.048341915,-1.7304321e-20,6.5202163e-20,-0.085568577,5.4529581,1.4660263,0.050000001,0.65966058,0.1447295,-4.3675511e-23,5.45296,1.46603,0
194,0.0463994,4.821565e-20,-1.8565022e-19,-0.025313478,5.5243158,1.465952,0.050000001,0.66448927,0.1660558,1.1317014e-22,5.5243201,1.46595,0
194,0.044177629,8.4195154e-20,-3.0727128e-19,0.02514822,5.5956755,1.46588,0.050000001,0.67217904,0.18770953,1.8521189e-22,5.5956802,1.46588,0
194,0.041688092,2.0081864e-20,-5.995376e-20,0.063857116,5.6670356,1.4658083,0.050000001,0.68225729,0.20922276,3.1881801e-23,5.6670399,1.4658099,0
194,0.038937736,-2.3548003e-20,6.4416548e-20,0.090393305,5.7384,1.4657383,0.050000001,0.69423378,0.23019165,-2.6966948e-23,5.7384,1.46574,0
194,0.03592924,-2.4113066e-20,6.4241606e-20,0.10537094,5.8097644,1.4656702,0.050000001,0.70765764,0.25029957,-2.7066906e-23,5.8097601,1.46567,0
194,0.032660507,-2.4362225e-20,6.9094274e-20,0.10985332,5.8811274,1.4656003,0.050000001,0.72215158,0.26931831,-3.0130568e-23,5.8811302,1.4656,0
194,0.029125448,7.8872932e-21,1.4441844e-21,0.10501336,5.9524956,1.4655317,0.050000001,0.73743123,0.28708702,-2.0072779e-23,5.9524999,1.46553,0
194,0.025313755,3.178057e-21,1.8939615e-21,0.091824405,6.0238614,1.4654677,0.050000001,0.7533108,0.30348891,-8.8556863e-24,6.02386,1.46547,0
194,0.021208314,-5.7277902e-20,1.4299717e-19,0.070936933,6.0952296,1.4654052,0.050000001,0.76970166,0.31842476,-3.9274592e-23,6.0952301,1.46541,0
194,0.016786065,-2.8105688e-20,7.3228768e-20,0.042606737,6.1666017,1.4653457,0.050000001,0.78660196,0.33177358,-2.0306329e-23,6.1666002,1.46535,0
194,0.012016979,-6.4441751e-20,1.5134925e-19,0.006757258,6.237978,1.4652838,0.050000001,0.80408287,0.34336433,-1.5485977e-23,6.2379799,1.4652801,0
194,0.0068665389,-3.3698172e-20,7.2744001e-20,-0.036931582,6.30935,1.4652286,0.050000001,0.82226628,0.35294861,-7.4466253e-24,6.30935,1.46523,0
194,0.0012940624,6.6852246e-20,-1.5646886e-19,-0.088853218,6.380722,1.4651703,0.050000001,0.84130383,0.3601985,1.6348529e-24,6.3807201,1.46517,0
194,-0.0047410452,3.5741476e-20,-7.7763773e-20,-0.14927907,6.4520979,1.4651097,0.050000001,0.86135203,0.36469343,-6.3982469e-24,6.4520998,1.4651099,0
194,-0.01127256,3.616707e-20,-8.1366435e-20,-0.21819425,6.5234718,1.4650515,0.050000001,0.88253897,0.36593941,-1.7434329e-23,6.5234699,1.46505,0
194,-0.018320618,3.7693053e-20,-7.983259e-20,-0.29510045,6.5948515,1.4649998,0.050000001,0.90494585,0.36339799,-1.6907332e-23,6.5948501,1.465,0
194,-0.025882818,5.4896896e-21,6.2289968e-21,-0.37892425,6.6662297,1.4649483,0.050000001,0.92857653,0.35653487,1.9384427e-24,6.6662302,1.46495,0
194,-0.03392306,3.499015e-20,-8.5255225e-20,-0.46797591,6.7376075,1.4648895,0.050000001,0.95335436,0.34486353,-2.4213426e-23,6.7376099,1.46489,0
194,-0.042362813,3.0630918e-20,-9.0421323e-20,-0.56002361,6.80899,1.4648376,0.050000001,0.97911537,0.32799593,-2.5496822e-23,6.80899,1.4648401,0
194,-0.051077478,-6.3795568e-20,2.390096e-19,-0.65236789,6.8803697,1.4647897,0.050000001,1.0056123,0.30569586,1.1969884e-22,6.8803701,1.46479,0
194,-0.059893947,-5.7953153e-20,2.4615556e-19,-0.74194294,6.9517517,1.4647394,0.050000001,1.0325222,0.27790603,1.3416492e-22,6.9517498,1.46474,0
194,-0.068594016,3.0521023e-20,-9.0588704e-20,-0.82545269,7.023138,1.4646915,0.050000001,1.0594674,0.24477012,-3.2005762e-23,7.02314,1.46469,0
194,-0.076921932,4.1814914e-20,-1.4238235e-19,-0.89945161,7.094522,1.464648,0.050000001,1.086025,0.20664923,-8.514384e-23,7.0945201,1.46465,0
194,-0.084603637,8.3184473e-21,6.0086865e-20,-0.96028852,7.165906,1.4646,0.050000001,1.1117328,0.16411868,4.6764227e-23,7.1659098,1.4646,0
194,-0.091359675,1.249825e-21,1.115148e-19,-1.0042621,7.2372899,1.4645514,0.050000001,1.1360946,0.11796775,9.5016605e-23,7.2372899,1.46455,0
194,-0.096930094,2.2640129e-20,-9.905239e-20,-1.0277259,7.3086777,1.4645072,0.050000001,1.1585774,0.069190711,-7.281354e-23,7.3086801,1.46451,0
194,-0.10109676,1.4781541e-20,-1.0650436e-19,-1.0275555,7.3800659,1.464466,0.050000001,1.1786205,0.018987076,-7.0184993e-23,7.3800702,1.46447,0
194,-0.10370556,1.5000704e-20,1.134245e-19,-1.0017219,7.4514542,1.4644195,0.050000001,1.1956545,-0.031283095,9.5047301e-23,7.4514499,1.46442,0
194,-0.10468312,9.853075e-21,4.1224565e-21,-0.95010448,7.5228419,1.46438,0.050000001,1.2091472,-0.080183469,6.1143292e-25,7.52284,1.46438,0
194,-0.1040512,-1.43731e-20,-2.2309457e-19,-0.87519437,7.5942292,1.46434,0.050000001,1.2186673,-0.12629944,-1.7377057e-22,7.5942302,1.46434,0
194,-0.101925,-3.1524981e-20,-2.2835758e-19,-0.78180349,7.6656218,1.4642953,0.050000001,1.2239498,-0.16838162,-1.681143e-22,7.6656199,1.4643,0
194,-0.098497324,2.0708203e-20,1.1149893e-19,-0.67657548,7.7370138,1.4642552,0.050000001,1.2249473,-0.20546976,8.2788895e-23,7.73701,1.46426,0
194,-0.094014458,-3.7720898e-21,3.2236794e-21,-0.56697637,7.8084078,1.4642175,0.050000001,1.2218523,-0.23697579,7.7837213e-24,7.8084102,1.46422,0
194,-0.088748641,-7.2698002e-20,-3.3631701e-19,-0.46023864,7.8797975,1.4641823,0.050000001,1.2150698,-0.26271048,-2.2005847e-22,7.8797998,1.46418,0
194,-0.08296822,-3.8909764e-21,-7.6443277e-22,-0.36215308,7.9511895,1.464144,0.050000001,1.2051648,-0.28285754,9.146996e-24,7.95119,1.4641401,0
194,-0.078829445,5.3304268e-20,2.2713028e-19,-0.30362478,7.9999986,1.4641196,0.050000001,1.1967086,-0.29313108,1.3412506e-22,8,1.4641196,0
194,-0.18636513,1.455149e-20,-1.9230839e-19,-0.017809395,0.99999928,1.555318,0.050000001,1.2757245,0.021254068,-2.5715785e-22,1,1.5553163,0
194,-0.18732589,2.8201261e-21,6.776017e-19,-0.018588789,1.0329411,1.5552089,0.050000001,1.2770923,0.017150136,8.9644356e-22,1.03294,1.55521,0
194,-0.18945853,-3.6412484e-20,1.9090247e-18,-0.020101503,1.1041672,1.554975,0.050000001,1.2799323,0.0077723949,2.5247307e-21,1.10417,1.55498,0
194,-0.19160073,-2.405221e-20,4.9909467e-19,-0.021439789,1.1753894,1.5547478,0.050000001,1.2825797,-0.0021605885,6.4595884e-22,1.17539,1.55475,0
194,-0.19369476,-7.5744436e-21,-2.3077269e-19,-0.022556406,1.2466111,1.5545198,0.050000001,1.2849398,-0.012688293,-3.0886492e-22,1.24661,1.55452,0
194,-0.19567141,-1.0299743e-20,-2.425186e-19,-0.023378253,1.3178353,1.5542915,0.050000001,1.2869123,-0.023835203,-4.2753686e-22,1.31784,1.5542901,0
194,-0.19745354,-2.0254049e-20,-7.3814413e-19,-0.023890553,1.3890576,1.5540698,0.050000001,1.2883848,-0.035602853,-1.0760145e-21,1.38906,1.55407,0
194,-0.19896203,-1.1313718e-20,2.3525213e-19,-0.024034239,1.4602816,1.5538473,0.050000001,1.2892348,-0.047973502,3.6313128e-22,1.4602799,1.5538501,0
194,-0.20011479,-1.7295927e-20,6.1661504e-21,-0.0238497,1.5315076,1.5536275,0.050000001,1.2893498,-0.060910154,-2.5660927e-23,1.53151,1.55363,0
194,-0.20082963,-2.1064255e-21,-2.4357791e-19,-0.023344174,1.6027315,1.5534121,0.050000001,1.2886149,-0.074351981,-4.008331e-22,1.60273,1.5534101,0
194,-0.2010268,-3.6978457e-20,-4.7753685e-19,-0.022453209,1.6739597,1.5531977,0.050000001,1.2869148,-0.088218555,-7.1678552e-22,1.67396,1.5532,0
194,-0.20063306,-7.7419504e-20,-9.5380914e-19,-0.021254001,1.7451875,1.5529853,0.050000001,1.2841548,-0.10240804,-1.3155234e-21,1.74519,1.55299,0
194,-0.19958504,-7.1988424e-20,-7.2193791e-19,-0.019856973,1.8164194,1.5527782,0.050000001,1.2802473,-0.11680057,-9.8655455e-22,1.81642,1.55278,0
194,-0.19783109,3.4341773e-20,2.2350655e-19,-0.018287458,1.8876579,1.5525706,0.050000001,1.2751249,-0.13126124,2.8170107e-22,1.88766,1.55257,0
194,-0.19533309,2.5889459e-20,2.4464552e-19,-0.016578792,1.9588919,1.5523621,0.050000001,1.2687452,-0.14564066,3.3987043e-22,1.95889,1.5523601,0
194,-0.19206806,-2.245554e-20,-2.3260947e-19,-0.014790812,2.0301297,1.55216,0.050000001,1.2610776,-0.15978591,-3.2322226e-22,2.0301299,1.55216,0
194,-0.1880316,-3.2362944e-20,-2.3628326e-19,-0.013005048,2.1013758,1.551962,0.050000001,1.2521302,-0.17353976,-3.33425e-22,2.1013801,1.55196,0
194,-0.1832356,1.8047325e-20,-1.9424671e-20,-0.011280656,2.1726222,1.5517665,0.050000001,1.241935,-0.18674478,-8.9446123e-23,2.1726201,1.55177,0
194,-0.17770971,8.6906355e-20,4.5912546e-19,-0.0096471189,2.2438703,1.5515696,0.050000001,1.2305378,-0.19925444,6.0780574e-22,2.24387,1.5515701,0
194,-0.17149659,-8.0760474e-20,-4.4316822e-19,-0.0081572775,2.31512,1.5513815,0.050000001,1.2180154,-0.21092854,-5.3655794e-22,2.31512,1.55138,0
194,-0.1646529,-4.4044905e-20,-2.2922436e-19,-0.006828553,2.3863716,1.5511982,0.050000001,1.2044629,-0.22164616,-2.9769182e-22,2.3863699,1.5512,0
194,-0.15724882,-9.7781796e-20,-4.3688511e-19,-0.0056725848,2.4576299,1.5510143,0.050000001,1.189993,-0.23130438,-4.8475677e-22,2.4576299,1.55101,0
194,-0.14936087,4.6073278e-20,1.9676543e-19,-0.0047223205,2.5288899,1.5508341,0.050000001,1.1747305,-0.23981524,1.8065485e-22,2.5288899,1.55083,0
194,-0.14107148,1.7894658e-19,8.6409184e-19,-0.0038930746,2.600152,1.5506581,0.050000001,1.1588005,-0.24711615,9.0606287e-22,2.6001501,1.55066,0
194,-0.1324663,-5.0473608e-20,-2.115697e-19,-0.0031693936,2.6714201,1.5504818,0.050000001,1.1423404,-0.25316632,-2.5955165e-22,2.6714201,1.55048,0
194,-0.12363024,-4.816768e-20,-2.1352869e-19,-0.0026155568,2.7426903,1.550312,0.050000001,1.1254853,-0.25794005,-2.4099458e-22,2.7426901,1.55031,0
194,-0.11464667,-5.6151747e-20,-2.0995436e-19,-0.0021800471,2.8139622,1.5501482,0.050000001,1.1083579,-0.26143402,-2.4196078e-22,2.8139601,1.55015,0
194,-0.10559372,-9.8180859e-20,-4.1055143e-19,-0.001807418,2.885236,1.5499817,0.050000001,1.0910802,-0.26366243,-3.81394e-22,2.8852401,1.54998,0
194,-0.096543014,-8.9007678e-20,-4.0184377e-19,-0.0015343517,2.9565094,1.5498217,0.050000001,1.073768,-0.26464719,-3.1240909e-22,2.9565101,1.5498199,0
194,-0.087558553,-9.5491087e-20,-3.929081e-19,-0.0013388658,3.0277929,1.5496681,0.050000001,1.0565177,-0.26442492,-2.7875714e-22,3.0278001,1.54967,0
194,-0.078698374,-4.0064871e-20,-1.9501102e-19,-0.0011765808,3.0990794,1.5495093,0.050000001,1.039418,-0.263042,-9.5918733e-23,3.0990801,1.54951,0
194,-0.070009962,1.2507568e-20,9.6769863e-22,-0.0010627575,3.1703701,1.5493594,0.050000001,1.0225452,-0.26054519,5.129208e-23,3.1703701,1.54936,0
194,-0.061534029,9.6484124e-20,3.7207104e-19,-0.00097699487,3.2416577,1.5492163,0.050000001,1.0059649,-0.2569873,2.0310004e-22,3.2416601,1.54922,0
194,-0.053302892,9.5657221e-20,3.7218374e-19,-0.00091576035,3.3129473,1.5490677,0.050000001,0.98973161,-0.25242233,1.921315e-22,3.3129499,1.54907,0
194,-0.045340873,8.7396438e-22,2.1469398e-21,-0.00087920489,3.3842478,1.5489255,0.050000001,0.97389048,-0.24689972,0,3.3842499,1.54893,0
194,-0.037667245,-9.0956851e-20,-3.4904452e-19,-0.00086955115,3.45555,1.5487895,0.050000001,0.95847517,-0.24046923,-1.1423923e-22,3.45555,1.54879,0
194,-0.030294772,-5.2785455e-20,-1.7309464e-19,-0.00088419218,3.5268497,1.5486578,0.050000001,0.94351554,-0.23317608,-6.9491142e-23,3.52685,1.54866,0
194,-0.023231678,3.9072387e-20,1.7722803e-19,-0.00091319619,3.5981517,1.5485215,0.050000001,0.92903322,-0.22506292,4.4897542e-23,3.59815,1.54852,0
194,-0.016480966,4.270254e-20,1.6714244e-19,-0.00096955802,3.6694601,1.5483916,0.050000001,0.91504705,-0.21616358,2.5344619e-23,3.6694601,1.54839,0
194,-0.010043429,2.3340719e-21,2.5695059e-21,-0.0010432585,3.7407701,1.5482683,0.050000001,0.90157199,-0.20650896,1.0886796e-23,3.7407701,1.54827,0
194,-0.0039173965,-4.02865e-20,-1.6392566e-19,-0.0011389507,3.8120794,1.5481417,0.050000001,0.8886202,-0.19612585,-1.4408308e-23,3.8120799,1.54814,0
194,0.0019015559,-1.1963289e-22,-2.2991138e-22,-0.0012868908,3.8833976,1.5480195,0.050000001,0.87620533,-0.18503293,0,3.8834,1.54802,0
194,0.0074179973,-2.8848056e-20,-1.6241032e-19,-0.0014901638,3.9547179,1.5479017,0.050000001,0.86433995,-0.17324744,1.8412357e-23,3.95472,1.5479,0
194,0.012637281,-2.8611618e-20,-1.6135612e-19,-0.001767522,4.0260377,1.5477858,0.050000001,0.85303801,-0.1607817,1.8381442e-23,4.0260401,1.5477901,0
194,0.017564984,4.9589643e-20,3.0979214e-19,-0.0021856353,4.0973601,1.5476693,0.050000001,0.842314,-0.14764546,-7.4752131e-23,4.0973601,1.54767,0
194,0.022206433,2.3590622e-20,1.4975012e-19,-0.002826262,4.1686821,1.5475597,0.050000001,0.83218491,-0.13384475,-4.4028593e-23,4.1686802,1.54756,0
194,0.026565783,-6.0694688e-20,-3.815268e-19,-0.0038725249,4.2400074,1.5474492,0.050000001,0.82266724,-0.11938848,1.011946e-22,4.2400098,1.5474499,0
194,0.030645447,-2.9139062e-20,-2.2555434e-19,-0.0056746732,4.3113375,1.5473433,0.050000001,0.81377459,-0.1042935,7.847221e-23,4.3113399,1.54735,0
194,0.034446448,1.9267829e-21,-7.2250685e-20,-0.0088817514,4.3826704,1.5472393,0.050000001,0.80550671,-0.088592052,4.309188e-23,4.3826699,1.54724,0
194,0.037967741,3.6639557e-21,5.8310663e-21,-0.014629272,4.454,1.54714,0.050000001,0.7978422,-0.072343454,7.4435613e-24,4.454,1.54714,0
194,0.041205086,7.4419428e-21,7.0355782e-21,-0.024627203,4.5253358,1.54704,0.050000001,0.79070818,-0.055656683,1.2076282e-23,4.5253401,1.54704,0
194,0.044151355,7.4324432e-21,7.3880244e-20,-0.041075043,4.5966721,1.5469393,0.050000001,0.7839644,-0.038704302,-3.3664036e-23,4.5966702,1.54694,0
194,0.046796326,5.5883882e-21,1.4512508e-19,-0.066200376,4.6680098,1.5468478,0.050000001,0.77738798,-0.021723099,-7.6984077e-23,4.6680102,1.54685,0
194,0.049123581,-9.5615059e-21,7.9957159e-20,-0.10142913,4.7393517,1.5467583,0.050000001,0.77067524,-0.0050010746,-5.0697901e-23,4.7393498,1.54676,0
194,0.051116917,-1.2637362e-20,2.0676378e-19,-0.14646477,4.810698,1.5466638,0.050000001,0.76349682,0.011176453,-1.3692694e-22,4.8106999,1.5466599,0
194,0.052759852,-2.1240704e-21,-7.6018997e-20,-0.19850752,4.8820419,1.5465783,0.050000001,0.75558448,0.026597755,4.0118481e-23,4.88204,1.54658,0
194,0.054034263,2.6531992e-21,-2.1385456e-19,-0.25222945,4.9533873,1.5464902,0.050000001,0.74680597,0.041191947,1.3088982e-22,4.9533901,1.54649,0
194,0.05492698,6.8129907e-21,-8.4934589e-20,-0.30065843,5.0247378,1.5464017,0.050000001,0.73726541,0.055076461,4.974389e-23,5.0247402,1.5464,0
194,0.055428501,1.3414583e-20,-1.3924656e-19,-0.33669147,5.0960875,1.5463178,0.050000001,0.72733527,0.068552457,9.3804006e-23,5.0960898,1.54632,0
194,0.05553424,4.6566149e-21,-5.3683996e-20,-0.35484833,5.1674352,1.5462358,0.050000001,0.71761286,0.08204186,4.1204247e-23,5.1674399,1.54624,0
194,0.055247393,-1.1493482e-20,7.1815013e-20,-0.35261613,5.2387896,1.5461555,0.050000001,0.7088306,0.09599372,-4.8657108e-23,5.23879,1.54616,0
194,0.054577954,-1.0681501e-20,6.8221139e-20,-0.33088979,5.3101501,1.5460777,0.050000001,0.70172793,0.11078051,-4.65895e-23,5.3101501,1.54608,0
194,0.053541545,-3.8755425e-20,2.0303308e-19,-0.29345152,5.3815084,1.5459998,0.050000001,0.69693118,0.12661794,-1.3765408e-22,5.3815098,1.546,0
194,0.052156974,-5.5641467e-20,2.6026364e-19,-0.24590012,5.4528642,1.545926,0.050000001,0.69486129,0.14353332,-1.7702039e-22,5.4528599,1.54593,0
194,0.05044416,4.4572456e-20,-1.9021737e-19,-0.19429584,5.5242219,1.5458519,0.050000001,0.69570118,0.16137981,1.2175605e-22,5.52422,1.54585,0
194,0.048422251,6.3291324e-20,-2.5211646e-19,-0.1440852,5.5955815,1.5457798,0.050000001,0.69942129,0.17987956,1.607644e-22,5.5955801,1.5457799,0
194,0.046106599,2.105765e-20,-6.9138328e-20,-0.099487059,5.6669478,1.5457095,0.050000001,0.70581836,0.19868296,3.6796969e-23,5.6669502,1.54571,0
194,0.043508757,2.2499103e-20,-6.6697447e-20,-0.063277997,5.7383118,1.5456418,0.050000001,0.71458572,0.21742213,3.1805635e-23,5.7383099,1.54564,0
194,0.04063528,2.868898e-21,2.4036378e-21,-0.036912031,5.8096781,1.5455737,0.050000001,0.72537637,0.23575434,-6.7348203e-24,5.80968,1.54557,0
194,0.037488334,2.5160631e-20,-7.0825879e-20,-0.020925343,5.8810415,1.5455085,0.050000001,0.73785412,0.25337842,3.0580303e-23,5.8810401,1.5455101,0
194,0.034063771,4.632275e-22,4.8915021e-22,-0.015196243,5.9524097,1.545442,0.050000001,0.75172967,0.27004212,-1.1788328e-26,5.9524102,1.54544,0
194,0.030352827,-2.4114632e-20,7.0740428e-20,-0.019327696,6.0237775,1.5453795,0.050000001,0.7667861,0.2855255,-3.0517709e-23,6.0237799,1.54538,0
194,0.026339861,3.9306379e-21,2.8579664e-21,-0.032872591,6.0951476,1.5453198,0.050000001,0.78288174,0.29962772,-8.010974e-24,6.09515,1.54532,0
194,0.022003127,6.4103854e-20,-1.4746982e-19,-0.055490974,6.166522,1.5452579,0.050000001,0.79995245,0.31214041,2.0684818e-23,6.1665201,1.54526,0
194,0.017314825,4.7736186e-20,-1.1124236e-19,-0.086952366,6.237896,1.5451977,0.050000001,0.81800109,0.32282314,1.6130928e-23,6.2378998,1.5452,0
194,0.01224366,-6.0543947e-20,1.5670851e-19,-0.12711582,6.3092675,1.5451423,0.050000001,0.83707708,0.33138418,-2.2046521e-23,6.3092699,1.54514,0
194,0.0067554154,-1.844942e-20,3.4569345e-20,-0.17586057,6.3806415,1.5450842,0.050000001,0.85725945,0.33747602,-2.1999739e-24,6.38064,1.5450799,0
194,0.0008174564,2.9318538e-20,-8.2622942e-20,-0.23295304,6.4520202,1.5450281,0.050000001,0.87863004,0.34069216,7.2572332e-24,6.4520202,1.54503,0
194,-0.0055935369,1.4473001e-22,5.0729584e-23,-0.29789165,6.5233974,1.5449717,0.050000001,0.90124428,0.34058058,0,6.5233998,1.54497,0
194,-0.012484827,1.0608249e-22,-3.5241933e-22,-0.36979333,6.5947785,1.5449202,0.050000001,0.92511624,0.33666795,0,6.59478,1.54492,0
194,-0.019840335,-6.3329671e-20,1.7649128e-19,-0.44737017,6.6661582,1.5448685,0.050000001,0.95018941,0.32850492,5.029897e-23,6.6661601,1.54487,0
194,-0.027611069,-3.2551942e-20,8.7708403e-20,-0.52877569,6.7375379,1.5448095,0.050000001,0.97633559,0.315696,2.4848219e-23,6.7375398,1.5448101,0
194,-0.035708088,6.9811224e-21,7.3036413e-21,-0.61172718,6.8089175,1.544757,0.050000001,1.003351,0.2979438,8.2340741e-24,6.8089199,1.54476,0
194,-0.043999836,-2.4912252e-20,9.672822e-20,-0.69351661,6.8802977,1.5447115,0.050000001,1.0309522,0.27509463,4.6556223e-23,6.8803,1.54471,0
194,-0.052311555,1.8975396e-21,2.9959983e-21,-0.77109253,6.9516821,1.5446663,0.050000001,1.0587803,0.24716419,1.9934117e-23,6.9516802,1.54467,0
194,-0.060430914,9.6338826e-21,7.7791086e-21,-0.84113783,7.0230656,1.5446178,0.050000001,1.0864179,0.21435934,6.4562424e-24,7.0230699,1.54462,0
194,-0.068115495,8.0212213e-21,4.6985022e-21,-0.90002364,7.0944495,1.5445718,0.050000001,1.1133996,0.17708938,1.2707301e-23,7.09445,1.54457,0
194,-0.07511054,7.1829796e-21,4.3448841e-21,-0.94407624,7.1658378,1.5445282,0.050000001,1.1392053,0.13597669,1.0638498e-23,7.1658401,1.54453,0
194,-0.081165753,7.4383578e-21,1.1756245e-19,-0.96974528,7.2372217,1.5444795,0.050000001,1.1632745,0.091856733,6.8671528e-23,7.2372198,1.54448,0
194,-0.086057179,1.1201788e-20,1.1765212e-19,-0.97389901,7.3086104,1.5444355,0.050000001,1.1850151,0.045754716,7.7402432e-23,7.30861,1.54444,0
194,-0.089607581,1.4443084e-20,-1.047039e-19,-0.95438129,7.3800001,1.5443913,0.050000001,1.203827,-0.0011206229,-7.199517e-23,7.3800001,1.54439,0
194,-0.091704786,6.807543e-21,-1.1077026e-19,-0.91069371,7.4513903,1.544347,0.050000001,1.2191447,-0.047452874,-6.7311015e-23,7.4513898,1.54435,0
194,-0.092319451,7.1386664e-21,1.2470344e-21,-0.84460813,7.522778,1.5443075,0.050000001,1.2304848,-0.091907889,-2.2259271e-25,7.5227799,1.54431,0
194,-0.091506623,9.299246e-21,2.9531531e-21,-0.7601915,7.5941653,1.5442698,0.050000001,1.2375398,-0.133255,-1.2830655e-23,7.5941701,1.54427,0
194,-0.089399293,-1.1959294e-20,-1.1410145e-19,-0.66329628,7.6655579,1.5442272,0.050000001,1.2402047,-0.17048368,-8.0706447e-23,7.6655598,1.54423,0
194,-0.08619009,-1.7182957e-20,-1.1641148e-19,-0.56076533,7.7369518,1.5441875,0.050000001,1.2386073,-0.20289412,-6.8993996e-23,7.7369499,1.54419,0
194,-0.082107477,-4.4972958e-22,-6.7983896e-22,-0.45936087,7.8083482,1.5441517,0.050000001,1.2330997,-0.2301427,9.3937142e-25,7.8083501,1.54415,0
194,-0.077390954,3.8412629e-22,7.9381647e-22,-0.36480415,7.8797379,1.5441158,0.050000001,1.2242174,-0.25223044,-8.7367181e-24,7.8797402,1.54412,0
194,-0.072267815,-2.6891659e-20,-1.1220352e-19,-0.28117722,7.9511294,1.5440778,0.050000001,1.2126025,-0.26945239,-5.0194475e-23,7.9511299,1.54408,0
194,-0.06861756,1.0499097e-20,3.8757735e-20,-0.2328794,7.9999986,1.5440533,0.050000001,1.2032424,-0.27825123,2.7509501e-23,8,1.5440526,0
194,-0.17736235,-1.3470742e-20,6.5058076e-19,-0.0053900708,0.99999696,1.634955,0.050000001,1.2664956,0.018217599,8.5421999e-22,1,1.6349562,0
194,-0.17818213,-3.082685e-20,1.4189135e-18,-0.0056987558,1.0326259,1.6348573,0.050000001,1.2676623,0.014216059,1.8026881e-21,1.03263,1.63486,0
194,-0.17996667,-2.1101523e-20,1.8520172e-20,-0.0063371528,1.1038615,1.6346415,0.050000001,1.2700299,0.0050512138,-2.6227259e-23,1.10386,1.63464,0
194,-0.18170755,-1.0217589e-20,-9.4939127e-19,-0.006890045,1.1750953,1.6344258,0.050000001,1.272155,-0.0045805206,-1.2651079e-21,1.1751,1.63442,0
194,-0.1833566,6.6103575e-22,-4.8856761e-19,-0.0073881829,1.2463274,1.6342123,0.050000001,1.2739598,-0.014705749,-6.5091597e-22,1.24633,1.63421,0
194,-0.18485849,-8.9005028e-22,-9.4196e-21,-0.0077807815,1.3175596,1.633998,0.050000001,1.2753546,-0.025337992,-2.4379219e-23,1.31756,1.6339999,0
194,-0.18615222,4.8434797e-21,1.1221098e-20,-0.0080536501,1.3887895,1.6337813,0.050000001,1.2762475,-0.036474362,3.1114187e-24,1.38879,1.63378,0
194,-0.18717259,-4.4923636e-20,-9.482021e-19,-0.008217725,1.4600215,1.6335673,0.050000001,1.2765348,-0.048095357,-1.2743208e-21,1.4600199,1.63357,0
194,-0.18785308,-2.6770445e-20,-7.2906789e-19,-0.0082515292,1.5312576,1.6333575,0.050000001,1.2761273,-0.060164388,-9.6047907e-22,1.53126,1.63336,0
194,-0.18812793,2.5183128e-20,4.6338441e-19,-0.0081446366,1.6024897,1.633152,0.050000001,1.27493,-0.072625503,6.0542734e-22,1.6024899,1.63315,0
194,-0.18793368,1.8762343e-20,2.4284187e-19,-0.007904592,1.6737219,1.6329463,0.050000001,1.2728447,-0.085407302,2.9554935e-22,1.67372,1.6329499,0
194,-0.1872129,-1.0093464e-20,-2.3579008e-19,-0.0075549581,1.7449577,1.6327375,0.050000001,1.2697999,-0.098422192,-3.4970699e-22,1.74496,1.63274,0
194,-0.18591526,-2.1254369e-20,-2.4903893e-19,-0.0071146423,1.8161951,1.6325361,0.050000001,1.2657323,-0.11156674,-3.4561799e-22,1.8162,1.63254,0
194,-0.18400139,6.8186236e-20,7.0089903e-19,-0.0065926309,1.8874375,1.6323315,0.050000001,1.2605877,-0.12472586,9.6682611e-22,1.88744,1.6323299,0
194,-0.18144041,7.1303583e-20,7.180774e-19,-0.0060123489,1.9586799,1.6321316,0.050000001,1.2543303,-0.13777412,1.0074903e-21,1.95868,1.63213,0
194,-0.17821565,6.7188934e-20,4.713133e-19,-0.0054100063,2.0299218,1.6319386,0.050000001,1.2469425,-0.15058205,6.3351185e-22,2.0299201,1.63194,0
194,-0.17432517,6.3994072e-20,4.597217e-19,-0.0047784783,2.1011698,1.631742,0.050000001,1.2384328,-0.16301735,5.8964755e-22,2.1011701,1.63174,0
194,-0.1697792,1.4699442e-19,9.1173946e-19,-0.0041598263,2.1724198,1.6315495,0.050000001,1.2288328,-0.17494862,1.1365737e-21,2.17242,1.63155,0
194,-0.16460234,7.4816115e-20,4.6751426e-19,-0.0036015911,2.2436717,1.631359,0.050000001,1.218183,-0.18625066,5.5235011e-22,2.24367,1.6313601,0
194,-0.15882987,-1.0038259e-19,-6.824649e-19,-0.0030857639,2.3149278,1.631175,0.050000001,1.2065427,-0.19680622,-8.8706326e-22,2.31493,1.63118,0
194,-0.1525095,-7.1618603e-20,-4.5871384e-19,-0.002622077,2.3861856,1.6309983,0.050000001,1.1939976,-0.20651142,-5.8971631e-22,2.3861899,1.631,0
194,-0.14569828,-1.1370992e-19,-6.6985908e-19,-0.002204424,2.4574456,1.6308208,0.050000001,1.1806426,-0.21527541,-7.5676383e-22,2.4574499,1.63082,0
194,-0.13845946,8.8348271e-22,-1.5764702e-20,-0.0018427611,2.5287077,1.6306398,0.050000001,1.1665803,-0.22302286,-3.3227001e-23,2.5287099,1.63064,0
194,-0.13086063,3.153725e-20,2.1684405e-19,-0.0015585974,2.5999753,1.6304678,0.050000001,1.1519128,-0.22969505,2.2280673e-22,2.5999801,1.63047,0
194,-0.12297336,-5.011486e-20,-2.1558302e-19,-0.0013085173,2.6712453,1.630298,0.050000001,1.1367552,-0.23525155,-2.5304558e-22,2.6712501,1.6303,0
194,-0.11486944,8.4373553e-20,4.0590931e-19,-0.001094363,2.7425179,1.6301298,0.050000001,1.1212279,-0.23966698,3.106146e-22,2.7425201,1.6301301,0
194,-0.10661834,5.4969952e-21,3.2533254e-21,-0.00094280776,2.8137941,1.6299706,0.050000001,1.105433,-0.2429308,9.8757087e-24,2.8137901,1.62997,0
194,-0.098286271,-8.299054e-20,-4.1437708e-19,-0.00081829331,2.885072,1.6298102,0.050000001,1.0894754,-0.24504866,-3.4582453e-22,2.8850701,1.62981,0
194,-0.089935571,5.5662935e-20,1.9292174e-19,-0.0007240969,2.9563496,1.6296498,0.050000001,1.073458,-0.24603531,1.5037712e-22,2.9563501,1.62965,0
194,-0.081622444,6.3044875e-21,2.1839366e-21,-0.0006521818,3.0276351,1.6294982,0.050000001,1.0574678,-0.24591437,2.2124795e-23,3.0276401,1.6295,0
194,-0.073397651,-5.3128373e-21,2.143538e-21,-0.00058685528,3.0989254,1.6293478,0.050000001,1.0415852,-0.24471974,-1.4454538e-23,3.0989299,1.6293499,0
194,-0.065305002,-3.4208801e-21,8.6297677e-21,-0.00055492867,3.1702182,1.6291975,0.050000001,1.0258826,-0.24248904,2.3827807e-23,3.1702199,1.6292,0
194,-0.057381865,2.4854804e-21,4.3731798e-22,-0.00054679811,3.2415102,1.6290514,0.050000001,1.0104227,-0.23926304,1.8479232e-23,3.2415099,1.62905,0
194,-0.049658503,4.8042757e-20,1.9076229e-19,-0.00054054917,3.3128018,1.6289096,0.050000001,0.99525762,-0.23508373,1.2076343e-22,3.3127999,1.6289099,0
194,-0.042159304,8.3193684e-20,3.6808467e-19,-0.00053860067,3.3841021,1.6287718,0.050000001,0.98043352,-0.22999279,1.4018052e-22,3.3841,1.62877,0
194,-0.034903564,8.2046087e-20,3.6548973e-19,-0.0005616353,3.4554043,1.6286378,0.050000001,0.96598965,-0.22403088,1.2778287e-22,3.4554,1.6286401,0
194,-0.027905546,3.6864406e-20,1.7773431e-19,-0.0005864072,3.5267076,1.6285057,0.050000001,0.95195675,-0.21723796,3.7679979e-23,3.52671,1.62851,0
194,-0.021175412,3.6665918e-20,1.7754285e-19,-0.00062101911,3.5980158,1.6283758,0.050000001,0.93836218,-0.20964989,3.7763923e-23,3.5980201,1.6283799,0
194,-0.014719201,3.9058428e-20,1.6888023e-19,-0.00066665519,3.6693242,1.6282477,0.050000001,0.92522961,-0.20129842,2.2081523e-23,3.6693201,1.62825,0
194,-0.0085395379,1.7297853e-21,2.9814762e-21,-0.00072679721,3.7406359,1.6281215,0.050000001,0.9125784,-0.1922107,1.0551446e-23,3.7406399,1.6281199,0
194,-0.0026378573,-3.731921e-20,-1.6648239e-19,-0.00080224848,3.8119473,1.6279998,0.050000001,0.90042794,-0.18241145,-1.1592046e-23,3.81195,1.628,0
194,0.0029874137,1.9454809e-23,-2.1666175e-22,-0.00090568914,3.8832679,1.627882,0.050000001,0.88879603,-0.1719204,0,3.88327,1.62788,0
194,0.0083383154,-2.6759414e-20,-1.6455629e-19,-0.0010411952,3.9545879,1.6277683,0.050000001,0.87770098,-0.16075471,1.9305837e-23,3.9545901,1.6277699,0
194,0.013417556,-2.6962337e-20,-1.6444675e-19,-0.0012168169,4.0259075,1.6276495,0.050000001,0.86716032,-0.14892867,1.9336418e-23,4.0259099,1.62765,0
194,0.018228548,1.3559985e-20,7.7496652e-20,-0.0014788326,4.0972319,1.6275375,0.050000001,0.85719651,-0.13645203,-1.6851844e-23,4.09723,1.62754,0
194,0.022774465,-1.1913941e-20,-7.282197e-20,-0.0018564271,4.1685576,1.62743,0.050000001,0.84782964,-0.12333411,2.3494939e-23,4.16856,1.62743,0
194,0.027057627,-1.8255692e-20,-7.481689e-20,-0.0024394887,4.2398853,1.6273215,0.050000001,0.83908439,-0.10958403,1.2717526e-23,4.2398901,1.6273201,0
194,0.031079363,-2.9351632e-20,-2.2747653e-19,-0.0034066772,4.3112173,1.6272175,0.050000001,0.83098543,-0.095213823,7.9249478e-23,4.3112202,1.62722,0
194,0.034839787,-6.1444837e-20,-6.0897916e-19,-0.0050750934,4.3825521,1.6271152,0.050000001,0.8235513,-0.08024355,2.3375713e-22,4.3825498,1.62712,0
194,0.03833792,-1.3024014e-20,-1.505043e-19,-0.0080421343,4.4538879,1.627018,0.050000001,0.81679195,-0.064705975,6.1481402e-23,4.4538898,1.62702,0
194,0.041570291,1.6709449e-21,-7.0954842e-20,-0.013318339,4.5252242,1.6269202,0.050000001,0.81069332,-0.048662383,4.6640098e-23,4.5252199,1.62692,0
194,0.044532359,-3.9174749e-21,-1.4661334e-19,-0.022402635,4.5965619,1.6268193,0.050000001,0.80520058,-0.032211531,7.7161035e-23,4.59656,1.62682,0
194,0.047218677,8.9708828e-21,3.5817708e-21,-0.03719997,4.6679025,1.6267275,0.050000001,0.80020052,-0.015504566,1.0774094e-23,4.6679001,1.62673,0
194,0.049608205,8.5115492e-22,2.1655159e-19,-0.059685595,4.7392459,1.6266402,0.050000001,0.79550284,0.0012514305,-1.2589773e-22,4.7392502,1.62664,0
194,0.051688209,-1.2607182e-20,4.3697331e-19,-0.091294028,4.8105898,1.6265498,0.050000001,0.79085487,0.017811259,-2.6458064e-22,4.8105898,1.62655,0
194,0.053454079,-4.8588989e-21,-1.084537e-20,-0.13216163,4.881938,1.6264617,0.050000001,0.78597242,0.033926841,-4.2903253e-24,4.8819399,1.62646,0
194,0.05488766,1.6022719e-21,-1.5657906e-19,-0.18053392,4.9532838,1.6263783,0.050000001,0.78059447,0.049392965,8.7068787e-23,4.95328,1.62638,0
194,0.055974964,-1.010352e-20,1.1007036e-20,-0.23264644,5.0246339,1.626292,0.050000001,0.77456146,0.064108923,-5.2628567e-24,5.0246301,1.62629,0
194,0.056703858,9.0205007e-21,-1.3495865e-19,-0.28319144,5.0959854,1.6262097,0.050000001,0.76788867,0.078111112,9.3094738e-23,5.0959902,1.62621,0
194,0.057065085,1.6483456e-20,-1.4518439e-19,-0.32636413,5.167335,1.6261272,0.050000001,0.76079082,0.091573268,9.6260891e-23,5.1673398,1.62613,0
194,0.057054564,-9.4278508e-21,7.4485469e-20,-0.35715556,5.2386894,1.6260473,0.050000001,0.75367832,0.10477804,-4.8981854e-23,5.2386899,1.62605,0
194,0.05667308,1.7989583e-21,-1.5144905e-22,-0.37243527,5.31005,1.6259717,0.050000001,0.74709851,0.11805171,-2.443736e-25,5.31005,1.62597,0
194,0.055926096,4.8701839e-22,-5.9632573e-21,-0.3714968,5.3814101,1.6258978,0.050000001,0.74164915,0.13169004,2.9785321e-24,5.3814101,1.6259,0
194,0.054823261,-4.1800283e-20,2.0334933e-19,-0.35606915,5.4527702,1.6258215,0.050000001,0.73787826,0.14589763,-1.3465776e-22,5.4527702,1.62582,0
194,0.053377371,1.7300914e-20,-6.7607669e-20,-0.32965696,5.5241275,1.6257496,0.050000001,0.73622119,0.16075264,4.1855158e-23,5.5241299,1.6257499,0
194,0.051601864,3.2180308e-20,-1.3216374e-19,-0.29666719,5.59549,1.6256775,0.050000001,0.73694462,0.17620255,8.4468083e-23,5.59549,1.62568,0
194,0.049510546,-3.3065637e-20,1.4147786e-19,-0.26163596,5.6668582,1.6256095,0.050000001,0.74015313,0.192082,-8.9443138e-23,5.6668601,1.62561,0
194,0.047114715,-3.9042191e-20,1.3763317e-19,-0.22852981,5.7382221,1.625546,0.050000001,0.74580801,0.20814739,-7.9077607e-23,5.7382202,1.62555,0
194,0.044421669,-6.4332463e-22,-4.6756534e-21,-0.20042101,5.8095903,1.6254776,0.050000001,0.75376344,0.22411671,2.5349418e-24,5.8095899,1.6254801,0
194,0.041435763,6.8955708e-20,-2.115966e-19,-0.1794862,5.8809581,1.625414,0.050000001,0.76382685,0.23969194,9.9290937e-23,5.88096,1.62541,0
194,0.03815503,4.9958914e-20,-1.391251e-19,-0.16705343,5.9523215,1.6253498,0.050000001,0.77578902,0.25458133,5.7269257e-23,5.9523201,1.62535,0
194,0.034571681,2.6938167e-20,-7.5516536e-20,-0.16379826,6.0236917,1.6252875,0.050000001,0.78945917,0.26850614,2.3938088e-23,6.0236902,1.62529,0
194,0.030672846,2.902453e-20,-7.3296009e-20,-0.16998009,6.0950685,1.6252325,0.050000001,0.80468607,0.28119117,2.0318441e-23,6.0950699,1.62523,0
194,0.026440278,3.20221e-20,-7.4131539e-20,-0.18559615,6.16644,1.6251725,0.050000001,0.82136726,0.29235482,9.554961e-24,6.16644,1.62517,0
194,0.021850189,3.016781e-20,-7.6620777e-20,-0.21048921,6.237812,1.6251123,0.050000001,0.83944726,0.30169904,1.2467679e-23,6.2378101,1.62511,0
194,0.016876662,-4.2916618e-20,1.2042384e-19,-0.24438475,6.3091879,1.6250542,0.050000001,0.85890782,0.30889353,-1.9711323e-23,6.3091898,1.6250499,0
194,0.01149414,-4.4582007e-20,1.2030423e-19,-0.28689003,6.3805618,1.6249983,0.050000001,0.87975031,0.3135733,-1.5616701e-23,6.3805599,1.625,0
194,0.0056798249,2.6733694e-20,-8.7908284e-20,-0.33741623,6.4519401,1.6249419,0.050000001,0.90197337,0.31534624,5.7195618e-24,6.4519401,1.62494,0
194,-0.00057645427,2.6771426e-20,-8.7558832e-20,-0.39510202,6.5233202,1.6248903,0.050000001,0.92555845,0.31379348,5.7062924e-24,6.5233202,1.62489,0
194,-0.0072685964,-4.0016905e-26,3.9971674e-23,-0.45875773,6.5946999,1.6248385,0.050000001,0.95044219,0.30850348,0,6.5946999,1.62484,0
194,-0.014366019,-3.1469805e-22,2.6452567e-25,-0.52681381,6.66608,1.6247817,0.050000001,0.97650272,0.29909894,0,6.66608,1.6247801,0
194,-0.021806518,-1.5524389e-22,-2.360599e-22,-0.59726864,6.7374597,1.6247295,0.050000001,1.0035545,0.28526467,0,6.7374601,1.62473,0
194,-0.029491944,-2.4118898e-20,9.6661031e-20,-0.66767555,6.8088417,1.6246817,0.050000001,1.0313369,0.26679072,3.3723952e-23,6.8088398,1.62468,0
194,-0.037285663,-1.5745827e-20,1.05524e-19,-0.73523712,6.8802257,1.6246383,0.050000001,1.059518,0.24360125,2.8841992e-23,6.8802299,1.62464,0
194,-0.045014556,1.1546391e-20,1.0725131e-20,-0.7968452,6.9516077,1.6245903,0.050000001,1.0876826,0.21579263,9.211369e-25,6.9516101,1.62459,0
194,-0.052474227,3.2640999e-21,2.1360322e-21,-0.84911019,7.0229917,1.624542,0.050000001,1.1153669,0.18363579,1.8521855e-23,7.0229902,1.62454,0
194,-0.059441451,6.89915e-21,5.3847822e-21,-0.88850319,7.0943794,1.624498,0.050000001,1.1420449,0.1475967,1.0435458e-23,7.0943799,1.6245,0
194,-0.065688409,1.5231785e-20,-1.0483922e-19,-0.91166812,7.1657681,1.624452,0.050000001,1.1671299,0.10835477,-5.3153176e-23,7.1657701,1.62445,0
194,-0.070999026,4.6835944e-21,2.9963083e-22,-0.9156816,7.2371521,1.6244078,0.050000001,1.1900197,0.066777706,1.637862e-23,7.2371502,1.62441,0
194,-0.07519123,3.4636577e-21,2.2737856e-19,-0.89852142,7.3085399,1.6243663,0.050000001,1.210095,0.02390198,1.3020111e-22,7.3085399,1.62437,0
194,-0.078133516,1.5015632e-20,1.2020273e-19,-0.85953194,7.37993,1.6243194,0.050000001,1.2267696,-0.019102432,6.5690808e-23,7.37993,1.62432,0
194,-0.079758875,6.5659852e-21,-1.1018533e-19,-0.8000443,7.4513197,1.6242772,0.050000001,1.2395471,-0.061021041,-6.8328058e-23,7.4513202,1.62428,0
194,-0.080075473,1.5456934e-21,-1.1547353e-19,-0.72350317,7.5227098,1.6242373,0.050000001,1.2480721,-0.10069176,-6.1770264e-23,7.5227098,1.62424,0
194,-0.079162672,2.1537289e-20,1.1551893e-19,-0.63490397,7.5941019,1.6241975,0.050000001,1.2522022,-0.13711418,6.6665815e-23,7.5941,1.6242,0
194,-0.077159539,5.896023e-21,1.1186614e-21,-0.54028338,7.6654954,1.6241598,0.050000001,1.2520148,-0.16953608,-4.2789728e-24,7.6655002,1.6241601,0
194,-0.074247077,-3.1377927e-20,-2.3254477e-19,-0.44578978,7.7368875,1.6241217,0.050000001,1.2478098,-0.1975022,-1.2772035e-22,7.7368898,1.62412,0
194,-0.070625968,2.657798e-20,1.1134119e-19,-0.35679331,7.8082824,1.6240858,0.050000001,1.2400724,-0.22087131,4.373353e-23,7.80828,1.62409,0
194,-0.066497982,2.4388367e-20,1.1409077e-19,-0.27723461,7.8796754,1.6240473,0.050000001,1.2294073,-0.23977745,5.5439605e-23,7.8796802,1.62405,0
194,-0.062046949,-6.8725713e-20,-3.389499e-19,-0.20940819,7.9510694,1.6240115,0.050000001,1.2164775,-0.25456268,-1.5373068e-22,7.9510698,1.62401,0
194,-0.058882233,-3.0525911e-20,-1.4712357e-19,-0.17144634,7.9999986,1.6239885,0.050000001,1.2065029,-0.26219866,-7.3150794e-23,8,1.6239895,0
194,-0.16856471,-3.973747e-21,-3.250879e-19,-0.0013689583,0.99999881,1.7145878,0.050000001,1.2569692,0.015644271,-3.8384159e-22,1,1.7145907,0
194,-0.1692694,-1.4853553e-20,-1.811845e-21,-0.0014629591,1.0322995,1.7144972,0.050000001,1.2579473,0.011771865,5.919589e-24,1.0323,1.7145,0
194,-0.17077111,-6.8369046e-21,-7.3988527e-21,-0.0016948737,1.103547,1.7143,0.050000001,1.2598873,0.0028670114,-7.2905275e-23,1.10355,1.7143,0
194,-0.17218879,1.0312976e-20,-2.4723097e-19,-0.0019227673,1.1747894,1.7140981,0.050000001,1.2615497,-0.006427777,-3.3280148e-22,1.17479,1.7141,0
194,-0.17348371,1.0633609e-20,7.0505825e-19,-0.002105382,1.2460294,1.7138915,0.050000001,1.2628725,-0.016130267,8.6666041e-22,1.24603,1.71389,0
194,-0.17461011,-5.9717957e-21,-2.2859552e-19,-0.0022603758,1.3172715,1.7136873,0.050000001,1.2637799,-0.026247064,-3.105471e-22,1.31727,1.71369,0
194,-0.17551878,2.9688229e-21,-2.411141e-19,-0.0023743708,1.3885154,1.7134856,0.050000001,1.2641947,-0.036771525,-3.0969485e-22,1.38852,1.71349,0
194,-0.17615768,1.6623417e-21,-8.5343471e-21,-0.0024641734,1.4597555,1.7132795,0.050000001,1.2640349,-0.047682058,-1.6459068e-23,1.45976,1.71328,0
194,-0.17647287,4.7008855e-20,7.0281654e-19,-0.0025131954,1.5309956,1.7130775,0.050000001,1.2632223,-0.058943503,8.4671134e-22,1.531,1.71308,0
194,-0.17641196,-2.6701408e-20,-2.27805e-19,-0.0025006372,1.6022356,1.7128795,0.050000001,1.26168,-0.07050617,-2.7753361e-22,1.60224,1.71288,0
194,-0.17592448,8.9653203e-21,-7.8767216e-21,-0.0024691753,1.6734754,1.7126795,0.050000001,1.2593325,-0.082306497,-3.409929e-24,1.67348,1.71268,0
194,-0.1749645,5.099036e-20,6.9966116e-19,-0.0024143404,1.7447177,1.7124795,0.050000001,1.2561226,-0.094267756,8.7763792e-22,1.74472,1.7124799,0
194,-0.17349288,2.8846257e-20,2.3379464e-19,-0.0022848889,1.8159617,1.7122816,0.050000001,1.2519952,-0.10630129,2.5950808e-22,1.81596,1.71228,0
194,-0.17147771,1.5223933e-20,2.3432292e-19,-0.0021208641,1.8872073,1.7120878,0.050000001,1.2469075,-0.11830878,2.668855e-22,1.88721,1.71209,0
194,-0.16889662,-5.4696549e-20,-4.5961246e-19,-0.0019544025,1.9584558,1.7118958,0.050000001,1.2408375,-0.13018464,-5.2353985e-22,1.95846,1.7119,0
194,-0.1657382,4.3808894e-20,4.5391583e-19,-0.0017803161,2.0297055,1.7117038,0.050000001,1.2337728,-0.14181808,5.5982179e-22,2.0297101,1.7117,0
194,-0.16199991,4.6229393e-20,4.5757848e-19,-0.001598076,2.1009574,1.711516,0.050000001,1.2257175,-0.15309599,5.3239458e-22,2.10096,1.71152,0
194,-0.15769213,6.5990912e-20,4.5172111e-19,-0.001395423,2.1722095,1.7113276,0.050000001,1.2167028,-0.16390906,5.2753014e-22,2.17221,1.7113301,0
194,-0.15283471,7.6068324e-20,4.4977584e-19,-0.0012052169,2.2434652,1.7111435,0.050000001,1.2067651,-0.17415005,5.0906651e-22,2.24347,1.7111501,0
194,-0.14745873,4.6810968e-20,2.1234498e-19,-0.0010614746,2.3147278,1.7109635,0.050000001,1.1959552,-0.18371931,1.8576658e-22,2.3147299,1.71097,0
194,-0.14160341,8.0156994e-20,4.2978948e-19,-0.0009420304,2.3859897,1.7107878,0.050000001,1.1843429,-0.19252664,3.9944205e-22,2.3859899,1.71079,0
194,-0.13531512,1.0488509e-20,-1.0951688e-21,-0.00080023031,2.4572513,1.7106118,0.050000001,1.1720057,-0.20049278,-4.7224123e-23,2.4572501,1.71061,0
194,-0.12864648,-1.1723048e-19,-6.4577727e-19,-0.00065748865,2.5285194,1.7104375,0.050000001,1.1590304,-0.20755099,-6.6225502e-22,2.5285201,1.71044,0
194,-0.12165457,-1.7031154e-19,-8.5541663e-19,-0.00057745818,2.5997891,1.7102695,0.050000001,1.1455106,-0.21364838,-8.2660622e-22,2.5997901,1.71027,0
194,-0.11439835,-4.4406164e-20,-2.2270365e-19,-0.00051528978,2.6710629,1.710108,0.050000001,1.1315403,-0.21874554,-2.1270563e-22,2.6710701,1.7101099,0
194,-0.10693981,8.3762461e-20,4.1666783e-19,-0.00042031269,2.7423396,1.7099415,0.050000001,1.117218,-0.22281784,3.6907134e-22,2.7423401,1.70994,0
194,-0.099336743,-3.9098123e-20,-1.9788028e-19,-0.00037563845,2.8136199,1.7097815,0.050000001,1.1026379,-0.2258499,-1.4809502e-22,2.8136201,1.70978,0
194,-0.0916458,-8.0673148e-20,-4.1147482e-19,-0.0003600108,2.8849022,1.7096282,0.050000001,1.0878904,-0.2278403,-3.2039138e-22,2.8849001,1.70963,0
194,-0.083921351,4.9408147e-20,1.9503261e-19,-0.00032659169,2.9561858,1.7094719,0.050000001,1.0730652,-0.22879986,1.4950886e-22,2.9561901,1.70947,0
194,-0.07621289,-3.7045287e-20,-1.9262084e-19,-0.00031719901,3.0274694,1.7093217,0.050000001,1.0582429,-0.22874218,-1.0000133e-22,3.0274701,1.7093199,0
194,-0.068564579,2.278845e-21,-8.4934954e-21,-0.00029577623,3.0987616,1.7091783,0.050000001,1.043493,-0.22769091,-1.6346541e-23,3.0987599,1.70918,0
194,-0.061016299,1.3056307e-19,5.7870047e-19,-0.00027882683,3.1700575,1.7090319,0.050000001,1.0288852,-0.22567666,3.3398583e-22,3.1700599,1.70903,0
194,-0.053602386,-2.3230202e-21,1.0214019e-20,-0.00028266903,3.2413521,1.7088876,0.050000001,1.0144804,-0.22272983,2.2555423e-23,3.2413499,1.70889,0
194,-0.04635134,-5.2788995e-21,2.9462657e-21,-0.00030224168,3.31265,1.7087475,0.050000001,1.000329,-0.21888483,2.1503133e-24,3.31265,1.70875,0
194,-0.039286967,1.5307356e-19,7.3495359e-19,-0.00033766098,3.3839524,1.7086117,0.050000001,0.98647696,-0.21417525,2.5509177e-22,3.38395,1.7086101,0
194,-0.032428328,7.6114672e-20,3.7038739e-19,-0.0003591931,3.455256,1.70848,0.050000001,0.97296405,-0.20863552,1.2759877e-22,3.45526,1.70848,0
194,-0.025790999,-7.677168e-20,-3.5407324e-19,-0.0003835127,3.5265596,1.7083498,0.050000001,0.95982498,-0.20229994,-8.293532e-23,3.5265601,1.7083499,0
194,-0.019385617,-4.3196696e-21,-7.6027153e-22,-0.00042057678,3.5978699,1.7082212,0.050000001,0.94708908,-0.19519861,-1.3283859e-23,3.5978701,1.70822,0
194,-0.013220037,-3.2263711e-20,-1.7300269e-19,-0.00046155494,3.6691818,1.7080978,0.050000001,0.93478358,-0.1873599,-1.1367512e-23,3.6691799,1.7081,0
194,-0.007299406,-3.3606342e-20,-1.7440369e-19,-0.00051099126,3.7404954,1.707976,0.050000001,0.92293274,-0.17880917,-2.0969799e-23,3.7405,1.70798,0
194,-0.0016270367,3.6796439e-21,1.6278234e-21,-0.00057112094,3.8118093,1.707858,0.050000001,0.9115591,-0.1695704,1.4356439e-23,3.81181,1.70786,0
194,0.0037963914,-2.8434847e-20,-1.702344e-19,-0.00065001514,3.8831296,1.7077422,0.050000001,0.90068442,-0.15966222,3.0507955e-24,3.8831301,1.7077399,0
194,0.0089705568,4.0710243e-21,-2.5840456e-21,-0.00074982818,3.9544516,1.7076287,0.050000001,0.89033121,-0.14910236,5.2484028e-24,3.9544499,1.70763,0
194,0.013896263,2.8592273e-20,1.6221516e-19,-0.00086610671,4.0257754,1.7075118,0.050000001,0.88051999,-0.13790669,-1.8430558e-23,4.0257802,1.70751,0
194,0.018574884,2.599321e-21,5.4710307e-21,-0.001031858,4.0970993,1.7074018,0.050000001,0.87127787,-0.12608609,1.5005436e-23,4.0970998,1.7074,0
194,0.023007715,-9.3487921e-21,-8.0892952e-20,-0.0012655526,4.1684294,1.7072983,0.050000001,0.86262935,-0.11365192,2.1118551e-23,4.1684299,1.7072999,0
194,0.027195549,1.9822978e-20,1.5754479e-19,-0.0015975168,4.2397618,1.7071919,0.050000001,0.85460061,-0.10061628,-4.5647449e-23,4.2397599,1.70719,0
194,0.031138789,2.3149378e-20,3.1453576e-19,-0.0021246995,4.3110957,1.7070875,0.050000001,0.84722257,-0.08699014,-1.2049739e-22,4.3111,1.70709,0
194,0.034836292,-6.6567477e-21,2.0232777e-21,-0.0029965395,4.3824296,1.7069852,0.050000001,0.84052396,-0.072790265,-5.525973e-24,4.3824301,1.70699,0
194,0.038286585,-1.8599172e-20,-1.5645465e-19,-0.0044973348,4.4537702,1.7068897,0.050000001,0.83452982,-0.058038544,5.0543612e-23,4.4537702,1.70689,0
194,0.04148652,-4.0973329e-21,7.7487038e-22,-0.0071641337,4.5251107,1.7067938,0.050000001,0.82925683,-0.042771194,-5.1092896e-24,4.5251098,1.70679,0
194,0.044431176,-1.0818345e-20,-2.3215592e-19,-0.011858994,4.5964508,1.7066976,0.050000001,0.82470214,-0.027046613,1.0643323e-22,4.5964499,1.7067,0
194,0.047114089,-1.8854746e-21,-2.3013568e-19,-0.019841546,4.6677899,1.7066056,0.050000001,0.82082683,-0.010955678,1.1764135e-22,4.6677899,1.70661,0
194,0.049526583,3.8435521e-21,-7.5254701e-20,-0.032732446,4.7391319,1.7065175,0.050000001,0.81754053,0.0053692842,4.4302163e-23,4.73913,1.70652,0
194,0.051658172,-9.3969147e-21,2.981732e-19,-0.052253552,4.8104796,1.7064317,0.050000001,0.81469637,0.021753998,-1.7775351e-22,4.8104801,1.70643,0
194,0.053497013,5.5207444e-21,-3.079545e-21,-0.079771779,4.8818302,1.7063483,0.050000001,0.81208986,0.03799152,4.1098667e-24,4.8818302,1.70635,0
194,0.055030748,-4.3456087e-21,3.0815039e-21,-0.11578478,4.9531803,1.706262,0.050000001,0.80947673,0.053865362,-2.9080967e-24,4.9531798,1.70626,0
194,0.056247119,-3.8052234e-20,4.4872046e-19,-0.15939437,5.0245299,1.7061782,0.050000001,0.8066268,0.069189325,-2.8241685e-22,5.0245299,1.70618,0
194,0.057134468,-1.1425387e-20,7.1167686e-20,-0.20815007,5.0958819,1.706098,0.050000001,0.80337101,0.083844744,-4.9361318e-23,5.09588,1.7061,0
194,0.057682905,4.2075114e-20,-3.7311478e-19,-0.25829676,5.1672354,1.7060198,0.050000001,0.79965568,0.097808406,2.4168868e-22,5.1672401,1.70602,0
194,0.057885375,3.7951182e-20,-2.9813127e-19,-0.30540386,5.2385893,1.7059418,0.050000001,0.79558021,0.11115965,1.9419915e-22,5.2385898,1.70594,0
194,0.05773779,1.1857912e-20,-6.8508539e-20,-0.34523067,5.3099499,1.7058682,0.050000001,0.79140109,0.12406599,4.7391488e-23,5.3099499,1.70587,0
194,0.05723913,3.858773e-20,-2.1521721e-19,-0.37455413,5.38131,1.705792,0.050000001,0.78749329,0.13674186,1.4275852e-22,5.38131,1.70579,0
194,0.056392666,2.7848851e-20,-1.4536714e-19,-0.39179713,5.4526696,1.7057176,0.050000001,0.78431123,0.14940202,9.5045774e-23,5.4526701,1.7057199,0
194,0.055203546,3.1902204e-20,-1.3819668e-19,-0.39712164,5.5240293,1.70565,0.050000001,0.78231257,0.16221389,8.8645764e-23,5.5240302,1.70565,0
194,0.053678393,1.5126494e-20,-6.6942603e-20,-0.3922466,5.5953956,1.7055823,0.050000001,0.78189582,0.17526779,4.4363549e-23,5.5953999,1.70558,0
194,0.051826175,-5.3532897e-20,2.1109466e-19,-0.37999332,5.6667624,1.7055118,0.050000001,0.78337288,0.18855786,-1.2615831e-22,5.66676,1.70551,0
194,0.04965372,-3.7914563e-20,1.3967164e-19,-0.36365029,5.7381277,1.7054458,0.050000001,0.78694069,0.20198964,-7.9505182e-23,5.7381301,1.7054501,0
194,0.047166452,-4.0348049e-22,6.4845806e-21,-0.34648541,5.8094954,1.7053795,0.050000001,0.7926805,0.21539401,8.3779848e-25,5.8095002,1.70538,0
194,0.044368058,2.1651845e-20,-7.0411856e-20,-0.33140096,5.880868,1.70532,0.050000001,0.8005991,0.22854474,3.4445072e-23,5.8808699,1.70532,0
194,0.041256528,-2.3197151e-20,7.8581118e-20,-0.32071227,5.9522381,1.7052578,0.050000001,0.81063473,0.24118051,-3.2892376e-23,5.95224,1.70526,0
194,0.037826009,2.0182637e-21,-1.2078542e-21,-0.31613842,6.0236077,1.705196,0.050000001,0.82269484,0.2530176,-5.9124861e-24,6.0236101,1.7052,0
194,0.034066424,7.1790592e-20,-2.3454644e-19,-0.3188234,6.0949798,1.705138,0.050000001,0.83668029,0.26375535,8.8978575e-23,6.0949798,1.70514,0
194,0.029963288,1.0591263e-21,5.5931594e-21,-0.32940355,6.1663518,1.70508,0.050000001,0.85250098,0.27307767,8.6740502e-25,6.1663499,1.70508,0
194,0.025498407,-2.356117e-20,8.3590452e-20,-0.34813878,6.23773,1.7050225,0.050000001,0.87007821,0.28065327,-2.5487233e-23,6.23773,1.70502,0
194,0.020653933,2.4959589e-21,3.0960369e-21,-0.37495339,6.3091059,1.704964,0.050000001,0.88934833,0.28612861,-2.8656804e-24,6.3091102,1.70496,0
194,0.015414391,-2.7048076e-20,8.583988e-20,-0.40947136,6.3804793,1.70491,0.050000001,0.91025203,0.28913128,-1.0122007e-23,6.3804798,1.70491,0
194,0.0097690756,-2.9366521e-20,8.2696471e-20,-0.45101249,6.45186,1.7048583,0.050000001,0.93271476,0.28928307,-7.2663745e-24,6.45186,1.70486,0
194,0.0037209431,-4.5568364e-23,-1.3564722e-22,-0.49853131,6.5232401,1.7048014,0.050000001,0.95663881,0.28620294,7.4763268e-27,6.5232401,1.7048,0
194,-0.0027089645,-5.5659141e-29,5.0369003e-26,-0.55065191,6.5946198,1.7047495,0.050000001,0.98188818,0.27952957,0,6.5946202,1.7047499,0
194,-0.0094763748,0,0,-0.60560048,6.6659994,1.7046995,0.050000001,1.0082686,0.26895213,0,6.6659999,1.7047,0
194,-0.01650808,0,0,-0.66125095,6.7373819,1.7046498,0.050000001,1.0355246,0.25423491,0,6.73738,1.70465,0
194,-0.023698326,-2.1074896e-22,-2.4117578e-22,-0.71504134,6.8087678,1.7046018,0.050000001,1.0633273,0.23524667,0,6.8087702,1.7046,0
194,-0.030908613,-1.8815349e-20,1.0196158e-19,-0.76414621,6.8801522,1.7045583,0.050000001,1.0912801,0.21199362,3.4446451e-23,6.8801498,1.70456,0
194,-0.037972722,-1.5729158e-20,1.0545728e-19,-0.80553377,6.9515352,1.704512,0.050000001,1.1189123,0.18464564,4.0413783e-23,6.95154,1.70451,0
194,-0.044700779,1.8440219e-20,-1.0220587e-19,-0.83595562,7.0229197,1.7044637,0.050000001,1.1456968,0.1535418,-3.4454563e-23,7.0229201,1.70446,0
194,-0.050893612,3.2105434e-21,6.0259881e-20,-0.85243797,7.0943103,1.7044202,0.050000001,1.171055,0.11920647,2.9060771e-23,7.0943098,1.70442,0
194,-0.05635662,-1.9235645e-21,1.1611886e-19,-0.85246164,7.1656957,1.7043782,0.050000001,1.1943676,0.082354784,3.673221e-23,7.1657,1.70438,0
194,-0.060916241,1.303972e-20,-1.6465282e-19,-0.83420569,7.2370796,1.7043338,0.050000001,1.2150217,0.043861508,-7.9425539e-23,7.2370801,1.70433,0
194,-0.064432777,8.5889216e-21,1.1681766e-19,-0.79712158,7.3084698,1.7042919,0.050000001,1.2324345,0.0047239643,6.471168e-23,7.3084698,1.70429,0
194,-0.066819988,-1.7651437e-21,-8.8706245e-22,-0.74224591,7.3798594,1.7042495,0.050000001,1.2460995,-0.033983603,9.7682571e-24,7.3798599,1.70425,0
194,-0.068052508,1.4071791e-20,2.6958876e-21,-0.67241269,7.451252,1.7042098,0.050000001,1.2556571,-0.071208566,2.1966587e-24,7.4512501,1.70421,0
194,-0.068165019,1.4773892e-20,1.1900363e-19,-0.59194416,7.522646,1.7041675,0.050000001,1.2609297,-0.10600732,4.1419205e-23,7.5226498,1.70417,0
194,-0.067248248,-5.0807873e-21,-1.1653036e-19,-0.50593549,7.594038,1.7041278,0.050000001,1.2619523,-0.13762298,-5.4142364e-23,7.5940399,1.7041301,0
194,-0.065435335,-3.0709465e-20,-2.335813e-19,-0.4197357,7.6654296,1.704092,0.050000001,1.2589723,-0.16554385,-9.8340795e-23,7.6654301,1.70409,0
194,-0.062884882,-1.4680743e-20,-1.1806622e-19,-0.33806178,7.7368221,1.7040558,0.050000001,1.2524149,-0.18951944,-5.8916279e-23,7.7368202,1.70406,0
194,-0.059765343,4.7855727e-20,2.8733137e-19,-0.26450375,7.808218,1.7040178,0.050000001,1.2428348,-0.20954886,1.1810981e-22,7.8082199,1.70402,0
194,-0.056238137,-1.0578282e-21,2.305974e-21,-0.20127942,7.879612,1.7039818,0.050000001,1.2308526,-0.22582805,1.3044484e-24,7.8796101,1.70398,0
194,-0.052447002,-5.4565738e-20,-2.8240724e-19,-0.14917557,7.9510098,1.7039483,0.050000001,1.21709,-0.23869595,-1.1305233e-22,7.9510102,1.70395,0
194,-0.04974857,-1.7205564e-20,-8.9627624e-20,-0.12085059,7.9999986,1.7039233,0.050000001,1.2068168,-0.24547248,-3.5506068e-23,8,1.7039225,0
194,-0.16002266,9.5974812e-22,-3.8453975e-19,-0.00022976405,0.99999696,1.7942153,0.050000001,1.2475517,0.013487797,-4.529401e-22,1,1.7942152,0
194,-0.16063383,4.683102e-21,-7.02193e-19,-0.00024994934,1.0319663,1.7941309,0.050000001,1.2483625,0.0097616222,-8.071698e-22,1.03197,1.79413,0
194,-0.16190688,-8.0367334e-21,-5.8508815e-21,-0.00028417044,1.1032215,1.7939476,0.050000001,1.2499248,0.0011494393,-4.3963408e-24,1.10322,1.79395,0
194,-0.16306616,2.7338477e-21,2.299862e-19,-0.00036225861,1.1744775,1.7937573,0.050000001,1.2511948,-0.007788308,2.558261e-22,1.17448,1.7937599,0
194,-0.16407956,-1.4568135e-20,3.4426308e-21,-0.00043822464,1.2457271,1.7935656,0.050000001,1.2521123,-0.017061569,2.4625693e-23,1.24573,1.79357,0
194,-0.16491023,7.841131e-21,2.2628342e-19,-0.0005079761,1.3169773,1.7933718,0.050000001,1.2526175,-0.026671609,2.6280882e-22,1.31698,1.79337,0
194,-0.16551788,3.0271172e-20,9.3126444e-19,-0.0005414263,1.3882297,1.79318,0.050000001,1.2526449,-0.036608607,1.0565428e-21,1.38823,1.79318,0
194,-0.16586082,-1.8542234e-20,-2.3347212e-19,-0.00057883805,1.4594777,1.7929856,0.050000001,1.2521273,-0.046851002,-2.786187e-22,1.45948,1.79299,0
194,-0.16589671,3.0890814e-20,7.0270404e-19,-0.00062521483,1.5307213,1.7927896,0.050000001,1.2510051,-0.057365201,8.6574983e-22,1.53072,1.7927901,0
194,-0.16558214,-4.4257071e-21,6.3734997e-21,-0.0006447006,1.6019691,1.7925978,0.050000001,1.2492099,-0.06810686,-2.7177505e-23,1.60197,1.7926,0
194,-0.16487762,9.133381e-21,-1.2477291e-20,-0.00065751636,1.6732196,1.7924055,0.050000001,1.2466824,-0.079019494,-4.647658e-23,1.67322,1.79241,0
194,-0.16374758,4.13567e-21,2.3771201e-19,-0.00063123117,1.7444695,1.7922161,0.050000001,1.2433773,-0.090035692,2.8194068e-22,1.74447,1.79222,0
194,-0.1621609,-1.0237044e-20,-2.3968212e-19,-0.00058769749,1.81572,1.7920238,0.050000001,1.2392477,-0.10107906,-3.0844719e-22,1.81572,1.79202,0
194,-0.16009158,1.7093182e-20,2.3358254e-19,-0.00055280351,1.88697,1.7918363,0.050000001,1.2342623,-0.11206454,2.5365826e-22,1.88697,1.79184,0
194,-0.15752371,-6.7270496e-20,-6.8494065e-19,-0.00051229208,1.9582214,1.7916483,0.050000001,1.2284076,-0.12290267,-8.0674142e-22,1.95822,1.7916501,0
194,-0.15444893,-6.3713083e-20,-4.5364911e-19,-0.00047016962,2.0294774,1.7914616,0.050000001,1.2216703,-0.13349895,-4.8048642e-22,2.02948,1.79146,0
194,-0.15086633,-3.6370421e-20,-2.2817806e-19,-0.00043700947,2.1007378,1.7912798,0.050000001,1.2140577,-0.14375749,-2.1174603e-22,2.10074,1.79128,0
194,-0.1467851,1.0967429e-19,8.8716899e-19,-0.00038043212,2.1719978,1.7910973,0.050000001,1.2055951,-0.15358426,9.6955776e-22,2.1719999,1.7911,0
194,-0.14222291,1.7872235e-19,1.3402334e-18,-0.00032244824,2.2432551,1.790917,0.050000001,1.1963153,-0.16288754,1.396849e-21,2.2432599,1.79092,0
194,-0.13720535,3.1719152e-20,2.25458e-19,-0.00028080383,2.3145194,1.790741,0.050000001,1.1862655,-0.17158188,2.0753653e-22,2.3145199,1.79074,0
194,-0.13176493,3.2534632e-20,2.1045248e-19,-0.00024599547,2.3857877,1.7905695,0.050000001,1.1755028,-0.17958911,1.8641412e-22,2.3857901,1.79057,0
194,-0.12594114,1.0274605e-19,6.4752505e-19,-0.00022234314,2.4570553,1.7903998,0.050000001,1.1640878,-0.18684012,5.8583042e-22,2.4570601,1.7904,0
194,-0.11977818,-3.3864461e-20,-2.1114053e-19,-0.00020509762,2.5283253,1.7902294,0.050000001,1.1520978,-0.1932752,-2.4245641e-22,2.5283301,1.79023,0
194,-0.11332342,-1.3789501e-19,-8.5455486e-19,-0.0001906813,2.599597,1.7900678,0.050000001,1.1396154,-0.19884628,-7.7628068e-22,2.5996001,1.7900701,0
194,-0.10662717,-7.5846627e-20,-4.2899701e-19,-0.00016885054,2.6708775,1.7899103,0.050000001,1.1267178,-0.20351733,-3.8757708e-22,2.6708801,1.78991,0
194,-0.099741101,-8.9872253e-21,-4.8737066e-21,-0.00014093476,2.7421598,1.789748,0.050000001,1.1134878,-0.20726281,-2.4156077e-23,2.7421601,1.78975,0
194,-0.092715234,4.8570446e-21,4.3631798e-22,-0.00010740811,2.8134403,1.7895873,0.050000001,1.1000128,-0.2100665,2.0201658e-23,2.8134401,1.78959,0
194,-0.085598074,8.6386745e-21,7.5051005e-22,-0.00010997826,2.8847258,1.789438,0.050000001,1.0863726,-0.21192139,2.0203271e-23,2.8847301,1.78944,0
194,-0.078436971,5.1324744e-21,5.0497968e-22,-0.00011228103,2.956012,1.7892903,0.050000001,1.0726429,-0.21283244,1.8598019e-23,2.9560101,1.78929,0
194,-0.071274772,3.9193827e-20,1.982179e-19,-0.00011774074,3.0272996,1.7891418,0.050000001,1.0588979,-0.21280916,1.1920146e-22,3.0272999,1.78914,0
194,-0.064151101,6.645233e-20,3.9092905e-19,-0.0001343137,3.0985956,1.7889985,0.050000001,1.0452002,-0.21186733,1.7927428e-22,3.0985999,1.789,0
194,-0.057102192,2.7671043e-20,1.9189344e-19,-0.0001376315,3.1698916,1.7888583,0.050000001,1.0316155,-0.21002968,7.0194503e-23,3.1698899,1.78886,0
194,-0.05015872,3.2420585e-20,1.8852777e-19,-0.00015794793,3.2411895,1.7887177,0.050000001,1.0182003,-0.20732053,6.5130704e-23,3.24119,1.78872,0
194,-0.043347877,3.5452631e-20,1.8847646e-19,-0.00018091557,3.3124917,1.7885795,0.050000001,1.0050066,-0.20376721,7.3001636e-23,3.31249,1.7885799,0
194,-0.036692131,3.0184389e-20,1.8480423e-19,-0.00020276503,3.3837979,1.7884477,0.050000001,0.9920789,-0.19939676,4.4742285e-23,3.3838,1.78845,0
194,-0.030210923,-4.3233099e-20,-1.7591927e-19,-0.00021752529,3.455102,1.788318,0.050000001,0.97945386,-0.1942393,-4.9133141e-23,3.4551001,1.7883199,0
194,-0.02391929,-7.4178753e-20,-3.5903656e-19,-0.00024547294,3.5264096,1.78819,0.050000001,0.96717,-0.18832214,-8.9994363e-23,3.5264101,1.78819,0
194,-0.017829048,3.3188131e-20,1.7547118e-19,-0.00028271985,3.5977218,1.7880638,0.050000001,0.95525891,-0.18167196,2.4732069e-23,3.5977199,1.78807,0
194,-0.011949126,-2.461882e-21,4.3605904e-21,-0.000317937,3.6690378,1.7879393,0.050000001,0.94374877,-0.17431544,2.3651277e-24,3.66904,1.78794,0
194,-0.0062864944,2.3961938e-20,1.731863e-19,-0.00036262002,3.7403517,1.7878215,0.050000001,0.93266892,-0.16627461,-6.5897018e-24,3.74035,1.78782,0
194,-0.00084558944,3.1942171e-20,1.7269359e-19,-0.00040942457,3.8116693,1.787708,0.050000001,0.92204332,-0.15757161,1.1312665e-23,3.8116701,1.78771,0
194,0.0043707965,-2.8312845e-20,-1.7245714e-19,-0.0004652919,3.8829935,1.7875918,0.050000001,0.91189593,-0.14822584,-8.4591517e-25,3.8829999,1.78759,0
194,0.0093605136,2.0218334e-21,-1.9098199e-22,-0.00054156926,3.9543176,1.78748,0.050000001,0.90225339,-0.1382551,4.3174629e-24,3.95432,1.78748,0
194,0.014122578,2.6993521e-20,1.6460936e-19,-0.00062941131,4.0256414,1.7873701,0.050000001,0.89313924,-0.12767603,-1.9306935e-23,4.02564,1.78737,0
194,0.018657021,2.306946e-20,1.6747963e-19,-0.00074186042,4.0969696,1.7872617,0.050000001,0.88458079,-0.11650104,-2.3535927e-23,4.0969701,1.7872601,0
194,0.022963313,-2.345699e-21,2.6531541e-21,-0.00088922837,4.1682997,1.7871605,0.050000001,0.87660646,-0.10474405,1.6017007e-25,4.1683002,1.78716,0
194,0.02704099,1.6161962e-20,1.6145388e-19,-0.0010864818,4.2396359,1.7870586,0.050000001,0.86924374,-0.092418894,-4.863519e-23,4.2396402,1.78706,0
194,0.030889379,2.9685309e-20,3.1863287e-19,-0.0013829726,4.3109698,1.7869537,0.050000001,0.86252564,-0.079539321,-1.0714564e-22,4.3109698,1.78695,0
194,0.034506872,1.4824287e-20,2.3685503e-19,-0.001848345,4.3823051,1.7868556,0.050000001,0.85648644,-0.066119798,-9.4380126e-23,4.3823099,1.78686,0
194,0.037890818,-7.1177842e-21,-8.0409743e-20,-0.0026143091,4.4536438,1.78676,0.050000001,0.85115719,-0.052181408,2.7798584e-23,4.45364,1.78676,0
194,0.04103804,-3.3875047e-21,7.281795e-20,-0.0039326237,4.5249867,1.786666,0.050000001,0.84656841,-0.037748955,-4.9675612e-23,4.5249801,1.78667,0
194,0.043943256,-6.0411553e-21,-3.1618894e-19,-0.0062548555,4.5963302,1.7865692,0.050000001,0.8427422,-0.022861235,1.5219305e-22,4.5963302,1.78657,0
194,0.046597984,-1.0595606e-20,-4.680159e-19,-0.010284998,4.6676693,1.7864815,0.050000001,0.8396852,-0.007576257,2.2672751e-22,4.6676698,1.7864799,0
194,0.049005147,4.0816985e-21,-1.0502773e-21,-0.017062554,4.7390175,1.7863955,0.050000001,0.83737254,0.0080248732,4.6396894e-24,4.7390199,1.7864,0
194,0.051155895,-4.3491081e-21,1.5292957e-19,-0.027918663,4.8103681,1.7863097,0.050000001,0.83574235,0.023827733,-8.8416199e-23,4.81037,1.78631,0
194,0.053030159,1.5580921e-20,-1.5831746e-19,-0.044300627,4.8817182,1.7862285,0.050000001,0.83468425,0.039684352,9.6040237e-23,4.8817201,1.78623,0
194,0.054620467,9.2980642e-21,-1.5887447e-19,-0.067486465,4.9530702,1.7861418,0.050000001,0.83403659,0.05542101,8.8978758e-23,4.9530702,1.78614,0
194,0.055916939,-2.9963897e-20,3.9450379e-19,-0.09816125,5.0244198,1.7860595,0.050000001,0.83360946,0.070855118,-2.3298304e-22,5.0244198,1.78606,0
194,0.056908909,-2.6872878e-20,2.3493718e-19,-0.13606232,5.0957718,1.7859818,0.050000001,0.83320594,0.085819609,-1.4397675e-22,5.0957699,1.78598,0
194,0.05758664,-1.5705725e-20,7.9417636e-20,-0.17980544,5.16713,1.7859081,0.050000001,0.83266371,0.10019068,-4.9725844e-23,5.16713,1.78591,0
194,0.057942323,-8.0192309e-21,1.1382494e-20,-0.22696024,5.2384877,1.7858318,0.050000001,0.83189547,0.11390608,4.2348203e-25,5.2384901,1.78583,0
194,0.057969648,8.6712253e-21,-7.8752338e-20,-0.27436492,5.3098478,1.7857603,0.050000001,0.83092439,0.1269771,4.9209143e-23,5.3098502,1.78576,0
194,0.057664476,2.4413119e-20,-1.6504856e-19,-0.31873497,5.3812099,1.7856883,0.050000001,0.82988286,0.13948101,9.6947269e-23,5.3812099,1.7856899,0
194,0.05702595,2.7620336e-20,-1.5285785e-19,-0.3572377,5.45257,1.7856139,0.050000001,0.82901531,0.15153813,9.5180928e-23,5.45257,1.78561,0
194,0.056054018,1.4220745e-20,-7.2076932e-20,-0.38791838,5.5239296,1.7855486,0.050000001,0.82864487,0.16328278,4.7034377e-23,5.5239301,1.78555,0
194,0.054750383,-5.6820957e-22,6.3401889e-22,-0.41005924,5.5952973,1.7854803,0.050000001,0.82911664,0.17482981,0,5.5953002,1.78548,0
194,0.053118836,-1.7919231e-20,7.9139458e-20,-0.42408085,5.6666679,1.785412,0.050000001,0.83078134,0.18624562,-4.3377047e-23,5.6666698,1.78541,0
194,0.051161714,3.7686808e-20,-1.632226e-19,-0.43138662,5.7380319,1.785346,0.050000001,0.83394134,0.19753431,8.4209961e-23,5.73803,1.78535,0
194,0.048881046,3.6730929e-20,-1.6097904e-19,-0.43402755,5.8093991,1.7852795,0.050000001,0.83882934,0.20863162,8.5887761e-23,5.8094001,1.78528,0
194,0.046277706,2.7200722e-21,3.686412e-21,-0.4343003,5.8807716,1.78522,0.050000001,0.8456158,0.21940483,-5.8912014e-24,5.8807702,1.78522,0
194,0.043349046,-7.5120591e-22,-4.263795e-21,-0.4344672,5.952148,1.7851597,0.050000001,0.85439306,0.22966455,1.5460963e-24,5.9521499,1.7851599,0
194,0.040090889,-2.3510567e-20,7.3331888e-20,-0.4365508,6.02352,1.7850995,0.050000001,0.86519909,0.23917252,-3.4115044e-23,6.02352,1.7851,0
194,0.036495402,-2.258612e-20,8.9039317e-20,-0.44216472,6.0948896,1.7850415,0.050000001,0.87803143,0.24765359,-2.9535959e-23,6.0948901,1.78504,0
194,0.032552291,1.4636366e-21,3.2355634e-21,-0.45246735,6.1662655,1.7849855,0.050000001,0.89285851,0.25480264,-1.5596538e-24,6.1662698,1.78499,0
194,0.028250435,6.9201071e-20,-2.6269987e-19,-0.46819159,6.2376442,1.784928,0.050000001,0.90961874,0.26029307,7.2266475e-23,6.2376399,1.78493,0
194,0.023580402,3.5899542e-20,-1.3044854e-19,-0.48959318,6.30902,1.7848718,0.050000001,0.92824274,0.2637772,3.101979e-23,6.30902,1.78487,0
194,0.018537467,-1.008836e-20,4.6635742e-20,-0.51648539,6.3803954,1.7848197,0.050000001,0.94864118,0.26489586,-1.3157353e-23,6.3804002,1.78482,0
194,0.013124018,-2.6725839e-20,8.754614e-20,-0.54831833,6.4517775,1.78477,0.050000001,0.97068721,0.26329631,-5.7043041e-24,6.4517798,1.78477,0
194,0.0073562996,-2.6796022e-20,8.7639049e-20,-0.58412898,6.52316,1.7847178,0.050000001,0.99422282,0.2586385,-5.7095567e-24,6.52316,1.7847199,0
194,0.0012684658,4.0033585e-26,-3.9993569e-23,-0.62252003,6.5945401,1.7846657,0.050000001,1.0190408,0.25061712,0,6.5945401,1.78467,0
194,-0.0050835568,0,0,-0.66170508,6.6659222,1.784618,0.050000001,1.0448775,0.23898679,0,6.6659198,1.78462,0
194,-0.011618365,0,0,-0.69957972,6.737308,1.784568,0.050000001,1.0714103,0.22358489,0,6.7373099,1.78457,0
194,-0.018226907,-8.7984578e-26,1.0045335e-22,-0.73373646,6.8086896,1.7845197,0.050000001,1.0982397,0.20435867,0,6.8086901,1.78452,0
194,-0.024775164,9.0278532e-21,-5.1156859e-20,-0.76154327,6.8800759,1.784476,0.050000001,1.1249105,0.18138944,-1.4341521e-23,6.8800802,1.78448,0
194,-0.031108312,8.9987686e-21,-5.1402496e-20,-0.78033149,6.9514594,1.7844299,0.050000001,1.1508995,0.15491581,-1.4354023e-23,6.9514599,1.78443,0
194,-0.037059322,2.1562598e-22,-1.0052944e-22,-0.78755718,7.0228477,1.784386,0.050000001,1.1756377,0.12533051,0,7.02285,1.78439,0
194,-0.042459205,-1.2010874e-22,-3.7054897e-22,-0.78114778,7.0942383,1.7843398,0.050000001,1.1985248,0.093198009,-1.2552255e-26,7.0942402,1.78434,0
194,-0.047149707,-3.4193655e-21,1.1355197e-19,-0.75971252,7.1656218,1.7843,0.050000001,1.218962,0.059231963,4.6527486e-23,7.1656199,1.7843,0
194,-0.050999358,2.1982973e-21,1.1716551e-19,-0.72284931,7.2370095,1.7842603,0.050000001,1.2363871,0.024265554,4.0601191e-23,7.23701,1.78426,0
194,-0.053913109,6.6340499e-21,3.3314511e-21,-0.67147201,7.3084002,1.7842182,0.050000001,1.2503123,-0.010790166,4.365563e-24,7.3084002,1.78422,0
194,-0.055842869,-8.7126635e-21,-2.339243e-19,-0.60788089,7.3797898,1.784178,0.050000001,1.2603722,-0.045013696,-9.2123019e-23,7.3797898,1.78418,0
194,-0.056790914,1.6474397e-20,1.17177e-19,-0.53559709,7.4511857,1.7841382,0.050000001,1.2663798,-0.077553719,4.3311808e-23,7.45119,1.78414,0
194,-0.056807101,3.1814171e-20,3.5311655e-19,-0.4588905,7.5225801,1.7840958,0.050000001,1.2683347,-0.1076903,1.446312e-22,7.5225801,1.7841001,0
194,-0.055980902,-1.9917939e-20,-2.3333447e-19,-0.38213903,7.5939693,1.78406,0.050000001,1.2664273,-0.13489398,-9.4151584e-23,7.5939698,1.78406,0
194,-0.054429166,-4.1628494e-20,-3.5203158e-19,-0.30929527,7.6653624,1.7840242,0.050000001,1.2610248,-0.15884691,-1.4029346e-22,7.66536,1.7840199,0
194,-0.052282624,1.0035412e-20,5.6489321e-20,-0.24343057,7.7367578,1.783986,0.050000001,1.2526098,-0.17943922,1.9881418e-23,7.7367601,1.78399,0
194,-0.04967574,-1.9892459e-20,-1.1212433e-19,-0.18649933,7.8081517,1.7839497,0.050000001,1.2417401,-0.1967424,-2.0971093e-23,7.8081498,1.78395,0
194,-0.046733417,-7.0029539e-21,-5.9519031e-20,-0.13925242,7.87955,1.783914,0.050000001,1.2289901,-0.21096481,-2.0763477e-23,7.87955,1.78391,0
194,-0.043566126,-1.3151037e-21,2.6950219e-21,-0.10148449,7.9509482,1.7838802,0.050000001,1.2149024,-0.22240195,4.794979e-24,7.9509501,1.78388,0
194,-0.041299701,-2.2135352e-20,-1.1449979e-19,-0.081478201,8.000001,1.7838581,0.050000001,1.2046343,-0.22858015,-3.4094019e-23,8,1.7838594,0
194,-0.1517687,9.3686234e-21,-5.6216446e-19,8.058094e-05,0.9999969,1.8738441,0.050000001,1.2383858,0.011692313,-6.0584093e-22,1,1.8738455,0
194,-0.15230367,9.690866e-21,-4.6214353e-19,7.2512157e-05,1.0316262,1.8737677,0.050000001,1.2390548,0.0081242826,-5.0873486e-22,1.03163,1.87377,0
194,-0.15339346,-6.9189385e-21,-4.7139053e-19,5.7374076e-05,1.1028914,1.8735895,0.050000001,1.2402949,-0.00017399569,-5.4373958e-22,1.10289,1.87359,0
194,-0.1543465,-2.736332e-21,-4.4594902e-21,5.2656571e-05,1.1741576,1.8734093,0.050000001,1.2412324,-0.0087432135,-2.622978e-23,1.17416,1.87341,0
194,-0.15513724,-7.6307896e-21,-2.3519622e-19,3.5362467e-05,1.245417,1.8732293,0.050000001,1.2418175,-0.017587667,-2.9035398e-22,1.24542,1.87323,0
194,-0.15573566,-3.3020149e-21,-9.9762401e-21,2.0341283e-06,1.3166752,1.8730501,0.050000001,1.2419974,-0.026704473,-3.0342276e-24,1.31668,1.87305,0
194,-0.15610982,1.0481447e-20,7.0152816e-19,-8.9431687e-06,1.3879315,1.8728683,0.050000001,1.2417148,-0.036081467,7.8290691e-22,1.38793,1.87287,0
194,-0.15622623,-3.2336177e-20,-6.8883972e-19,-3.870255e-05,1.4591895,1.8726795,0.050000001,1.2409199,-0.045697961,-8.1283869e-22,1.45919,1.8726799,0
194,-0.15605058,-1.3435305e-20,-2.4611368e-19,-4.7886497e-05,1.5304456,1.8724912,0.050000001,1.2395626,-0.055522244,-2.7970261e-22,1.53045,1.87249,0
194,-0.15554813,3.2098288e-20,6.9163208e-19,-3.8873302e-05,1.6016974,1.872308,0.050000001,1.2375848,-0.065513134,7.8253755e-22,1.6016999,1.87231,0
194,-0.15468803,1.5386507e-21,4.7564735e-21,-5.8516322e-05,1.672956,1.8721218,0.050000001,1.2349401,-0.075621329,-9.2425458e-25,1.67296,1.87212,0
194,-0.15344173,1.1908553e-21,1.6706867e-21,-4.7407346e-05,1.7442119,1.87194,0.050000001,1.2315875,-0.085786812,1.6120885e-24,1.74421,1.87194,0
194,-0.15178439,-5.9175867e-21,-4.6203373e-21,-2.9434083e-05,1.8154677,1.8717583,0.050000001,1.227495,-0.095944196,-3.390474e-23,1.81547,1.87176,0
194,-0.14969786,-8.0957152e-21,-2.5887605e-21,-1.9545523e-05,1.8867258,1.8715715,0.050000001,1.2226402,-0.1060201,-3.3270796e-23,1.88673,1.87157,0
194,-0.14716859,-1.5989561e-20,-2.2134875e-19,-8.9110135e-06,1.9579817,1.8713897,0.050000001,1.2170103,-0.11593609,-2.5991912e-22,1.95798,1.87139,0
194,-0.14419061,-1.0414583e-19,-9.0205866e-19,-2.2364104e-05,2.0292392,1.8712097,0.050000001,1.2105953,-0.1256126,-9.7690252e-22,2.0292399,1.87121,0
194,-0.14076464,-3.1139822e-20,-2.3274657e-19,-2.0284768e-05,2.1005054,1.8710338,0.050000001,1.2034025,-0.13496786,-2.494693e-22,2.1005099,1.87104,0
194,-0.1368999,1.4851645e-20,2.2512728e-19,3.490233e-06,2.1717718,1.8708572,0.050000001,1.1954553,-0.14392014,2.9874089e-22,2.1717701,1.87086,0
194,-0.13261054,1.0739467e-19,8.8736338e-19,-9.7886714e-06,2.2430375,1.8706855,0.050000001,1.1867827,-0.15239067,9.0843192e-22,2.2430401,1.87069,0
194,-0.12791853,4.8289828e-20,4.475455e-19,-3.9211736e-06,2.3143053,1.8705156,0.050000001,1.1774226,-0.16030647,4.0579692e-22,2.3143101,1.87052,0
194,-0.12285233,-3.6583491e-20,-2.291754e-19,2.7624148e-05,2.3855777,1.8703477,0.050000001,1.1674252,-0.16759926,-2.8777727e-22,2.3855801,1.87035,0
194,-0.11744526,2.6819312e-20,2.095374e-19,2.2070266e-05,2.456852,1.8701818,0.050000001,1.156848,-0.17420787,1.7954084e-22,2.4568501,1.87018,0
194,-0.11173359,1.3524531e-20,-5.8783837e-21,6.3651032e-06,2.5281255,1.8700175,0.050000001,1.1457527,-0.18007937,-2.3100395e-23,2.5281301,1.87002,0
194,-0.10575818,9.811846e-21,-5.597492e-21,1.9219424e-05,2.5994015,1.8698575,0.050000001,1.134208,-0.1851708,-2.9666702e-23,2.5994,1.8698601,0
194,-0.099561341,-2.1871326e-21,-1.2704811e-20,2.0139265e-05,2.6706882,1.869702,0.050000001,1.1222802,-0.18944776,-7.4884521e-23,2.6706901,1.8697,0
194,-0.093187019,-3.863391e-20,-2.0869857e-19,-4.5298594e-07,2.7419701,1.8695483,0.050000001,1.1100453,-0.19288479,-1.7082152e-22,2.7419701,1.86955,0
194,-0.086678542,-6.7918882e-20,-4.1271194e-19,1.4830121e-05,2.8132517,1.8693916,0.050000001,1.0975754,-0.19546659,-2.8070147e-22,2.8132501,1.86939,0
194,-0.080077589,3.8867456e-20,2.0096834e-19,1.4238455e-05,2.8845396,1.8692415,0.050000001,1.0849453,-0.19718213,1.5057588e-22,2.8845401,1.86924,0
194,-0.073424973,7.3325878e-20,4.029067e-19,-9.5235046e-06,2.9558315,1.8690981,0.050000001,1.0722229,-0.19803189,2.593785e-22,2.9558301,1.8691,0
194,-0.06675873,7.4338218e-20,3.966603e-19,-9.6349995e-06,3.0271277,1.8689518,0.050000001,1.0594702,-0.19802314,2.4314329e-22,3.0271299,1.86895,0
194,-0.060114451,1.09119e-19,5.845354e-19,-2.8665603e-05,3.0984259,1.8688096,0.050000001,1.0467501,-0.1971651,2.9413427e-22,3.0984299,1.8688101,0
194,-0.05352461,-4.0348807e-20,-1.8633176e-19,-4.2222964e-05,3.169724,1.8686713,0.050000001,1.0341203,-0.1954743,-8.9528613e-23,3.1697199,1.86867,0
194,-0.047016699,-1.1354582e-19,-5.7616702e-19,-6.1486768e-05,3.2410257,1.8685398,0.050000001,1.0216351,-0.19296907,-2.6867976e-22,3.24103,1.86854,0
194,-0.040616568,-5.7176424e-21,1.1150332e-21,-9.0087982e-05,3.31233,1.8684077,0.050000001,1.0093428,-0.18967202,-7.8003126e-24,3.31233,1.86841,0
194,-0.034345534,-4.1653533e-20,-1.8269309e-19,-0.00010039201,3.3836381,1.8682778,0.050000001,0.99728513,-0.185606,-6.754352e-23,3.3836401,1.8682801,0
194,-0.028222144,-1.0429396e-19,-5.4959152e-19,-0.00011313358,3.4549456,1.8681498,0.050000001,0.9855026,-0.18079558,-1.501794e-22,3.4549501,1.86815,0
194,-0.022261498,-3.3906379e-20,-1.8765621e-19,-0.00014002174,3.526258,1.868021,0.050000001,0.97403324,-0.17526354,-5.6076424e-23,3.5262599,1.8680201,0
194,-0.016475996,6.3124621e-20,3.5661387e-19,-0.00017519889,3.5975718,1.8678998,0.050000001,0.96291,-0.16903345,5.2347144e-23,3.5975699,1.8679,0
194,-0.010875388,-2.747967e-20,-1.7784216e-19,-0.0002033362,3.6688876,1.8677793,0.050000001,0.95216209,-0.16212919,-1.2400984e-23,3.66889,1.86778,0
194,-0.0054673762,-2.8304156e-20,-1.8257007e-19,-0.00024204831,3.7402081,1.8676658,0.050000001,0.94181967,-0.15457094,-2.883611e-23,3.7402101,1.8676701,0
194,-0.00025815773,5.2970669e-20,3.4479804e-19,-0.00028144373,3.8115299,1.8675525,0.050000001,0.93190938,-0.14638087,-7.437682e-24,3.8115301,1.86755,0
194,0.0047481512,2.475421e-20,1.7204085e-19,-0.00032650761,3.8828518,1.8674402,0.050000001,0.92245829,-0.13757668,-8.2894301e-24,3.8828499,1.86744,0
194,0.0095484927,-8.7757343e-23,-2.7504778e-22,-0.0003804272,3.9541774,1.8673297,0.050000001,0.91349286,-0.12817615,0,3.95418,1.86733,0
194,0.014140415,-1.8901975e-20,-1.6818946e-19,-0.00045112355,4.0255079,1.867219,0.050000001,0.90503973,-0.11819619,3.0968338e-23,4.0255098,1.86722,0
194,0.018522065,-7.8648914e-21,-8.1532311e-20,-0.0005376006,4.0968404,1.8671155,0.050000001,0.89712769,-0.10765202,2.0780893e-23,4.0968399,1.86712,0
194,0.022691702,4.4880167e-20,4.1723525e-19,-0.00063158438,4.16817,1.867016,0.050000001,0.88978451,-0.096559815,-8.9526493e-23,4.16817,1.86702,0
194,0.026648093,2.1741332e-20,1.6591964e-19,-0.00076103455,4.239502,1.8669137,0.050000001,0.88304025,-0.084934488,-2.8572482e-23,4.2395,1.86691,0
194,0.030389676,-4.2220765e-22,3.5538038e-21,-0.00094120909,4.3108397,1.8668183,0.050000001,0.87692952,-0.07279031,9.0872043e-25,4.3108401,1.86682,0
194,0.033913985,1.5755254e-20,2.4699528e-19,-0.0011982061,4.3821774,1.8667197,0.050000001,0.87148529,-0.060145546,-8.2310555e-23,4.3821802,1.86672,0
194,0.037218012,-1.9330544e-21,2.3756157e-21,-0.0015996242,4.4535174,1.8666255,0.050000001,0.86674321,-0.047019918,-1.4401135e-24,4.4535198,1.86663,0
194,0.040298313,-7.8092459e-22,7.6969214e-20,-0.002257335,4.5248623,1.8665317,0.050000001,0.86273694,-0.033437047,-4.3444145e-23,4.5248599,1.8665299,0
194,0.043150749,-9.540458e-22,7.1341822e-23,-0.0033839988,4.5962081,1.8664415,0.050000001,0.85950214,-0.019426169,4.3360418e-27,4.59621,1.8664401,0
194,0.045769546,-7.6828091e-21,-7.879276e-20,-0.0053303731,4.667552,1.8663583,0.050000001,0.85706455,-0.0050301049,3.2159909e-23,4.6675501,1.8663599,0
194,0.048150796,-3.0365512e-21,7.7975919e-20,-0.0086694248,4.7389002,1.8662697,0.050000001,0.85543531,0.0096965237,-4.4176072e-23,4.7389002,1.8662699,0
194,0.050287031,3.7604075e-21,-8.4549032e-20,-0.014217751,4.8102498,1.8661858,0.050000001,0.85460806,0.024678778,3.9890112e-23,4.8102498,1.86619,0
194,0.052167527,1.3461577e-20,-2.3741893e-19,-0.023032101,4.8816023,1.8661015,0.050000001,0.85454118,0.039816227,1.3345169e-22,4.8815999,1.8661,0
194,0.05378332,4.576258e-21,-7.2380275e-20,-0.036300246,4.9529543,1.8660195,0.050000001,0.85515833,0.054984476,4.8678234e-23,4.95295,1.86602,0
194,0.055125147,-1.8655521e-20,2.369715e-19,-0.055125874,5.0243077,1.8659418,0.050000001,0.85634428,0.070038579,-1.4014031e-22,5.0243101,1.86594,0
194,0.056183122,1.9556093e-21,-4.9005811e-21,-0.080260694,5.0956597,1.8658683,0.050000001,0.85795426,0.084823519,-1.6888697e-24,5.0956602,1.86587,0
194,0.056948066,-1.5009435e-20,7.4857887e-20,-0.11187102,5.1670175,1.8657898,0.050000001,0.85983026,0.099193111,-5.2076814e-23,5.1670198,1.86579,0
194,0.057411861,-5.8335536e-20,3.9797022e-19,-0.14932556,5.2383795,1.8657178,0.050000001,0.86183596,0.11302316,-2.4241519e-22,5.23838,1.86572,0
194,0.057566985,-5.2338007e-21,4.3199096e-21,-0.19118899,5.309742,1.8656483,0.050000001,0.86387599,0.12623113,1.0578892e-24,5.3097401,1.8656501,0
194,0.057407826,4.7304113e-21,-7.973391e-20,-0.23543823,5.3811078,1.8655738,0.050000001,0.8659237,0.1387821,5.0019474e-23,5.3811102,1.8655699,0
194,0.056930792,1.2629106e-20,-8.6966823e-20,-0.27971795,5.4524698,1.8655083,0.050000001,0.86804408,0.15068546,4.7763982e-23,5.4524698,1.86551,0
194,0.056132756,1.3776974e-20,-7.9475029e-20,-0.32177833,5.5238295,1.8654405,0.050000001,0.87037337,0.16198784,4.8803454e-23,5.5238299,1.86544,0
194,0.055012655,-1.4834557e-20,8.5150728e-20,-0.35982624,5.5951972,1.8653719,0.050000001,0.87312138,0.17274964,-4.6297814e-23,5.5952001,1.86537,0
194,0.053570349,-3.4229144e-20,1.6500825e-19,-0.39269885,5.6665702,1.865308,0.050000001,0.87654662,0.18302384,-8.7493958e-23,5.6665702,1.86531,0
194,0.051805243,-1.5815016e-20,9.0468718e-20,-0.42004925,5.7379375,1.8652415,0.050000001,0.88091618,0.19283842,-4.5367586e-23,5.7379398,1.86524,0
194,0.04971686,1.9599221e-20,-7.267119e-20,-0.4422763,5.8093052,1.8651798,0.050000001,0.88649458,0.20217836,4.0820147e-23,5.80931,1.86518,0
194,0.047303643,2.1180082e-20,-8.4000437e-20,-0.46032071,5.8806777,1.8651201,0.050000001,0.89351112,0.21097678,3.6111051e-23,5.8806801,1.8651201,0
194,0.044562791,2.2052803e-20,-8.1813139e-20,-0.4754836,5.9520521,1.86506,0.050000001,0.90214825,0.21911319,3.4270361e-23,5.9520502,1.86506,0
194,0.041491099,-1.9761292e-20,8.3799167e-20,-0.48920116,6.023428,1.8650018,0.050000001,0.91254359,0.22641388,-3.8288219e-23,6.0234299,1.865,0
194,0.038083207,-4.5153189e-20,1.5857764e-19,-0.50283915,6.0947995,1.8649483,0.050000001,0.92478162,0.23265855,-6.5185034e-23,6.0948,1.8649499,0
194,0.034333531,1.4179007e-21,-5.2980211e-22,-0.51754093,6.1661754,1.864892,0.050000001,0.93889439,0.23758985,-5.9371478e-24,6.1661801,1.86489,0
194,0.030238563,4.8193365e-20,-1.6742192e-19,-0.53414667,6.237555,1.8648357,0.050000001,0.95487463,0.24091856,4.5082751e-23,6.2375598,1.86484,0
194,0.025797158,1.228195e-20,-4.3287027e-20,-0.55311173,6.3089314,1.8647795,0.050000001,0.97266561,0.24233739,8.8992598e-24,6.3089299,1.8647799,0
194,0.021014653,-1.0940965e-20,4.4691366e-20,-0.5744679,6.3803096,1.86473,0.050000001,0.99217421,0.24152781,-1.1908374e-23,6.3803101,1.86473,0
194,0.015905224,-8.9332591e-23,-8.3353208e-23,-0.59783345,6.4516916,1.8646801,0.050000001,1.0132529,0.23818237,0,6.4516902,1.8646801,0
194,0.010496451,3.572167e-23,-2.5022078e-26,-0.62243581,6.523078,1.8646297,0.050000001,1.0357099,0.23201486,0,6.5230799,1.86463,0
194,0.0048331362,0,0,-0.64710468,6.59446,1.8645798,0.050000001,1.0592873,0.22278319,0,6.59446,1.86458,0
194,-0.0010210648,-1.1199824e-23,6.2752941e-27,-0.67028451,6.665844,1.8645297,0.050000001,1.0836669,0.21030994,0,6.6658401,1.86453,0
194,-0.0069815638,-1.1189895e-23,6.2697309e-27,-0.69012821,6.7372303,1.8644817,0.050000001,1.1084745,0.19450368,0,6.7372298,1.86448,0
194,-0.012942259,0,0,-0.70470947,6.8086119,1.8644381,0.050000001,1.1332698,0.1753843,0,6.80861,1.86444,0
194,-0.018779686,8.9729634e-23,-6.2853651e-26,-0.71195221,6.8799977,1.8643914,0.050000001,1.1575544,0.15309866,0,6.8800001,1.86439,0
194,-0.024356842,8.9805049e-23,-6.2906474e-26,-0.7098996,6.9513817,1.8643501,0.050000001,1.1807868,0.12793204,0,6.9513798,1.86435,0
194,-0.0295339,4.1006253e-26,-6.5540583e-23,-0.69705164,7.0227718,1.8643039,0.050000001,1.2024016,0.10031172,0,7.0227699,1.8643,0
194,-0.034174267,7.9607127e-22,5.977191e-20,-0.67245096,7.094162,1.8642595,0.050000001,1.2218393,0.070796706,9.359288e-24,7.0941601,1.86426,0
194,-0.038158055,3.2654988e-21,-5.6245949e-20,-0.63590091,7.1655498,1.8642198,0.050000001,1.2385645,0.040060818,-1.8760005e-23,7.1655502,1.86422,0
194,-0.041390602,4.2795582e-21,6.6193154e-22,-0.58820492,7.2369399,1.86418,0.050000001,1.2521222,0.0088529969,1.2488485e-23,7.2369399,1.86418,0
194,-0.043813664,5.3880122e-21,1.1819246e-19,-0.53124517,7.3083301,1.86414,0.050000001,1.2621696,-0.022051184,3.3629219e-23,7.3083301,1.86414,0
194,-0.045407198,6.4692875e-21,1.1425848e-21,-0.46781009,7.3797216,1.8640997,0.050000001,1.2685021,-0.051910836,-6.4059375e-24,7.3797202,1.8641,0
194,-0.046188015,1.4275716e-20,1.1762816e-19,-0.40123782,7.451118,1.864062,0.050000001,1.2710947,-0.080077037,4.3193189e-23,7.4511199,1.86406,0
194,-0.046208315,3.809363e-21,1.9850515e-22,-0.33499238,7.5225101,1.864024,0.050000001,1.2700897,-0.10603162,7.8723924e-24,7.5225101,1.86402,0
194,-0.045546338,-5.5344042e-21,-1.1886709e-19,-0.27224505,7.5939021,1.863988,0.050000001,1.2657773,-0.12942272,-4.3860228e-23,7.5939002,1.8639899,0
194,-0.044298202,3.8418064e-21,-2.593753e-21,-0.21539533,7.665298,1.8639523,0.050000001,1.2585648,-0.15006769,-1.0452449e-23,7.6652999,1.86395,0
194,-0.04256694,2.0611357e-20,1.1346621e-19,-0.1660272,7.736692,1.863914,0.050000001,1.2489326,-0.16793314,3.4337446e-23,7.73669,1.86391,0
194,-0.040454574,-3.3715475e-20,-2.2932471e-19,-0.12484371,7.8080873,1.86388,0.050000001,1.23739,-0.18311207,-7.1136927e-23,7.8080902,1.86388,0
194,-0.038056415,-4.0161354e-20,-2.8706631e-19,-0.091717526,7.8794856,1.8638486,0.050000001,1.2244248,-0.19578859,-7.4954774e-23,7.8794899,1.86385,0
194,-0.035457328,-2.8467715e-20,-1.6491276e-19,-0.065949596,7.950882,1.8638117,0.050000001,1.2104827,-0.20619905,-2.86492e-23,7.9508801,1.8638099,0
194,-0.033579551,-9.7448177e-21,-5.217622e-20,-0.052594189,8.000001,1.8637899,0.050000001,1.2004832,-0.21197902,-1.3337334e-23,8,1.8637893,0
194,-0.14382465,9.3594258e-21,2.7519553e-20,0.00017124845,0.99999887,1.9534671,0.050000001,1.2295253,0.010205572,2.3705512e-23,1,1.9534646,0
194,-0.1442976,3.9099709e-21,2.348601e-19,0.00016916392,1.0312799,1.953396,0.050000001,1.230075,0.0068030055,2.5300317e-22,1.03128,1.95339,0
194,-0.14523943,-6.453088e-21,-1.137631e-18,0.0001368411,1.1025574,1.9532275,0.050000001,1.2310499,-0.0011685712,-1.1774972e-21,1.10256,1.95323,0
194,-0.14602843,-4.3499593e-22,-4.6703744e-19,0.00013520608,1.1738293,1.9530575,0.050000001,1.2317123,-0.0093643609,-4.8792221e-22,1.17383,1.95306,0
194,-0.14664418,-5.930282e-21,-2.333503e-21,0.00015768093,1.2450994,1.9528875,0.050000001,1.2320224,-0.01778521,-3.6419902e-24,1.2451,1.95289,0
194,-0.14706238,-7.1730639e-21,-2.2942454e-19,0.00016264089,1.3163654,1.9527155,0.050000001,1.2319398,-0.026425082,-2.5894714e-22,1.31637,1.95272,0
194,-0.14725727,-5.7110722e-21,-6.984558e-21,0.0001490313,1.3876271,1.9525417,0.050000001,1.231415,-0.035270452,-4.5839019e-23,1.38763,1.95254,0
194,-0.14720155,-2.4851018e-21,-2.3062705e-19,0.0001315,1.4588956,1.9523662,0.050000001,1.2304072,-0.044300772,-2.5992858e-22,1.4589,1.95237,0
194,-0.14686839,3.2429829e-22,-3.3023453e-21,0.00014169172,1.5301577,1.9521855,0.050000001,1.2288724,-0.053486172,-1.5834169e-24,1.53016,1.95219,0
194,-0.14623043,-1.0559029e-20,-7.2770018e-22,0.00016558597,1.6014173,1.9520078,0.050000001,1.2267649,-0.062789537,6.8044213e-25,1.60142,1.95201,0
194,-0.14526275,1.889208e-20,2.2107257e-19,0.00015107493,1.6726795,1.9518298,0.050000001,1.2240525,-0.072166398,2.0939029e-22,1.67268,1.95183,0
194,-0.14394286,3.9016962e-20,4.5736605e-19,0.00012383654,1.7439417,1.9516516,0.050000001,1.2206976,-0.081564531,4.5596463e-22,1.74394,1.95165,0
194,-0.14225116,-7.7680977e-20,-8.95316e-19,0.0001356166,1.8152076,1.9514782,0.050000001,1.2166724,-0.090926401,-9.1679814e-22,1.81521,1.95148,0
194,-0.14017409,-5.4335711e-20,-6.8724145e-19,0.00015196721,1.8864719,1.9512995,0.050000001,1.2119627,-0.10018824,-7.0945631e-22,1.88647,1.9513,0
194,-0.13770168,3.8157115e-20,4.5032281e-19,0.00016551904,1.9577355,1.9511259,0.050000001,1.2065599,-0.10928271,4.5217401e-22,1.9577399,1.95113,0
194,-0.1348304,-9.4886108e-20,-8.869623e-19,0.00014259177,2.0289972,1.9509518,0.050000001,1.2004603,-0.11814099,-8.787344e-22,2.029,1.95095,0
194,-0.13156137,-2.1733706e-21,-7.100335e-21,0.00012280312,2.1002674,1.9507796,0.050000001,1.1936651,-0.12669253,4.5735868e-25,2.10027,1.95078,0
194,-0.1279027,1.3006988e-20,2.316661e-19,0.00013963666,2.1715395,1.9506115,0.050000001,1.1861954,-0.13486655,2.2767109e-22,2.17154,1.95061,0
194,-0.12386706,-6.0255274e-20,-4.4077891e-19,0.0001368348,2.2428095,1.9504455,0.050000001,1.1780827,-0.14259541,-4.1789443e-22,2.24281,1.9504499,0
194,-0.11947401,-5.8871535e-21,7.6601658e-21,0.00011956936,2.3140814,1.9502792,0.050000001,1.1693554,-0.14981601,2.9357326e-23,2.31408,1.95028,0
194,-0.11474737,-8.7634054e-20,-6.4389538e-19,0.00010679338,2.3853595,1.9501178,0.050000001,1.1600553,-0.15646848,-5.6200041e-22,2.38536,1.95012,0
194,-0.10971555,-8.8213604e-20,-6.4669766e-19,0.00010803239,2.45664,1.9499558,0.050000001,1.1502352,-0.16249897,-5.4149745e-22,2.45664,1.94996,0
194,-0.10441002,6.7400279e-20,4.1060537e-19,0.00011117914,2.5279176,1.9497977,0.050000001,1.1399477,-0.16786082,3.0835616e-22,2.52792,1.9498,0
194,-0.098865002,6.9938799e-20,4.2537262e-19,0.00012444318,2.5991995,1.9496392,0.050000001,1.1292504,-0.17251496,3.5166392e-22,2.5992,1.94964,0
194,-0.093116328,-9.2713951e-20,-6.2256932e-19,0.00012153121,2.6704884,1.9494878,0.050000001,1.1182052,-0.17642865,-4.7043126e-22,2.67049,1.94949,0
194,-0.087202221,-1.3430882e-19,-8.3075719e-19,0.00010356418,2.7417717,1.94934,0.050000001,1.1068779,-0.17957814,-6.2250243e-22,2.74177,1.94934,0
194,-0.081159547,-1.0130232e-19,-6.1808554e-19,8.2270359e-05,2.8130591,1.94919,0.050000001,1.0953279,-0.18194692,-4.1139753e-22,2.81306,1.94919,0
194,-0.075024895,3.1102172e-20,2.0080617e-19,6.8752342e-05,2.8843534,1.9490417,0.050000001,1.0836226,-0.18352436,1.4318494e-22,2.8843601,1.9490401,0
194,-0.068833999,1.0034074e-19,6.0554837e-19,6.2635387e-05,2.9556475,1.9489,0.050000001,1.0718253,-0.18430723,3.7178454e-22,2.9556501,1.9489,0
194,-0.06262029,-2.7295217e-21,7.3926642e-21,6.0525359e-05,3.0269477,1.9487578,0.050000001,1.0599902,-0.18429846,1.2918178e-23,3.0269499,1.94876,0
194,-0.056415532,-4.0190531e-20,-1.9576055e-19,5.8833204e-05,3.0982502,1.9486192,0.050000001,1.0481752,-0.18350439,-1.144272e-22,3.0982499,1.94862,0
194,-0.050248533,-7.2531571e-20,-3.834488e-19,3.8286005e-05,3.1695499,1.9484875,0.050000001,1.0364327,-0.18193628,-1.7881226e-22,3.1695499,1.94849,0
194,-0.044145204,-1.0683065e-19,-5.7239487e-19,3.1722204e-05,3.2408519,1.9483581,0.050000001,1.0248153,-0.17960924,-2.41113e-22,3.24085,1.94836,0
194,-0.038128745,-3.5143715e-20,-1.8890988e-19,2.5604744e-05,3.3121595,1.9482278,0.050000001,1.0133703,-0.17654079,-6.4057954e-23,3.31216,1.94823,0
194,-0.032219678,-2.8988971e-20,-1.8534187e-19,-1.1393707e-05,3.3834693,1.9480995,0.050000001,1.0021348,-0.17274919,-4.604595e-23,3.3834701,1.9481,0
194,-0.026435569,-6.1962452e-20,-3.7146613e-19,-3.6406382e-05,3.4547815,1.9479783,0.050000001,0.99114943,-0.16825503,-1.018194e-22,3.4547801,1.94798,0
194,-0.020791253,-1.1695543e-19,-7.3292292e-19,-5.4347925e-05,3.5260978,1.947854,0.050000001,0.9804526,-0.16307923,-1.3584417e-22,3.5260999,1.94785,0
194,-0.015299347,-2.8466241e-20,-1.8814144e-19,-8.3679013e-05,3.5974157,1.947736,0.050000001,0.97007793,-0.15724088,-4.4402667e-23,3.59742,1.94774,0
194,-0.0099705597,-8.6379991e-22,5.6016671e-21,-0.00010969239,3.6687341,1.9476178,0.050000001,0.96005559,-0.15076241,1.1153354e-23,3.66873,1.94762,0
194,-0.0048127184,-8.2647732e-20,-5.3045878e-19,-0.00014082737,3.7400579,1.947504,0.050000001,0.95041525,-0.14366245,-3.0514194e-23,3.7400601,1.9475,0
194,0.00016687566,1.2761311e-22,-2.0483297e-22,-0.0001777367,3.8113821,1.9473917,0.050000001,0.94118637,-0.135961,6.1896261e-27,3.8113799,1.94739,0
194,0.0049630571,2.4306602e-20,1.7605283e-19,-0.00022235612,3.8827078,1.9472817,0.050000001,0.93239677,-0.12767591,-5.8276636e-25,3.88271,1.94728,0
194,0.0095712254,9.8181807e-21,8.629501e-20,-0.0002659976,3.9540336,1.9471785,0.050000001,0.92407465,-0.11882518,-9.7743471e-24,3.95403,1.94718,0
194,0.013988423,-1.8413099e-20,-1.6781199e-19,-0.00031391333,4.0253682,1.9470695,0.050000001,0.916246,-0.1094261,3.4430604e-23,4.0253701,1.94707,0
194,0.018211441,-3.5860726e-20,-3.3523901e-19,-0.00037579756,4.0967002,1.9469672,0.050000001,0.90894133,-0.099495448,6.8491712e-23,4.0967002,1.94697,0
194,0.022237651,1.0392471e-20,8.486917e-20,-0.0004504353,4.1680322,1.9468697,0.050000001,0.9021886,-0.089050144,-1.3548579e-23,4.1680298,1.94687,0
194,0.026064985,-2.7033914e-21,-7.9078363e-20,-0.00054439367,4.2393675,1.9467698,0.050000001,0.89601856,-0.078106403,3.6697456e-23,4.2393699,1.94677,0
194,0.029690729,-1.8815493e-21,2.1557892e-21,-0.00065826473,4.310708,1.9466717,0.050000001,0.89046443,-0.066681862,-1.576555e-24,4.31071,1.9466701,0
194,0.033111967,1.5009152e-20,1.6437142e-19,-0.00081009202,4.3820477,1.9465796,0.050000001,0.88556027,-0.054795653,-4.8002164e-23,4.38205,1.9465801,0
194,0.0363256,-6.5816819e-21,-1.669821e-19,-0.0010303278,4.4533896,1.9464898,0.050000001,0.8813408,-0.042468805,5.945307e-23,4.4533901,1.94649,0
194,0.039327934,-2.0141959e-21,-8.4858488e-20,-0.0013745918,4.524734,1.9464003,0.050000001,0.87784219,-0.029725265,2.9052236e-23,4.5247302,1.9464,0
194,0.042115018,5.44996e-22,7.6388598e-20,-0.0019247162,4.5960798,1.9463122,0.050000001,0.87510127,-0.016592566,-4.2586804e-23,4.5960798,1.94631,0
194,0.044681665,-4.7339433e-21,2.3920368e-19,-0.0028471821,4.6674304,1.946228,0.050000001,0.87315166,-0.0031055822,-1.252367e-22,4.6674299,1.9462301,0
194,0.047022555,-9.6785431e-21,1.5740023e-19,-0.0044280002,4.73878,1.9461392,0.050000001,0.87202245,0.010692459,-9.130196e-23,4.73878,1.9461401,0
194,0.049130861,1.1460772e-20,-4.8897272e-19,-0.0070932121,4.8101296,1.9460553,0.050000001,0.87173438,0.024746414,2.4332689e-22,4.8101301,1.9460599,0
194,0.05099893,2.603201e-21,-2.4311815e-19,-0.011467198,4.8814821,1.9459778,0.050000001,0.87228841,0.038985837,1.1850732e-22,4.8814802,1.94598,0
194,0.052618902,-1.4974693e-20,2.4060898e-19,-0.018357061,4.9528379,1.9459003,0.050000001,0.8736639,0.053322911,-1.3417869e-22,4.9528399,1.9459,0
194,0.053982154,6.8935213e-21,-8.3676873e-20,-0.028684426,5.0241919,1.9458218,0.050000001,0.87581319,0.067649193,4.4650215e-23,5.0241899,1.94582,0
194,0.055079646,4.1278962e-20,-4.0857749e-19,-0.043360319,5.0955472,1.945748,0.050000001,0.87865776,0.081842721,2.3313589e-22,5.0955501,1.94575,0
194,0.055902869,7.3578031e-21,-7.5892102e-20,-0.063116051,5.1669049,1.9456693,0.050000001,0.88209379,0.09577217,4.7040394e-23,5.1669102,1.94567,0
194,0.056443788,-4.9875647e-20,4.1663717e-19,-0.088293619,5.2382693,1.9455996,0.050000001,0.88601035,0.10930635,-2.3461016e-22,5.2382698,1.9456,0
194,0.056694269,-2.9295871e-20,1.6659923e-19,-0.11874166,5.309638,1.9455322,0.050000001,0.89029574,0.12232903,-9.5459112e-23,5.3096399,1.9455301,0
194,0.056647748,-2.3302313e-20,8.1955026e-20,-0.15375187,5.3810024,1.9454595,0.050000001,0.8948642,0.13474521,-4.6704276e-23,5.381,1.94546,0
194,0.056299202,5.0361211e-20,-3.4000959e-19,-0.19210468,5.4523683,1.9453936,0.050000001,0.89967716,0.14648995,1.8819145e-22,5.4523702,1.94539,0
194,0.055643626,6.8756674e-20,-4.1936708e-19,-0.23229375,5.5237293,1.9453303,0.050000001,0.90474671,0.15752734,2.3507517e-22,5.5237298,1.94533,0
194,0.054677926,1.6149083e-20,-8.6465706e-20,-0.27270836,5.5950975,1.9452617,0.050000001,0.91014409,0.1678455,4.4681214e-23,5.5950999,1.94526,0
194,0.053399801,3.2801592e-20,-1.7595366e-19,-0.31183556,5.6664724,1.9452002,0.050000001,0.91600019,0.17744312,8.8418225e-23,5.6664701,1.9452,0
194,0.051806901,1.5700064e-20,-9.4615671e-20,-0.34853595,5.7378421,1.9451405,0.050000001,0.922481,0.18631856,4.3343076e-23,5.7378402,1.94514,0
194,0.049897637,-1.9825366e-20,8.18717e-20,-0.38208795,5.8092093,1.9450803,0.050000001,0.92978084,0.19445303,-4.0316866e-23,5.8092098,1.94508,0
194,0.04766985,3.789906e-20,-1.7788632e-19,-0.4122408,5.8805819,1.94502,0.050000001,0.9380976,0.20180026,7.6500809e-23,5.8805799,1.94502,0
194,0.045121014,3.5277718e-20,-1.806877e-19,-0.43916076,5.9519577,1.94496,0.050000001,0.94761294,0.20827833,7.9997419e-23,5.9519601,1.94496,0
194,0.042249843,1.8598289e-20,-9.8128494e-20,-0.46329486,6.0233321,1.9449015,0.050000001,0.95848799,0.21376166,3.2038551e-23,6.0233302,1.9449,0
194,0.03905385,4.1113584e-20,-1.7972421e-19,-0.48527473,6.0947094,1.9448478,0.050000001,0.97084308,0.21808645,6.4709383e-23,6.0947099,1.94485,0
194,0.035532553,-1.97042e-20,9.2825026e-20,-0.50571126,6.16609,1.9447937,0.050000001,0.98474747,0.22105353,-3.2826809e-23,6.16609,1.94479,0
194,0.031689014,-4.4928961e-20,1.7757122e-19,-0.52511382,6.2374678,1.944742,0.050000001,1.0002263,0.22243215,-5.0488947e-23,6.2374701,1.9447401,0
194,0.027529743,1.591617e-20,-1.0649135e-19,-0.54382223,6.3088455,1.9446875,0.050000001,1.0172458,0.22197528,2.2379697e-23,6.3088498,1.94469,0
194,0.023069056,1.9993101e-20,-9.5996391e-20,-0.56189835,6.380228,1.944638,0.050000001,1.0357202,0.21942717,2.356582e-23,6.3802299,1.94464,0
194,0.018330108,-1.9489907e-20,9.8204401e-20,-0.57908159,6.4516101,1.9445902,0.050000001,1.0554974,0.21454379,-1.999501e-23,6.4516101,1.94459,0
194,0.013348449,-1.1255134e-22,-1.399775e-22,-0.59475744,6.5229921,1.94454,0.050000001,1.0763721,0.20710768,0,6.5229902,1.94454,0
194,0.0081748078,-1.2551778e-26,1.2539223e-23,-0.60808355,6.594378,1.9444895,0.050000001,1.0980722,0.19694602,0,6.5943799,1.94449,0
194,0.0028756966,-7.1219928e-21,5.385117e-20,-0.61795092,6.6657619,1.9444417,0.050000001,1.1202543,0.18395156,-1.79005e-24,6.66576,1.94444,0
194,-0.0024667827,-7.1158164e-21,5.3779474e-20,-0.6230185,6.7371483,1.944398,0.050000001,1.1425226,0.16810094,-1.7884997e-24,6.7371502,1.9444,0
194,-0.0077554714,1.4108002e-26,-1.2526337e-23,-0.62197495,6.8085322,1.9443517,0.050000001,1.1644317,0.14947645,0,6.8085299,1.94435,0
194,-0.012881645,0,0,-0.61357296,6.87992,1.9443101,0.050000001,1.1854947,0.12826659,0,6.87992,1.9443099,0
194,-0.017731106,0,0,-0.59683377,6.9513102,1.9442685,0.050000001,1.2051924,0.10478339,0,6.9513102,1.94427,0
194,-0.022191251,1.7206908e-25,-1.9645363e-22,-0.57123727,7.0226979,1.944222,0.050000001,1.2230171,0.07945168,0,7.0226998,1.9442199,0
194,-0.026157398,-2.9871316e-21,1.156448e-19,-0.53679311,7.0940857,1.94418,0.050000001,1.2384973,0.052790813,2.8049799e-23,7.09409,1.94418,0
194,-0.029542977,2.5861382e-22,3.0781817e-22,-0.49429023,7.1654754,1.94414,0.050000001,1.2512097,0.025396513,9.4096507e-27,7.1654801,1.94414,0
194,-0.032283179,5.9792153e-21,1.5362844e-21,-0.44518393,7.2368679,1.9440998,0.050000001,1.2608347,-0.0021006891,-3.2962115e-24,7.2368698,1.9441,0
194,-0.034343258,1.016558e-20,2.3552533e-19,-0.3915987,7.30826,1.9440595,0.050000001,1.2671772,-0.029079236,5.9370801e-23,7.30826,1.94406,0
194,-0.035719123,4.5377371e-21,9.0381962e-22,-0.33611301,7.379652,1.9440219,0.050000001,1.2701772,-0.054972239,9.4055349e-24,7.3796501,1.94402,0
194,-0.036432616,2.9452652e-21,-5.9061756e-20,-0.28127894,7.4510484,1.9439886,0.050000001,1.2699273,-0.079305224,-1.358821e-23,7.4510498,1.94399,0
194,-0.036530312,-3.5034593e-21,-5.9611256e-20,-0.22943106,7.5224404,1.9439501,0.050000001,1.2666473,-0.10171765,-2.249053e-23,7.52244,1.9439501,0
194,-0.036074992,9.8255882e-21,5.6119849e-20,-0.18243308,7.593832,1.9439119,0.050000001,1.2606651,-0.12197916,9.9551777e-24,7.5938301,1.94391,0
194,-0.035140224,2.0733734e-20,1.7333097e-19,-0.14150707,7.6652298,1.9438781,0.050000001,1.2523699,-0.139984,4.2830048e-23,7.6652298,1.94388,0
194,-0.033804957,2.5812365e-20,1.695602e-19,-0.10718561,7.7366281,1.9438418,0.050000001,1.2421875,-0.15573105,3.7828597e-23,7.73663,1.94384,0
194,-0.032145403,1.9726865e-20,1.1296786e-19,-0.079371937,7.808022,1.9438102,0.050000001,1.2305475,-0.16930151,3.0207109e-23,7.8080201,1.94381,0
194,-0.030233271,-1.5303313e-20,-1.1546277e-19,-0.057579629,7.8794198,1.9437808,0.050000001,1.217845,-0.18083954,-3.3394502e-23,7.8794198,1.9437799,0
194,-0.028133415,-1.070644e-20,-5.8352319e-20,-0.041011844,7.9508181,1.9437441,0.050000001,1.2044251,-0.19051994,-2.4205301e-23,7.95082,1.94374,0
194,-0.026595313,-1.5191778e-20,-9.2865771e-20,-0.032562681,7.9999967,1.9437206,0.050000001,1.1948919,-0.19603556,-1.5349028e-23,8,1.9437193,0
194,-0.13980609,-6.0374612e-21,2.3662528e-19,0.00019358641,1.0310751,2.0000012,0.050000001,1.2250235,0.0061850534,2.4277706e-22,1.0310751,2,0
194,-0.13936956,7.1864123e-22,1.4761396e-19,0.0001921786,0.99999911,1.9999996,0.050000001,1.2245401,0.009490109,1.5715951e-22,1,2,0
194,-0.14066291,1.0334907e-21,-1.0054044e-18,0.00017837547,1.102358,1.9999987,0.050000001,1.2258505,-0.0015924787,-1.0398613e-21,1.1023604,2,0
194,-0.14135954,3.9539601e-21,-6.4003061e-20,0.00017824686,1.1736337,1.9999986,0.050000001,1.2263621,-0.0095700296,-8.2659503e-23,1.1736355,2,0
194,-0.14187807,-8.3356372e-21,-1.3441399e-19,0.00018795537,1.2449079,1.9999987,0.050000001,1.2265218,-0.017746229,-1.4736606e-22,1.2449107,2,0
194,-0.14219716,-5.9926485e-21,-2.3165749e-19,0.00019350718,1.3161781,1.9999954,0.050000001,1.2262955,-0.026113421,-2.3677836e-22,1.3161801,2,0
194,-0.14229307,7.8431909e-21,2.6883556e-19,0.00018064928,1.3874437,1.9999989,0.050000001,1.2256382,-0.034657314,2.5844464e-22,1.3874453,2,0
194,-0.14214334,-6.4801008e-22,-9.133687e-20,0.0001724223,1.4587139,1.9999983,0.050000001,1.2245141,-0.043357119,-1.0604594e-22,1.4587147,2,0
194,-0.14172311,-3.0917107e-21,-1.3230725e-19,0.00018052015,1.5299799,1.9999979,0.050000001,1.2228827,-0.052183956,-1.3196271e-22,1.5299799,2,0
194,-0.1410092,-3.2614533e-20,-5.5036333e-19,0.00019487385,1.601244,1.9999987,0.050000001,1.2207037,-0.061102454,-5.457834e-22,1.6012454,2,0
194,-0.13998009,3.7017744e-20,4.9017808e-19,0.00019092621,1.672509,1.9999996,0.050000001,1.2179512,-0.07007058,4.8973661e-22,1.6725107,2,0
194,-0.13861649,3.7605204e-20,5.9972973e-19,0.00016801937,1.7437754,2.0000005,0.050000001,1.2145925,-0.079039708,5.9286605e-22,1.7437762,2,0
194,-0.13690238,-1.0032236e-19,-1.3041286e-18,0.00016653567,1.8150445,1.9999992,0.050000001,1.2106006,-0.087956242,-1.3255725e-21,1.8150456,2,0
194,-0.13482486,-4.0222329e-20,-5.5258364e-19,0.00017402644,1.8863115,1.9999994,0.050000001,1.2059653,-0.096760996,-5.6420422e-22,1.8863112,2,0
194,-0.13237728,1.468943e-20,1.8145281e-19,0.00018897957,1.9575788,1.9999993,0.050000001,1.2006812,-0.10539273,2.0521896e-22,1.9575806,2,0
194,-0.12955673,-9.9861593e-20,-1.0187097e-18,0.00018320479,2.028846,1.9999994,0.050000001,1.1947473,-0.11378767,-9.7873884e-22,2.0288463,2,0
194,-0.12636499,-4.2057197e-20,-4.183915e-19,0.0001608247,2.1001194,2.0000012,0.050000001,1.1881654,-0.12188105,-3.7597706e-22,2.1001217,2,0
194,-0.12281097,3.5829606e-20,3.6203907e-19,0.00016566363,2.1713924,2.0000005,0.050000001,1.1809528,-0.12960903,3.6235653e-22,2.1713912,2,0
194,-0.11890646,-3.6726506e-20,-2.9591647e-19,0.00017833029,2.2426655,1.999997,0.050000001,1.1731416,-0.13690966,-2.6397861e-22,2.242667,2,0
194,-0.11466863,-3.6146542e-20,-2.6684361e-19,0.00016621107,2.3139405,1.9999985,0.050000001,1.1647594,-0.14372353,-2.26934e-22,2.3139429,2,0
194,-0.11012065,-8.2011559e-20,-6.433466e-19,0.00015636333,2.3852208,1.9999992,0.050000001,1.1558449,-0.14999717,-5.3415006e-22,2.3852224,2,0
194,-0.10528795,-1.0292309e-20,-1.1541934e-19,0.00015922118,2.4565017,1.9999996,0.050000001,1.1464443,-0.15568039,-1.0691735e-22,2.456502,2,0
194,-0.10019983,9.9398462e-20,6.8618695e-19,0.00015552597,2.5277815,1.9999992,0.050000001,1.1366078,-0.16073057,5.3714566e-22,2.5277815,2,0
194,-0.094886981,-8.2583337e-21,-1.0170663e-19,0.00015241916,2.599067,1.9999983,0.050000001,1.1263877,-0.16511095,-5.6501033e-23,2.5990674,2,0
194,-0.089382887,-1.067426e-19,-7.5525509e-19,0.00014768066,2.6703563,1.9999977,0.050000001,1.1158421,-0.16879183,-5.4139779e-22,2.670357,2,0
194,-0.083721802,-6.4832756e-20,-4.3819541e-19,0.00014214349,2.7416449,2.0000012,0.050000001,1.1050316,-0.17174935,-3.2844414e-22,2.741643,2,0
194,-0.077937894,-5.8146538e-20,-3.5159467e-19,0.00011943694,2.8129358,1.9999989,0.050000001,1.0940127,-0.17396814,-2.2518329e-22,2.8129389,2,0
194,-0.072064675,-1.2661402e-20,-5.6787435e-20,0.00010805052,2.8842294,1.9999977,0.050000001,1.0828469,-0.1754372,-2.5097637e-23,2.8842323,2,0
194,-0.066135064,5.4717229e-20,3.4708426e-19,0.000109244,2.9555271,1.9999985,0.050000001,1.0715915,-0.17615299,2.1219339e-22,2.9555285,2,0
194,-0.060179949,-3.7983789e-22,3.1965981e-21,0.00010589301,3.0268283,2.0000005,0.050000001,1.0603001,-0.17611603,4.6233418e-24,3.0268281,2,0
194,-0.054228857,-1.4580554e-20,-6.9417688e-20,0.00010409045,3.0981302,1.9999998,0.050000001,1.0490251,-0.17533235,-4.0761342e-23,3.0981276,2,0
194,-0.04830851,-4.4765251e-20,-2.5984979e-19,7.5640681e-05,3.1694336,1.9999992,0.050000001,1.0378188,-0.17381126,-1.0856748e-22,3.1694338,2,0
194,-0.042443339,-7.6622923e-20,-4.4918534e-19,6.1432016e-05,3.2407391,1.9999993,0.050000001,1.0267289,-0.17156516,-1.7033679e-22,3.2407401,2,0
194,-0.036655348,-1.4436938e-20,-6.6569253e-20,6.9096961e-05,3.312048,2.0000005,0.050000001,1.0158011,-0.16860963,-2.860704e-23,3.3120499,2,0
194,-0.030964119,1.0286795e-20,5.6064712e-20,3.318016e-05,3.3833606,1.9999996,0.050000001,1.0050757,-0.16496122,1.7640194e-23,3.3833594,2,0
194,-0.025386531,-5.1289846e-23,-1.1163924e-20,2.9287418e-07,3.4546747,1.9999995,0.050000001,0.99458808,-0.1606386,-1.3564981e-23,3.4546757,2,0
194,-0.019937169,-5.8172898e-20,-3.7165595e-19,-1.1535885e-05,3.5259893,2.0000014,0.050000001,0.98437655,-0.15566039,-6.3204615e-23,3.5259888,2,0
194,-0.014628394,-4.5283234e-20,-3.039279e-19,-3.5566267e-05,3.5973084,1.9999995,0.050000001,0.97447455,-0.1500459,-4.7201495e-23,3.5973086,2,0
194,-0.0094707031,3.6252182e-20,2.3713782e-19,-6.1211271e-05,3.6686316,1.999999,0.050000001,0.96491265,-0.14381462,2.8181459e-23,3.6686316,2,0
194,-0.0044726213,-9.5727803e-21,-6.1527852e-20,-8.8602465e-05,3.739954,2.0000014,0.050000001,0.95572144,-0.13698512,7.8034436e-24,3.7399549,2,0
194,0.00035862744,-3.0056932e-20,-2.3076579e-19,-0.00012241941,3.8112803,1.9999992,0.050000001,0.9469294,-0.12957653,8.4869979e-24,3.8112812,2,0
194,0.0050172922,2.7612934e-20,2.3469872e-19,-0.00016295063,3.8826106,1.9999998,0.050000001,0.93856531,-0.1216066,-1.2079434e-23,3.882611,2,0
194,0.0094984081,1.7682582e-20,1.4528166e-19,-0.00020443475,3.9539387,1.9999995,0.050000001,0.93065625,-0.11309408,-6.5698368e-24,3.9539375,2,0
194,0.013798164,-2.5370712e-20,-2.2987954e-19,-0.00024483973,4.02527,1.9999985,0.050000001,0.92323059,-0.1040554,2.8313578e-23,4.0252705,2,0
194,0.017913215,-1.3211347e-20,-1.1121701e-19,-0.00029578852,4.0966015,1.9999975,0.050000001,0.91631699,-0.09450832,2.36512e-23,4.0966005,2,0
194,0.021840503,-2.4884408e-21,-2.5961637e-20,-0.00036037699,4.1679373,2.0000014,0.050000001,0.90994436,-0.084470086,9.6691438e-24,4.1679368,2,0
194,0.025577253,-6.1671497e-21,-8.2241799e-20,-0.00043582215,4.2392755,2.0000029,0.050000001,0.90414304,-0.073958643,2.5816245e-23,4.2392769,2,0
194,0.02912055,-7.3593371e-21,-1.113956e-19,-0.00052679557,4.3106155,1.9999992,0.050000001,0.89894456,-0.062993005,3.3769558e-23,4.3106165,2,0
194,0.032467276,-4.2004135e-21,-1.1407825e-19,-0.00064493954,4.3819566,1.9999985,0.050000001,0.89438248,-0.051593076,3.6766873e-23,4.3819561,2,0
194,0.035614137,-9.2714789e-21,-2.225927e-19,-0.00080601126,4.453301,1.9999999,0.050000001,0.89049101,-0.03978052,7.9454973e-23,4.4533029,2,0
194,0.038557407,-3.7005641e-21,-8.423365e-20,-0.0010453361,4.5246463,2.0000014,0.050000001,0.88730609,-0.027580263,2.8025887e-23,4.5246496,2,0
194,0.041292973,9.7177455e-22,2.3582008e-20,-0.0014132652,4.5959921,1.9999994,0.050000001,0.88486284,-0.015020903,-1.3934964e-23,4.5959926,2,0
194,0.043815874,-1.7491225e-21,7.4471064e-20,-0.0020151127,4.6673436,2.0000005,0.050000001,0.88319701,-0.0021347711,-4.5373752e-23,4.6673427,2,0
194,0.046120889,-4.0483092e-21,1.0485696e-19,-0.0030271499,4.7386975,1.9999994,0.050000001,0.88234127,0.011038143,-5.7969235e-23,4.738699,2,0
194,0.048201647,4.3544205e-21,-2.6824126e-19,-0.0047231023,4.8100491,1.9999967,0.050000001,0.88232243,0.02444805,1.337482e-22,4.8100491,2,0
194,0.050051298,-3.4801177e-21,-7.7970032e-20,-0.0075224871,4.8814006,1.9999992,0.050000001,0.88315588,0.038034838,3.453427e-23,4.8813992,2,0
194,0.051662646,-7.6853181e-21,1.3444376e-19,-0.011985726,4.9527583,2.0000029,0.050000001,0.88484222,0.051725317,-7.2032764e-23,4.9527588,2,0
194,0.053027853,5.3711943e-21,-8.1458394e-20,-0.018802617,5.0241146,1.9999988,0.050000001,0.88736147,0.065429442,4.4972373e-23,5.0241151,2,0
194,0.054138549,1.8429159e-20,-1.8756609e-19,-0.028736759,5.0954709,1.9999965,0.050000001,0.8906703,0.079043955,1.061721e-22,5.0954752,2,0
194,0.054986473,-3.2524845e-21,3.1969962e-20,-0.042490337,5.1668301,1.9999993,0.050000001,0.89470536,0.092454024,-1.6552154e-23,5.1668353,2,0
194,0.055564214,-3.5182974e-20,3.0167448e-19,-0.060581658,5.2381945,1.9999995,0.050000001,0.8993836,0.10554046,-1.7161254e-22,5.2381949,2,0
194,0.055863753,-2.6371974e-20,1.6819036e-19,-0.083240569,5.3095632,1.9999999,0.050000001,0.90461671,0.11818775,-9.4842172e-23,5.3095651,2,0
194,0.055878125,-2.6915876e-20,1.4463832e-19,-0.11029352,5.3809271,2.0000002,0.050000001,0.91032487,0.13028915,-7.7130774e-23,5.3809247,2,0
194,0.055601962,3.0825923e-20,-2.235567e-19,-0.14115179,5.4522943,2.0000024,0.050000001,0.91645062,0.14175716,1.2404982e-22,5.4522948,2,0
194,0.055029813,5.7886474e-20,-3.6480759e-19,-0.17492604,5.5236597,1.9999989,0.050000001,0.92296493,0.15252417,2.0189628e-22,5.5236616,2,0
194,0.054157522,2.5102768e-20,-1.4607096e-19,-0.21046534,5.5950294,2.0000017,0.050000001,0.92988926,0.16253906,7.5872964e-23,5.5950313,2,0
194,0.05298223,4.1909493e-20,-2.3749485e-19,-0.24656172,5.6664023,1.9999999,0.050000001,0.93727952,0.17176598,1.1758896e-22,5.6664014,2,0
194,0.051500998,3.9044266e-20,-2.0897633e-19,-0.28211126,5.7377734,2.0000017,0.050000001,0.94523561,0.18017203,1.0262877e-22,5.7377715,2,0
194,0.049711946,4.8276385e-21,-3.5630188e-20,-0.31620082,5.809144,2.0000026,0.050000001,0.9538852,0.18771844,1.704531e-23,5.8091412,2,0
194,0.047613245,2.2700322e-20,-1.1875531e-19,-0.34820265,5.880517,1.9999987,0.050000001,0.96336854,0.19435185,5.1499418e-23,5.880518,2,0
194,0.045203391,9.5702398e-21,-5.4872221e-20,-0.37778798,5.9518919,2.0000002,0.050000001,0.97382861,0.19999336,2.797001e-23,5.9518909,2,0
194,0.042482384,1.8883682e-20,-9.4131267e-20,-0.40487516,6.0232668,2,0.050000001,0.98539633,0.20453523,3.26328e-23,6.0232682,2,0
194,0.039450403,2.5555962e-20,-1.1825863e-19,-0.42959028,6.094646,1.9999961,0.050000001,0.99817199,0.20784098,4.4583238e-23,6.0946479,2,0
194,0.036110081,-1.954363e-20,9.2680224e-20,-0.45208547,6.166028,1.9999996,0.050000001,1.0122218,0.20974293,-3.288143e-23,6.1660275,2,0
194,0.032468054,-2.723602e-20,1.2123061e-19,-0.47253475,6.2374072,1.9999993,0.050000001,1.0275635,0.2100528,-3.1891157e-23,6.2374077,2,0
194,0.028535591,1.7944223e-20,-1.0096829e-19,-0.49104336,6.3087845,2.0000002,0.050000001,1.0441695,0.20856577,2.0741649e-23,6.3087878,2,0
194,0.024331234,3.1445332e-20,-1.6748621e-19,-0.50754172,6.380167,2.0000002,0.050000001,1.0619515,0.2050762,3.6102967e-23,6.3801675,2,0
194,0.019882165,-1.9240358e-20,9.8505243e-20,-0.5217697,6.4515505,1.9999988,0.050000001,1.0807599,0.19938943,-2.0014545e-23,6.4515476,2,0
194,0.015226951,-1.1845112e-20,7.1200205e-20,-0.5332104,6.5229335,2.0000002,0.050000001,1.100391,0.19133668,-1.2500387e-23,6.5229344,2,0
194,0.010417564,9.5967357e-26,-8.3814515e-23,-0.54120529,6.5943184,1.9999995,0.050000001,1.1205736,0.18079627,0,6.5943174,2,0
194,0.0055183158,-2.1502231e-21,1.6376081e-20,-0.5449667,6.6657038,1.9999979,0.050000001,1.1409733,0.16770928,-5.4452125e-25,6.6657043,2,0
194,0.00060698565,-2.1533842e-21,1.639246e-20,-0.54356736,6.7370882,2.0000007,0.050000001,1.1612055,0.1520925,-5.4531967e-25,6.7370872,2,0
194,-0.0042279395,5.3844972e-27,-3.8116939e-24,-0.53612828,6.808475,1.9999992,0.050000001,1.1808478,0.13405724,0,6.8084745,2,0
194,-0.0088898903,0,0,-0.52195519,6.8798642,2.0000029,0.050000001,1.1994501,0.11381081,0,6.8798642,2,0
194,-0.013280518,0,0,-0.50066364,6.9512539,2.000001,0.050000001,1.2165443,0.091665551,0,6.9512544,2,0
194,-0.017304195,5.1973608e-26,-5.9338976e-23,-0.47224361,7.0226417,2.0000007,0.050000001,1.2316909,0.068021618,0,7.022644,2,0
194,-0.020875756,-9.9625807e-22,3.4760688e-20,-0.43715808,7.0940309,2,0.050000001,1.2444916,0.04335637,8.4584774e-24,7.0940342,2,0
194,-0.023925368,9.5656329e-22,1.2250898e-19,-0.39648566,7.1654229,1.9999999,0.050000001,1.2546171,0.018195935,1.6049572e-23,7.1654243,2,0
194,-0.026403833,3.9450223e-21,1.2336513e-19,-0.35178319,7.236815,1.9999998,0.050000001,1.2618384,-0.0069173248,2.0811913e-23,7.236814,2,0
194,-0.028286241,9.1952798e-21,1.5346979e-19,-0.3049559,7.3082094,2.0000012,0.050000001,1.2660451,-0.031461958,3.7621363e-23,7.3082108,2,0
194,-0.029572481,4.1708224e-21,9.28116e-23,-0.25811499,7.3796015,1.9999994,0.050000001,1.2672498,-0.054971475,-8.0937923e-25,7.379601,2,0
194,-0.030282881,-6.3461256e-21,-1.8240457e-19,-0.21317945,7.4509964,1.9999995,0.050000001,1.2655858,-0.077064931,-3.5446635e-23,7.450994,2,0
194,-0.030457078,1.2853207e-21,-1.8812784e-20,-0.17178617,7.5223913,2.000001,0.050000001,1.2612876,-0.097458728,-6.6240382e-24,7.5223908,2,0
194,-0.030148331,1.107631e-20,9.7317166e-20,-0.13509315,7.5937829,1.9999993,0.050000001,1.2546704,-0.11597399,1.6450481e-23,7.593781,2,0
194,-0.029416552,7.8107781e-21,5.0587881e-20,-0.10375648,7.6651807,2.0000007,0.050000001,1.2460923,-0.13253111,1.1987895e-23,7.6651807,2,0
194,-0.028326688,1.0819554e-22,-2.9659798e-20,-0.077944882,7.7365785,2.0000002,0.050000001,1.2359272,-0.14713223,1.7748917e-24,7.7365808,2,0
194,-0.026941707,-8.0678092e-21,-8.5432907e-20,-0.057336111,7.8079753,2,0.050000001,1.2245404,-0.15984352,-6.5867704e-24,7.8079777,2,0
194,-0.025320893,2.349438e-20,1.6113023e-19,-0.041381478,7.8793736,1.9999993,0.050000001,1.2122673,-0.1707778,2.0331191e-23,7.8793707,2,0
194,-0.023517532,2.8061236e-21,2.3692454e-20,-0.029392032,7.9507713,2.0000026,0.050000001,1.1993943,-0.18007123,3.4655275e-24,7.9507709,2,0
194,-0.022181543,-3.1132106e-20,-2.0198501e-19,-0.023326594,7.999999,2.000001,0.050000001,1.190276,-0.18545064,-2.9941553e-23,8,2,0
194,-0.13501218,-3.5666465e-21,-2.1788969e-19,-0.00017654421,1.0312799,-1.953396,0.050000001,1.1495829,0.014369111,-2.1092189e-22,1.03128,-1.95339,0.001
194,-0.13048714,-5.742659e-21,3.1305542e-20,-0.00020414901,1.0310751,-2.0000012,0.050000001,1.1472678,0.011333026,3.0624814e-23,1.0310751,-2,0.001
194,-0.13250121,-2.2797796e-21,3.6063113e-20,-0.00020058444,0.99999911,-1.9999996,0.050000001,1.1492103,0.0096770786,4.0763573e-23,1,-2,0.001
194,-0.13715187,-2.2913638e-22,-2.1279005e-19,-0.00017032167,0.99999887,-1.9534671,0.050000001,1.1516817,0.012614802,-2.0343482e-22,1,-1.9534646,0.001
194,-0.12969424,-1.6058424e-20,6.3843744e-19,-0.00015997225,1.1025574,-1.9532275,0.050000001,1.1445053,0.017802279,6.519561e-22,1.10256,-1.95323,0.001
194,-0.12545319,-1.0664472e-20,7.6709189e-19,-0.00018380093,1.102358,-1.9999987,0.050000001,1.1425465,0.014598759,7.6455606e-22,1.1023604,-2,0.001
194,-0.12397106,6.0498992e-21,5.024991e-21,-0.00012806145,1.1738293,-1.9530575,0.050000001,1.1391928,0.02063307,1.9466042e-23,1.17383,-1.95306,0.001
194,-0.12003915,9.7838244e-21,-3.6783388e-19,-0.00016072193,1.1736337,-1.9999986,0.050000001,1.1376132,0.017297622,-3.4617539e-22,1.1736355,-2,0.001
194,-0.11788382,1.4275244e-21,-2.4399894e-22,-0.00013393651,1.2450994,-1.9528875,0.050000001,1.1337079,0.022827858,-3.7851954e-23,1.2451,-1.95289,0.001
194,-0.11428472,2.7084575e-21,-1.3063256e-19,-0.00015731138,1.2449079,-1.9999987,0.050000001,1.1325264,0.019400351,-1.6010284e-22,1.2449107,-2,0.001
194,-0.11147996,6.9697624e-21,-2.0620959e-19,-0.00012902975,1.3163654,-1.9527155,0.050000001,1.1281153,0.0243604,-1.9183172e-22,1.31637,-1.95272,0.001
194,-0.10823461,1.7840109e-21,-2.0434317e-19,-0.00013953912,1.3161781,-1.9999954,0.050000001,1.1273497,0.020884246,-1.7530725e-22,1.3161801,-2,0.001
194,-0.10481083,2.9415906e-20,-8.4163994e-19,-7.9660596e-05,1.3876271,-1.9525417,0.050000001,1.1224904,0.025211653,-7.3395407e-22,1.38763,-1.95254,0.001
194,-0.10193636,2.2584921e-20,-1.0892061e-18,-0.00010944945,1.3874437,-1.9999989,0.050000001,1.1221523,0.021732686,-8.975676e-22,1.3874453,-2,0.001
194,-0.097930826,-3.3844499e-21,1.9874446e-19,-6.8598092e-05,1.4588956,-1.9523662,0.050000001,1.1169102,0.025370333,1.3317711e-22,1.4589,-1.95237,0.001
194,-0.095442228,-1.8994123e-21,7.4652682e-20,-0.00010400787,1.4587139,-1.9999983,0.050000001,1.1170044,0.021938007,4.6863087e-23,1.4587147,-2,0.001
194,-0.090899102,-1.2326247e-20,4.1664638e-19,-6.153396e-05,1.5301577,-1.9521855,0.050000001,1.1114528,0.024835054,2.7699007e-22,1.53016,-1.95219,0.001
194,-0.088806547,-7.425501e-21,2.9283608e-19,-8.9979301e-05,1.5299799,-1.9999979,0.050000001,1.1119794,0.02149988,2.2593951e-22,1.5299799,-2,0.001
194,-0.083775334,1.1154021e-20,-4.0915853e-19,-1.4008154e-05,1.6014173,-1.9520078,0.050000001,1.1062003,0.023612892,-3.1217112e-22,1.60142,-1.95201,0.001
194,-0.082085386,9.0919872e-21,-4.0807534e-19,-6.107831e-05,1.601244,-1.9999987,0.050000001,1.1071548,0.020426968,-2.9354981e-22,1.6012454,-2,0.001
194,-0.076621056,2.1038617e-20,-1.0296879e-18,2.0193575e-05,1.6726795,-1.9518298,0.050000001,1.1012353,0.021721415,-6.3297295e-22,1.67268,-1.95183,0.001
194,-0.075336047,1.3462903e-20,-7.8139079e-19,-4.3275555e-05,1.672509,-1.9999996,0.050000001,1.1026057,0.018737225,-4.6218762e-22,1.6725107,-2,0.001
194,-0.069498144,-6.6190573e-21,4.0066015e-19,6.1461018e-05,1.7439417,-1.9516516,0.050000001,1.0966377,0.019187488,1.9611023e-22,1.74394,-1.95165,0.001
194,-0.06861598,-6.3379713e-21,5.2541241e-19,-1.0552524e-05,1.7437754,-2.0000005,0.050000001,1.098406,0.016457334,2.7413893e-22,1.7437762,-2,0.001
194,-0.062467966,-1.4322227e-20,8.1920489e-19,0.00011640279,1.8152076,-1.9514782,0.050000001,1.0924878,0.016048577,4.2987553e-22,1.81521,-1.95148,0.001
194,-0.061982423,-1.3431616e-20,9.4701323e-19,1.7563989e-05,1.8150445,-1.9999992,0.050000001,1.0946289,0.013623714,5.000585e-22,1.8150456,-2,0.001
194,-0.055591356,1.1156196e-20,-6.0626833e-19,0.00017893118,1.8864694,-1.9512995,0.050000001,1.0888603,0.012352355,-3.083471e-22,1.88647,-1.9513,0.001
194,-0.055491619,8.2348221e-21,-7.300587e-19,5.1113213e-05,1.8863091,-1.9999994,0.050000001,1.0913435,0.010281516,-3.6163691e-22,1.8863112,-2,0.001
194,-0.048926413,5.6629116e-21,-4.0993091e-19,0.0002588151,1.957733,-1.9511259,0.050000001,1.0858252,0.0081546269,-1.8639968e-22,1.9577399,-1.95113,0.001
194,-0.049197558,5.3068822e-21,-6.5957169e-19,0.00011618451,1.9575763,-1.9999993,0.050000001,1.0886143,0.0064844294,-2.8880397e-22,1.9575806,-2,0.001
194,-0.042529114,3.0701798e-21,8.0429139e-19,0.00033983644,2.0289972,-1.9509518,0.050000001,1.0834551,0.0035217446,2.4480714e-22,2.029,-1.95095,0.001
194,-0.043152086,3.6357536e-21,1.8281769e-19,0.00017050139,2.028846,-1.9999994,0.050000001,1.0865046,0.0022946778,3.9137646e-23,2.0288463,-2,0.001
194,-0.036453154,2.2270176e-21,3.7556767e-21,0.00044943206,2.1002674,-1.9507796,0.050000001,1.0818076,-0.0014720453,2.1764754e-25,2.10027,-1.95078,0.001
194,-0.037404593,6.7219744e-22,-3.7331669e-19,0.00024155919,2.1001194,-2.0000012,0.050000001,1.0850682,-0.002217399,-1.2182713e-22,2.1001217,-2,0.001
194,-0.030747851,1.4398732e-21,-6.0383264e-19,0.0006005771,2.1715395,-1.9506115,0.050000001,1.080935,-0.0067432774,-2.0631874e-22,2.17154,-1.95061,0.001
194,-0.032000702,3.5914073e-22,-4.8242833e-19,0.00032274623,2.1713924,-2.0000005,0.050000001,1.0843521,-0.0069732908,-1.6534619e-22,2.1713912,-2,0.001
194,-0.025456993,-4.7373821e-21,-4.0340221e-19,0.00078506587,2.2428095,-1.9504455,0.050000001,1.08088,-0.012201627,-8.5488894e-23,2.24281,-1.9504499,0.001
194,-0.026981104,-4.2466936e-21,-2.7883385e-19,0.00043347589,2.2426655,-1.999997,0.050000001,1.0843936,-0.011888781,-5.5930528e-23,2.242667,-2,0.001
194,-0.020621246,-1.1262509e-20,-8.0409922e-19,0.00099872611,2.3140814,-1.9502792,0.050000001,1.0816749,-0.017749738,-1.4862329e-22,2.31408,-1.95028,0.001
194,-0.02238336,-8.2888134e-21,-5.5566494e-19,0.00056997908,2.3139405,-1.9999985,0.050000001,1.085222,-0.016873039,-1.0908603e-22,2.3139429,-2,0.001
194,-0.01627606,-3.9224658e-21,-1.9863696e-19,0.0012561259,2.3853595,-1.9501178,0.050000001,1.0833449,-0.023284379,-2.3630426e-23,2.38536,-1.95012,0.001
194,-0.018239653,2.6331213e-21,5.1569393e-20,0.00071823376,2.3852208,-1.9999992,0.050000001,1.0868564,-0.021830181,-1.6390274e-25,2.3852224,-2,0.001
194,-0.012451456,-1.4480469e-20,-6.0815415e-19,0.0015709426,2.45664,-1.9499558,0.050000001,1.0858974,-0.028696941,-7.0687226e-23,2.45664,-1.94996,0.001
194,-0.014577497,-1.4804911e-20,-6.0998185e-19,0.00092263392,2.4565017,-1.9999996,0.050000001,1.0893025,-0.026659682,-7.7893161e-23,2.456502,-2,0.001
194,-0.0091714868,-7.3377673e-21,-4.0669211e-19,0.0019516194,2.5279176,-1.9497977,0.050000001,1.0893375,-0.033875287,-6.5871091e-23,2.52792,-1.9498,0.001
194,-0.011418396,-9.7820949e-21,-4.0648971e-19,0.0011644955,2.5277815,-1.9999992,0.050000001,1.0925626,-0.031258371,-5.4594697e-23,2.5277815,-2,0.001
194,-0.0064536515,-3.1097813e-20,-8.2073641e-19,0.0024033741,2.5991995,-1.9496392,0.050000001,1.0936472,-0.038705178,-3.8168117e-23,2.5992,-1.94964,0.001
194,-0.0087781083,-1.3571617e-20,-3.0464553e-19,0.0014415124,2.599067,-1.9999983,0.050000001,1.0966189,-0.035521347,-4.3000421e-24,2.5990674,-2,0.001
194,-0.0043088887,-4.2152177e-20,-1.0259512e-18,0.0029239482,2.6704884,-1.9494878,0.050000001,1.0987974,-0.0430713,-2.7898479e-23,2.67049,-1.94949,0.001
194,-0.0066659693,-2.3556913e-20,-6.3803067e-19,0.0017572526,2.6703563,-1.9999977,0.050000001,1.101439,-0.039343573,-3.2097504e-23,2.670357,-2,0.001
194,-0.0027409403,1.525111e-20,4.0741843e-19,0.0035243412,2.7417717,-1.94934,0.050000001,1.1047422,-0.04685951,1.8546835e-23,2.74177,-1.94934,0.001
194,-0.0050849249,1.0927244e-21,1.5305743e-20,0.0021204303,2.7416449,-2.0000012,0.050000001,1.1069806,-0.042620871,2.3205285e-25,2.741643,-2,0.001
194,-0.0017457564,5.5740037e-20,1.2432698e-18,0.0042054672,2.8130591,-1.94919,0.050000001,1.1114197,-0.04995985,1.6848895e-23,2.81306,-1.94919,0.001
194,-0.0040305494,3.5871418e-20,8.48678e-19,0.0025446094,2.8129358,-1.9999989,0.050000001,1.1131853,-0.045253951,2.2315149e-23,2.8129389,-2,0.001
194,-0.0013118825,1.9032633e-20,4.1354931e-19,0.0049821204,2.8843534,-1.9490417,0.050000001,1.1187549,-0.052266773,3.7189897e-24,2.8843601,-1.9490401,0.001
194,-0.0034919153,9.7093741e-21,2.8217941e-19,0.0030357896,2.8842294,-1.9999977,0.050000001,1.1199825,-0.047147524,1.5005553e-23,2.8842323,-2,0.001
194,-0.0014199972,-1.7824056e-20,-4.1584939e-19,0.0058510466,2.9556475,-1.9489,0.050000001,1.1266572,-0.053682879,-1.0500302e-23,2.9556501,-1.9489,0.001
194,-0.0034504062,-2.426187e-20,-5.5062953e-19,0.0035740368,2.9555271,-1.9999985,0.050000001,1.1272863,-0.048214942,-1.1842353e-23,2.9555285,-2,0.001
194,-0.0020424186,-1.2045566e-20,-2.1176215e-19,0.0067734057,3.0269477,-1.9487578,0.050000001,1.1350272,-0.054122485,9.8443382e-25,3.0269499,-1.94876,0.001
194,-0.0038804461,-4.1883814e-21,-7.5844959e-20,0.0041336608,3.0268283,-2.0000005,0.050000001,1.1350031,-0.048379339,3.5232323e-25,3.0268281,-2,0.001
194,-0.0031436568,-2.3812119e-20,-4.2560526e-19,0.007724958,3.0982502,-1.9486192,0.050000001,1.1437422,-0.053511724,-1.0381042e-24,3.0982499,-1.94862,0.001
194,-0.0047490755,-8.6017979e-21,-1.5148524e-19,0.0047214795,3.0981302,-1.9999998,0.050000001,1.1430211,-0.047576316,-3.6979423e-25,3.0981276,-2,0.001
194,-0.0046806731,-3.1279945e-20,-6.4566244e-19,0.0087050768,3.1695499,-1.9484875,0.050000001,1.1526722,-0.051792599,-2.0314011e-23,3.1695499,-1.94849,0.001
194,-0.0060168365,-2.0471277e-20,-5.0649246e-19,0.0053259525,3.1694336,-1.9999992,0.050000001,1.1512216,-0.045755278,-2.498854e-23,3.1694338,-2,0.001
194,-0.0066033178,-7.6767587e-21,1.2049124e-21,0.0096592251,3.2408519,-1.9483581,0.050000001,1.1616821,-0.048925936,1.472971e-23,3.24085,-1.94836,0.001
194,-0.0076380079,-1.7129204e-21,1.9415593e-21,0.0059059621,3.2407391,-1.9999993,0.050000001,1.159479,-0.042882316,5.5740632e-24,3.2407401,-2,0.001
194,-0.0088551072,-8.0589679e-21,-2.2329301e-19,0.010491025,3.3121595,-1.9482278,0.050000001,1.1706246,-0.044891961,-2.0610238e-23,3.31216,-1.94823,0.001
194,-0.0095611922,-1.0000544e-20,-3.622502e-19,0.0064130691,3.312048,-2.0000005,0.050000001,1.1676539,-0.038941551,-3.5833975e-23,3.3120499,-2,0.001
194,-0.011374164,-3.4908579e-20,-1.0944597e-18,0.011218477,3.3834693,-1.9480995,0.050000001,1.1793472,-0.039691318,-9.98585e-23,3.3834701,-1.9481,0.001
194,-0.011730327,-1.8251448e-20,-5.2397777e-19,0.0068658432,3.3833606,-1.9999996,0.050000001,1.1756134,-0.033935856,-4.2331475e-23,3.3833594,-2,0.001
194,-0.014094505,-1.6231524e-20,-6.6565731e-19,0.01181995,3.4547815,-1.9479783,0.050000001,1.1877021,-0.033347629,-7.6352048e-23,3.4547801,-1.94798,0.001
194,-0.014085898,3.068732e-21,5.1847629e-20,0.0072467132,3.4546747,-1.9999995,0.050000001,1.1832232,-0.027888251,-4.8345009e-24,3.4546757,-2,0.001
194,-0.016947737,2.8383309e-21,2.9713026e-21,0.012187455,3.5260978,-1.947854,0.050000001,1.1955473,-0.02590652,1.1211799e-24,3.5260999,-1.94785,0.001
194,-0.016566198,2.2973978e-21,1.4602416e-19,0.0074845552,3.5259893,-2.0000014,0.050000001,1.1903489,-0.020841021,2.1326831e-23,3.5259888,-2,0.001
194,-0.019863991,1.1716802e-21,2.2574147e-22,0.012351514,3.5974157,-1.947736,0.050000001,1.2027397,-0.017434191,-1.5978398e-24,3.59742,-1.94774,0.001
194,-0.019108731,2.6789543e-21,2.9097133e-19,0.0075913169,3.5973084,-1.9999995,0.050000001,1.1968669,-0.012855958,3.9876985e-23,3.5973086,-2,0.001
194,-0.022773916,-4.6470114e-21,-4.4936297e-19,0.012322695,3.6687341,-1.9476178,0.050000001,1.2091472,-0.0080198329,-7.6453931e-23,3.66873,-1.94762,0.001
194,-0.021651255,-3.085808e-21,-1.5335123e-19,0.0075821369,3.6686316,-1.999999,0.050000001,1.2026581,-0.0040128315,-2.089684e-23,3.6686316,-2,0.001
194,-0.025611464,-5.5950941e-21,-2.7726369e-21,0.01208024,3.7400579,-1.947504,0.050000001,1.2146574,0.0022327246,1.9169099e-25,3.7400601,-1.9475,0.001
194,-0.024133986,-3.166635e-21,1.4973759e-19,0.0074418029,3.739954,-2.0000014,0.050000001,1.2076198,0.0055930372,3.381906e-23,3.7399549,-2,0.001
194,-0.028313419,7.4731093e-22,-8.7636363e-22,0.011599189,3.8113821,-1.9473917,0.050000001,1.2191725,0.013201571,-1.5914982e-25,3.8113799,-1.94739,0.001
194,-0.026500748,-1.3298401e-21,-9.3543202e-22,0.0071502426,3.8112803,-1.9999992,0.050000001,1.2116621,0.015851738,-3.741746e-24,3.8112812,-2,0.001
194,-0.03082294,-1.6380098e-21,3.6211839e-21,0.010910843,3.8827078,-1.9472817,0.050000001,1.22261,0.024753472,1.3810288e-23,3.88271,-1.94728,0.001
194,-0.028700337,6.4970037e-21,-3.7245596e-19,0.0067357221,3.8826106,-1.9999998,0.050000001,1.214711,0.026643377,-7.4082363e-23,3.882611,-2,0.001
194,-0.033089742,-3.8146488e-21,1.1338347e-19,0.010105103,3.9540336,-1.9471785,0.050000001,1.2249097,0.03674658,2.5451968e-23,3.95403,-1.94718,0.001
194,-0.030687543,3.5239522e-21,-1.1041825e-19,0.0062410058,3.9539387,-1.9999995,0.050000001,1.2167162,0.037840191,-2.1014854e-23,3.9539375,-2,0.001
194,-0.035071939,-3.8890304e-21,-2.2530367e-22,0.0092091756,4.0253654,-1.9470695,0.050000001,1.226035,0.049035929,5.2632437e-24,4.0253701,-1.94707,0.001
194,-0.032423578,-3.5679846e-21,7.4587044e-20,0.0056951391,4.025269,-1.9999985,0.050000001,1.217643,0.049311362,1.7577041e-23,4.0252705,-2,0.001
194,-0.03673581,-1.7385212e-21,1.8552857e-21,0.0082100248,4.0966978,-1.9469672,0.050000001,1.22597,0.061473891,5.4359502e-24,4.0967002,-1.94697,0.001
194,-0.033878211,-7.6725036e-22,-5.9747431e-22,0.005102451,4.0966005,-1.9999975,0.050000001,1.2174742,0.060924519,-2.6993501e-24,4.0966005,-2,0.001
194,-0.038056862,1.8419601e-20,-3.4392063e-19,0.0071982397,4.1680322,-1.9468672,0.050000001,1.2247201,0.073917992,-1.0064727e-22,4.1680298,-1.94687,0.001
194,-0.035028361,1.0881067e-20,-1.922234e-19,0.0044981604,4.1679373,-1.9999974,0.050000001,1.2162149,0.072551258,-5.9643918e-23,4.1679368,-2,0.001
194,-0.03901998,4.8991791e-21,-1.166016e-19,0.0062318854,4.2393675,-1.9467673,0.050000001,1.2223101,0.08623296,-3.4702862e-23,4.2393699,-1.94677,0.001
194,-0.035859216,6.5491544e-21,-1.1466062e-19,0.0039083739,4.2392755,-1.9999988,0.050000001,1.2138872,0.084068328,-3.3035977e-23,4.2392769,-2,0.001
194,-0.039618257,2.9341022e-23,-2.3401555e-21,0.0053054956,4.310708,-1.9466742,0.050000001,1.2187852,0.098291971,-8.4048262e-24,4.31071,-1.9466701,0.001
194,-0.036363855,1.2549709e-20,-1.5021453e-19,0.0033374818,4.3106155,-2.0000014,0.050000001,1.2105296,0.095360637,-4.2033705e-23,4.3106165,-2,0.001
194,-0.03985275,1.8920648e-20,-2.2709778e-19,0.0044740974,4.3820477,-1.9465821,0.050000001,1.2141976,0.10998034,-7.0365629e-23,4.38205,-1.9465801,0.001
194,-0.036541924,2.4900684e-20,-2.9862011e-19,0.0028468464,4.3819566,-2.000001,0.050000001,1.2061906,0.10632374,-7.9583374e-23,4.3819561,-2,0.001
194,-0.039732419,2.17939e-20,-2.2340799e-19,0.0037230381,4.4533896,-1.9464898,0.050000001,1.2086227,0.12119779,-5.7924479e-23,4.4533901,-1.94649,0.001
194,-0.036399808,2.8135621e-20,-2.9701879e-19,0.0024012763,4.4533029,-2.0000014,0.050000001,1.2009338,0.11686514,-7.5149528e-23,4.4533029,-2,0.001
194,-0.039272353,-1.5938714e-20,1.1270623e-19,0.0030704886,4.524734,-1.9464003,0.050000001,1.2021452,0.13185912,3.9831253e-23,4.5247302,-1.9464,0.001
194,-0.035949741,-1.6031432e-20,1.1054676e-19,0.001997856,4.5246477,-2.0000029,0.050000001,1.1948327,0.12690495,3.5849998e-23,4.5246496,-2,0.001
194,-0.038492635,4.0377956e-20,-3.2768057e-19,0.0025238937,4.5960798,-1.9463122,0.050000001,1.1948477,0.14189363,-8.5308535e-23,4.5960798,-1.94631,0.001
194,-0.035208806,1.2102064e-20,-1.0504517e-19,0.0016655121,4.5959921,-1.9999994,0.050000001,1.1879624,0.13637699,-2.2291294e-23,4.5959926,-2,0.001
194,-0.037417162,9.5833191e-20,-7.6719554e-19,0.0020674302,4.6674304,-1.946228,0.050000001,1.18682,0.15124533,-1.9892774e-22,4.6674299,-1.9462301,0.001
194,-0.034196917,4.6704924e-20,-3.9939245e-19,0.0013850436,4.6673436,-2.0000005,0.050000001,1.1804019,0.14522755,-1.0562025e-22,4.6673427,-2,0.001
194,-0.036073577,3.2250812e-20,-2.1351406e-19,0.0017014485,4.73878,-1.9461417,0.050000001,1.1781552,0.15987374,-3.9857364e-23,4.73878,-1.9461401,0.001
194,-0.032937933,4.022822e-20,-2.8762554e-19,0.0011595068,4.7386961,-2.0000002,0.050000001,1.1722344,0.15341654,-6.3265086e-23,4.738699,-2,0.001
194,-0.034490548,-6.1817857e-20,4.3929955e-19,0.00139606,4.8101296,-1.9460577,0.050000001,1.1689452,0.16775036,1.3533752e-22,4.8101301,-1.9460599,0.001
194,-0.031457026,2.0070158e-20,-1.4794805e-19,0.00097052957,4.8100471,-1.999999,0.050000001,1.1635441,0.16091523,-2.0211839e-23,4.8100491,-2,0.001
194,-0.032698087,-4.9126366e-20,3.3070813e-19,0.0011532153,4.8814821,-1.9459778,0.050000001,1.1592802,0.17486033,9.9846737e-23,4.8814802,-1.94598,0.001
194,-0.0297803,-3.6075424e-20,2.5250166e-19,0.00081448979,4.8814006,-2.0000007,0.050000001,1.1544106,0.16770595,6.843569e-23,4.8813992,-2,0.001
194,-0.030726187,-1.7247923e-20,1.0493152e-19,0.00095912168,4.9528379,-1.9459003,0.050000001,1.14924,0.18119918,1.9275376e-23,4.9528399,-1.9459,0.001
194,-0.02793414,-3.7032996e-20,2.5062818e-19,0.00070033164,4.9527583,-2.0000029,0.050000001,1.1449068,0.17378144,5.2953506e-23,4.9527588,-2,0.001
194,-0.028604273,-1.6639345e-20,1.0720128e-19,0.00082353002,5.0241919,-1.9458218,0.050000001,1.1389003,0.18677001,2.3412347e-23,5.0241899,-1.94582,0.001
194,-0.025945039,-1.5426954e-20,1.0593628e-19,0.00061644183,5.0241146,-1.9999988,0.050000001,1.1351053,0.17914237,2.0022337e-23,5.0241151,-2,0.001
194,-0.026360095,1.9233804e-20,-1.0663576e-19,0.00072373654,5.0955496,-1.945748,0.050000001,1.1283351,0.19158538,-3.1815224e-23,5.0955501,-1.94575,0.001
194,-0.023837984,-3.012311e-20,1.7728423e-19,0.00055641268,5.0954719,-1.9999965,0.050000001,1.1250734,0.18379626,2.9106509e-23,5.0954752,-2,0.001
194,-0.024020595,1.9016243e-20,-1.0538313e-19,0.00062072696,5.1669073,-1.9456693,0.050000001,1.1176127,0.19566435,-2.6211253e-23,5.1669102,-1.94567,0.001
194,-0.021636559,-6.2322005e-21,3.7923976e-20,0.00049779686,5.1668305,-1.9999993,0.050000001,1.1148716,0.18775576,5.8968792e-24,5.1668353,-2,0.001
194,-0.0216101,1.3036986e-19,-7.1534476e-19,0.0005599485,5.2382693,-1.9455996,0.050000001,1.1067877,0.19902728,-1.1874308e-22,5.2382698,-1.9456,0.001
194,-0.019363785,1.0107686e-19,-5.7665816e-19,0.00044430446,5.2381945,-1.9999995,0.050000001,1.1045539,0.1910401,-9.0999062e-23,5.2381949,-2,0.001
194,-0.019150758,1.132531e-19,-6.0861514e-19,0.00051873573,5.309638,-1.9455322,0.050000001,1.0959076,0.20170206,-8.9742817e-23,5.3096399,-1.9455301,0.001
194,-0.01703972,6.0525406e-20,-3.3192057e-19,0.00040612894,5.3095632,-1.9999981,0.050000001,1.0941656,0.19367117,-4.69445e-23,5.3095651,-2,0.001
194,-0.016662905,-1.8419491e-20,1.0733775e-19,0.00046710539,5.3810024,-1.9454595,0.050000001,1.0850177,0.20371707,3.2029349e-23,5.381,-1.94546,0.001
194,-0.014682858,1.8750682e-20,-9.9010256e-20,0.00036252147,5.3809271,-1.9999983,0.050000001,1.0837479,0.19567183,5.2356387e-24,5.3809247,-2,0.001
194,-0.014164205,-7.7669597e-20,4.0421582e-19,0.00042347168,5.4523683,-1.9453936,0.050000001,1.074155,0.20510025,6.2386263e-23,5.4523702,-1.94539,0.001
194,-0.012309871,-4.9481925e-20,2.6496265e-19,0.00034063833,5.4522943,-2.0000024,0.050000001,1.0733398,0.19706705,3.5784974e-23,5.4522948,-2,0.001
194,-0.011670106,-5.8175961e-20,3.0024679e-19,0.00038815325,5.5237317,-1.9453303,0.050000001,1.0633552,0.20588247,3.8626833e-23,5.5237298,-1.94533,0.001
194,-0.0099355709,-6.5922514e-20,3.6815656e-19,0.00031304473,5.5236626,-1.9999989,0.050000001,1.0629753,0.19788447,3.6894709e-23,5.5236616,-2,0.001
194,-0.0091939298,1.8175556e-20,-9.6885998e-20,0.00034341172,5.5951023,-1.9452617,0.050000001,1.0526401,0.20609388,-4.7282784e-24,5.5950999,-1.94526,0.001
194,-0.0075721075,3.0460099e-20,-1.6425973e-19,0.00027426812,5.5950322,-2.0000036,0.050000001,1.0526743,0.19814754,-9.5089152e-24,5.5950313,-2,0.001
194,-0.0067468528,3.6142868e-20,-1.9377096e-19,0.00032544383,5.6664748,-1.9451977,0.050000001,1.0420276,0.20576099,-7.5725488e-24,5.6664701,-1.9452,0.001
194,-0.005230756,4.7700188e-20,-2.5973942e-19,0.00025538262,5.6664033,-2.000001,0.050000001,1.0424597,0.19788297,-8.4510716e-24,5.6664014,-2,0.001
194,-0.0043384037,1.6008806e-20,-9.6801697e-20,0.00033391739,5.7378421,-1.945138,0.050000001,1.0315377,0.20491169,6.6782948e-25,5.7378402,-1.94514,0.001
194,-0.002920561,4.2796396e-20,-2.2808779e-19,0.0002449927,5.7377734,-2.000001,0.050000001,1.032353,0.19711417,-5.6058803e-24,5.7377715,-2,0.001
194,-0.0019762246,-2.1552849e-21,-1.1185393e-22,0.00029146924,5.8092122,-1.9450803,0.050000001,1.0211827,0.20357025,3.5085204e-24,5.8092098,-1.94508,0.001
194,-0.00064903538,2.3948643e-20,-1.3082306e-19,0.00023299339,5.809145,-2.0000026,0.050000001,1.0223633,0.1958629,8.6264859e-25,5.8091412,-2,0.001
194,0.00033361313,-1.4799951e-21,-9.8237159e-22,0.00027145576,5.8805842,-1.94502,0.050000001,1.0109726,0.2017598,1.2810219e-24,5.8805799,-1.94502,0.001
194,0.0015776062,1.1086219e-20,-6.5365014e-20,0.00022756706,5.880518,-1.9999987,0.050000001,1.0125036,0.19415076,1.9685564e-24,5.880518,-2,0.001
194,0.0025863098,5.2725791e-20,-2.7842077e-19,0.00028308691,5.9519577,-1.94496,0.050000001,1.0009151,0.19950075,1.184806e-23,5.9519601,-1.94496,0.001
194,0.0037544523,2.8728096e-20,-1.5002243e-19,0.00022580594,5.9518919,-2.0000002,0.050000001,1.0027854,0.19199526,6.9153906e-24,5.9518909,-2,0.001
194,0.0047782175,1.8951937e-20,-9.3961753e-20,0.00027139939,6.0233321,-1.9449015,0.050000001,0.99101436,0.19681019,-5.7188846e-25,6.0233302,-1.9449,0.001
194,0.0058776638,-6.1070454e-21,3.364373e-20,0.00021936811,6.0232668,-2,0.050000001,0.99321085,0.18941285,-4.6076782e-24,6.0232682,-2,0.001
194,0.0069068796,-3.5886274e-20,1.8185833e-19,0.0002629871,6.0947094,-1.9448478,0.050000001,0.98127288,0.19370276,-1.1547179e-23,6.0947099,-1.94485,0.001
194,0.0079442365,-2.3465427e-20,1.1996805e-19,0.00021612397,6.094646,-1.9999961,0.050000001,0.98378581,0.18641831,-6.8221874e-24,6.0946479,-2,0.001
194,0.0089703882,3.5288824e-20,-1.8040473e-19,0.0002640615,6.16609,-1.9447937,0.050000001,0.97169304,0.19019219,1.4994891e-23,6.16609,-1.94479,0.001
194,0.0099521931,2.3075051e-20,-1.1891803e-19,0.00021825741,6.166028,-1.9999996,0.050000001,0.97451609,0.18302254,9.0842256e-24,6.1660275,-2,0.001
194,0.010967751,3.2643591e-20,-1.7960622e-19,0.00026867955,6.2374678,-1.944742,0.050000001,0.96227676,0.18628733,2.0599987e-23,6.2374701,-1.9447401,0.001
194,0.011900022,2.1586317e-20,-1.1654782e-19,0.00022452489,6.2374072,-1.9999993,0.050000001,0.96540368,0.17923555,1.4197865e-23,6.2374077,-2,0.001
194,0.012898354,-3.5685951e-20,1.7657831e-19,0.00027788526,6.3088455,-1.9446875,0.050000001,0.95302498,0.18199599,-1.9165183e-23,6.3088498,-1.94469,0.001
194,0.013786861,-2.2093395e-20,1.1520908e-19,0.00023183583,6.3087864,-2.0000002,0.050000001,0.95645225,0.17506365,-1.4814447e-23,6.3087878,-2,0.001
194,0.014762162,-1.6145058e-20,8.8354832e-20,0.00029786385,6.380228,-1.944638,0.050000001,0.94393903,0.17732294,-1.1344099e-23,6.3802299,-1.94464,0.001
194,0.01561209,-2.6462962e-20,1.4927003e-19,0.00024956604,6.3801684,-2.0000002,0.050000001,0.9476642,0.17051275,-2.19766e-23,6.3801675,-2,0.001
194,0.016559273,1.5903177e-20,-8.7908064e-20,0.00031795661,6.4516101,-1.9445902,0.050000001,0.93502033,0.17227075,1.2900744e-23,6.4516101,-1.94459,0.001
194,0.017375506,1.6098043e-20,-8.816659e-20,0.00027041128,6.4515505,-1.9999988,0.050000001,0.93904233,0.1655858,1.2922614e-23,6.4515476,-2,0.001
194,0.018290138,-9.5656592e-23,9.0297052e-23,0.00034294958,6.5229921,-1.94454,0.050000001,0.92627037,0.16683979,0,6.5229902,-1.94454,0.001
194,0.019077281,1.007236e-20,-6.0666492e-20,0.00029102183,6.5229335,-2.0000002,0.050000001,0.93059051,0.16028289,1.0620397e-23,6.5229344,-2,0.001
194,0.019955147,6.8778003e-26,6.8709217e-23,0.00037582731,6.594378,-1.9444895,0.050000001,0.91769224,0.16102804,0,6.5943799,-1.94449,0.001
194,0.020717362,9.8837332e-26,9.5393844e-23,0.00032238656,6.5943184,-1.9999995,0.050000001,0.92231333,0.15460323,0,6.5943174,-2,0.001
194,0.021554677,-6.6239501e-21,4.2423237e-20,0.00042045783,6.6657619,-1.9444417,0.050000001,0.90929204,0.1548319,-9.8086492e-24,6.66576,-1.94444,0.001
194,0.022295766,-2.0996273e-21,1.2900936e-20,0.00036385545,6.6657038,-1.9999979,0.050000001,0.914217,0.14854489,-2.9827178e-24,6.6657043,-2,0.001
194,0.023089146,-6.6182539e-21,4.2249206e-20,0.0004721997,6.7371483,-1.944398,0.050000001,0.90107554,0.14824589,-9.8001531e-24,6.7371502,-1.9444,0.001
194,0.023812609,-2.1026669e-21,1.287801e-20,0.00040966546,6.7370882,-2.0000007,0.050000001,0.90630943,0.14210352,-2.9870926e-24,6.7370872,-2,0.001
194,0.024558429,-2.3470959e-25,-2.2588528e-22,0.00052621408,6.8085322,-1.9443517,0.050000001,0.89305001,0.1412639,0,6.8085299,-1.94435,0.001
194,0.025267661,-7.7297959e-26,-6.8631744e-23,0.00046167686,6.808475,-1.9999992,0.050000001,0.89859837,0.13527369,0,6.8084745,-2,0.001
194,0.025962679,1.2222801e-20,-8.114888e-20,0.00059769815,6.87992,-1.9443101,0.050000001,0.88522655,0.13387625,2.2450066e-23,6.87992,-1.9443099,0.001
194,0.026660692,3.8025097e-21,-2.4595416e-20,0.00052441168,6.8798642,-2.0000029,0.050000001,0.891096,0.12804808,6.8044065e-24,6.8798642,-2,0.001
194,0.02730119,1.1464516e-20,-8.0027204e-20,0.00068990106,6.9513102,-1.944266,0.050000001,0.87761712,0.1260754,2.3538035e-23,6.9513102,-1.94427,0.001
194,0.027990824,3.5717602e-21,-2.4215367e-20,0.00060439453,6.9512539,-2.0000002,0.050000001,0.88381457,0.12042111,7.1223719e-24,6.9512544,-2,0.001
194,0.028573075,-1.2222902e-20,8.1311208e-20,0.00082086178,7.0226979,-1.9442195,0.050000001,0.87023598,0.11785304,-2.2470436e-23,7.0226998,-1.9442199,0.001
194,0.029257182,-3.7900523e-21,2.4560062e-20,0.00070987729,7.0226436,-1.9999999,0.050000001,0.87677002,0.11238481,-6.7872133e-24,7.022644,-2,0.001
194,0.029777234,-1.1237613e-20,8.0178048e-20,0.001049328,7.0940857,-1.94418,0.050000001,0.86310101,0.10919996,-2.3559407e-23,7.09409,-1.94418,0.001
194,0.030458424,-3.6728734e-21,2.4108646e-20,0.00087661232,7.0940309,-2,0.050000001,0.8699795,0.10393251,-7.1043898e-24,7.0940342,-2,0.001
194,0.030911684,-1.5795632e-23,-3.5592697e-22,0.0015090449,7.1654754,-1.94414,0.050000001,0.85622776,0.10011273,0,7.1654801,-1.94414,0.001
194,0.031592693,2.372228e-21,-2.7869906e-20,0.0011948488,7.1654205,-1.9999999,0.050000001,0.8634612,0.095060103,9.8675542e-24,7.1654243,-2,0.001
194,0.031974077,7.9066495e-21,-7.7880677e-20,0.0024528375,7.2368679,-1.9440998,0.050000001,0.84962922,0.09059605,2.725876e-23,7.2368698,-1.9441,0.001
194,0.032657709,-1.7195045e-22,4.892552e-21,0.0018294012,7.236815,-1.9999998,0.050000001,0.85723144,0.085769065,-1.5865202e-24,7.236814,-2,0.001
194,0.032961346,6.2073233e-21,-7.8159734e-20,0.0042647505,7.30826,-1.9440595,0.050000001,0.84330976,0.08066792,2.8997517e-23,7.30826,-1.94406,0.001
194,0.033650607,5.091768e-21,-7.77724e-20,0.0030688876,7.3082094,-2.0000012,0.050000001,0.85130155,0.076070465,3.0133019e-23,7.3082108,-2,0.001
194,0.033869561,-2.1580857e-21,1.3841532e-21,0.0074645351,7.379652,-1.9440219,0.050000001,0.83726001,0.070365034,1.3968546e-24,7.3796501,-1.94402,0.001
194,0.034567665,2.5364702e-21,-5.4572491e-20,0.0053255116,7.3796015,-1.9999994,0.050000001,0.84567273,0.065991223,2.172265e-23,7.379601,-2,0.001
194,0.034694001,7.9578036e-22,-3.5695361e-20,0.012605851,7.4510484,-1.9439861,0.050000001,0.83145094,0.059746198,1.5508535e-23,7.4510498,-1.94399,0.001
194,0.035404682,-4.9917826e-21,4.5795481e-20,0.0090982141,7.4509964,-1.9999988,0.050000001,0.84033108,0.055575497,-1.5267522e-23,7.450994,-2,0.001
194,0.035428904,-8.0996589e-21,1.1580384e-19,0.020111412,7.5224404,-1.9439476,0.050000001,0.82583457,0.048891429,-4.399713e-23,7.52244,-1.9439501,0.001
194,0.036156714,-4.0643495e-21,3.4792738e-20,0.014879819,7.5223913,-2.0000002,0.050000001,0.835244,0.044887654,-1.2262298e-23,7.5223908,-2,0.001
194,0.036067817,-5.7290101e-21,4.0251652e-20,0.030053245,7.593832,-1.9439119,0.050000001,0.82035452,0.037888091,-1.3791381e-23,7.5938301,-1.94391,0.001
194,0.036817793,-2.2491269e-21,-4.1829205e-20,0.022970494,7.5937829,-1.9999993,0.050000001,0.83036357,0.034007847,1.9175667e-23,7.593781,-2,0.001
194,0.036603514,4.9241904e-22,-3.570359e-20,0.041936044,7.6652298,-1.9438781,0.050000001,0.81495869,0.026816314,1.4866686e-23,7.6652298,-1.94388,0.001
194,0.037381556,-1.2132641e-21,-9.8214329e-21,0.03330195,7.6651807,-2.0000007,0.050000001,0.82563764,0.023018206,5.0634252e-24,7.6651807,-2,0.001
194,0.037028994,-4.3178174e-21,3.8810885e-20,0.054585464,7.7366281,-1.9438418,0.050000001,0.80962539,0.015729157,-1.377954e-23,7.73663,-1.94384,0.001
194,0.037841465,-3.8837745e-21,6.7207727e-20,0.04527403,7.7365785,-2.0000002,0.050000001,0.82102287,0.011991722,-2.6273255e-23,7.7365808,-2,0.001
194,0.037337959,-2.5770818e-21,7.4378769e-20,0.06621445,7.8080244,-1.9438102,0.050000001,0.80439019,0.0046312748,-2.9867243e-23,7.8080201,-1.94381,0.001
194,0.038191017,-2.0588712e-22,1.5620927e-19,0.057696465,7.8079762,-2,0.050000001,0.81650978,0.00097169221,-6.6247681e-23,7.8079777,-2,0.001
194,0.03752457,-2.4043303e-21,1.4881571e-19,0.074685685,7.8794198,-1.9437783,0.050000001,0.79935724,-0.0065296795,-6.2195889e-23,7.8794198,-1.9437799,0.001
194,0.038424067,-4.223795e-21,1.6530574e-20,0.068904623,7.8793716,-1.9999967,0.050000001,0.81213921,-0.010041965,-5.9429822e-24,7.8793707,-2,0.001
194,0.037585087,-2.4943315e-23,1.0934225e-19,0.077946521,7.9508152,-1.9437416,0.050000001,0.7947138,-0.017858943,-4.6153525e-23,7.95082,-1.94374,0.001
194,0.038536336,-1.8115199e-21,-4.6882723e-20,0.077017441,7.9507689,-2.0000002,0.050000001,0.80802143,-0.021098226,2.082172e-23,7.9507709,-2,0.001
194,0.037538812,4.3915164e-21,1.3635765e-19,0.075557813,7.9999971,-1.9437197,0.050000001,0.79196012,-0.025874598,-5.8857442e-23,8,-1.9437193,0.001
194,0.038528256,3.9457864e-21,1.0644461e-19,0.079286054,8,-2,0.050000001,0.80547529,-0.028810877,-4.6031362e-23,8,-2,0.001
194,-0.14576794,1.3658991e-20,-3.7417251e-19,-0.00011414312,0.9999969,-1.8738441,0.050000001,1.1562881,0.018323025,-3.974254e-22,1,-1.8738455,0.001
194,-0.14337845,1.8809913e-20,-8.521397e-19,-0.00010662845,1.0316262,-1.8737677,0.050000001,1.1538827,0.020263603,-9.2835706e-22,1.03163,-1.87377,0.001
194,-0.13750215,7.0924938e-21,-4.3938981e-19,-8.4434956e-05,1.1028914,-1.8735895,0.050000001,1.1481179,0.024011031,-4.8995224e-22,1.10289,-1.87359,0.001
194,-0.13117334,-4.3767063e-21,4.2045694e-19,-4.5978955e-05,1.1741576,-1.8734093,0.050000001,1.1420704,0.027086716,4.1155674e-22,1.17416,-1.87341,0.001
194,-0.12443866,-6.8437313e-21,2.1449533e-19,-1.8675093e-05,1.245417,-1.8732293,0.050000001,1.1358179,0.029449662,2.0271987e-22,1.24542,-1.87323,0.001
194,-0.11735055,2.4159474e-21,-2.9676284e-21,-1.7451592e-06,1.3166752,-1.8730501,0.050000001,1.1294303,0.031066677,-7.1577122e-25,1.31668,-1.87305,0.001
194,-0.10996687,-8.848431e-21,6.2364864e-19,5.5250512e-05,1.3879315,-1.8728683,0.050000001,1.1229855,0.031913064,5.2096162e-22,1.38793,-1.87287,0.001
194,-0.10234975,-2.8554741e-21,2.1773105e-19,0.00010231909,1.4591895,-1.8726795,0.050000001,1.1165804,0.031974431,1.5220299e-22,1.45919,-1.8726799,0.001
194,-0.094565324,1.5973871e-20,-6.2425946e-19,0.00015389205,1.5304456,-1.8724912,0.050000001,1.1103003,0.031245423,-5.3707897e-22,1.53045,-1.87249,0.001
194,-0.086681552,9.5833898e-21,-2.1095959e-19,0.00025141577,1.6016974,-1.872308,0.050000001,1.1042354,0.029732147,-1.6429205e-22,1.6016999,-1.87231,0.001
194,-0.078768209,4.2399687e-21,-1.7860332e-21,0.00034614844,1.672956,-1.8721218,0.050000001,1.0984852,0.027452754,-4.0005188e-25,1.67296,-1.87212,0.001
194,-0.070895821,-3.6367141e-21,1.2757209e-21,0.00044649446,1.7442119,-1.87194,0.050000001,1.0931404,0.024435394,7.422269e-25,1.74421,-1.87194,0.001
194,-0.063133568,-1.8355088e-22,1.2470186e-21,0.00056645286,1.8154677,-1.8717583,0.050000001,1.0882903,0.020720566,-1.0561035e-24,1.81547,-1.87176,0.001
194,-0.05555002,4.3300134e-21,2.3557585e-21,0.00070776144,1.8867258,-1.8715715,0.050000001,1.0840226,0.016359836,-7.2147202e-25,1.88673,-1.87157,0.001
194,-0.04821166,4.691644e-21,-2.0103076e-19,0.0008777671,1.9579817,-1.8713897,0.050000001,1.0804203,0.011415568,-7.254091e-23,1.95798,-1.87139,0.001
194,-0.041180905,1.2846191e-21,8.0174874e-19,0.0011083386,2.0292392,-1.8712097,0.050000001,1.0775627,0.0059604878,2.2556113e-22,2.0292399,-1.87121,0.001
194,-0.034517415,1.3517734e-21,6.0268173e-19,0.001396285,2.1005054,-1.8710338,0.050000001,1.0755178,7.7124692e-05,1.5646429e-22,2.1005099,-1.87104,0.001
194,-0.028276848,3.9888939e-21,-5.9856263e-19,0.001760314,2.1717718,-1.8708572,0.050000001,1.0743451,-0.0061412342,-1.9778048e-22,2.1717701,-1.87086,0.001
194,-0.022509586,-7.0153039e-22,-4.0033236e-19,0.0021947531,2.2430375,-1.8706855,0.050000001,1.0740976,-0.012593705,-9.9072953e-23,2.2430401,-1.87069,0.001
194,-0.01726146,-5.315358e-21,-3.9959862e-19,0.00269696,2.3143053,-1.8705156,0.050000001,1.0748175,-0.019170644,-6.0301531e-23,2.3143101,-1.87052,0.001
194,-0.012572568,8.6347429e-21,2.0071213e-19,0.0033142783,2.3855777,-1.8703452,0.050000001,1.0765325,-0.025755307,3.4130828e-24,2.3855801,-1.87035,0.001
194,-0.0084770015,-2.2046813e-20,-5.9906421e-19,0.0040595098,2.456852,-1.8701793,0.050000001,1.0792549,-0.032224711,-1.22122e-23,2.4568501,-1.87018,0.001
194,-0.0050023389,-2.8619099e-20,-8.0450444e-19,0.0049881078,2.5281255,-1.8700175,0.050000001,1.0829924,-0.038450938,-2.6432018e-23,2.5281301,-1.87002,0.001
194,-0.0021691297,-5.8854683e-22,-1.1400669e-20,0.0060750004,2.5994015,-1.8698575,0.050000001,1.0877298,-0.044302806,-9.7653549e-24,2.5994,-1.8698601,0.001
194,9.9901999e-06,-8.8482836e-23,-4.9159837e-21,0.00733819,2.6706882,-1.869702,0.050000001,1.0934348,-0.04964792,-6.0549224e-24,2.6706901,-1.8697,0.001
194,0.001529735,2.562659e-20,6.1402816e-19,0.0087992037,2.7419674,-1.8695483,0.050000001,1.1000599,-0.054353558,1.3377773e-23,2.7419701,-1.86955,0.001
194,0.0023943048,3.1536581e-20,6.1633558e-19,0.010445173,2.8132491,-1.8693941,0.050000001,1.1075395,-0.058291636,-9.6886579e-24,2.8132501,-1.86939,0.001
194,0.0026160269,2.2772402e-20,4.1483992e-19,0.012273782,2.8845396,-1.869244,0.050000001,1.1157897,-0.06133749,-1.0164662e-23,2.8845401,-1.86924,0.001
194,0.0022164893,3.679006e-20,6.2869506e-19,0.014277535,2.9558315,-1.8690981,0.050000001,1.1247071,-0.063376762,-1.2604373e-23,2.9558301,-1.8691,0.001
194,0.0012271635,1.401116e-20,2.0972539e-19,0.016428035,3.0271277,-1.8689518,0.050000001,1.1341822,-0.064307272,-9.7422815e-24,3.0271299,-1.86895,0.001
194,-0.000311426,-2.5498125e-20,-4.2582077e-19,0.018615661,3.0984259,-1.8688121,0.050000001,1.1440798,-0.064039573,3.0946006e-24,3.0984299,-1.8688101,0.001
194,-0.0023493569,-1.3490258e-20,-2.1604957e-19,0.020805964,3.169724,-1.8686738,0.050000001,1.1542495,-0.062503874,-2.0093313e-24,3.1697199,-1.86867,0.001
194,-0.0048286607,-9.9389749e-22,-1.0159192e-21,0.022908593,3.2410257,-1.8685398,0.050000001,1.1645397,-0.059650041,-1.457491e-25,3.24103,-1.86854,0.001
194,-0.0076829209,-3.9291487e-21,-1.8070756e-22,0.024824832,3.31233,-1.8684077,0.050000001,1.1747847,-0.055452477,2.9567183e-24,3.31233,-1.86841,0.001
194,-0.010839577,-2.8313714e-20,-6.6611247e-19,0.02644079,3.3836381,-1.8682778,0.050000001,1.1848097,-0.0499091,-6.2648847e-23,3.3836401,-1.8682801,0.001
194,-0.014220621,-2.6305072e-20,-6.6616706e-19,0.027673947,3.4549456,-1.8681498,0.050000001,1.1944423,-0.043045431,-6.9517698e-23,3.4549501,-1.86815,0.001
194,-0.01774486,4.9828827e-21,2.2202414e-19,0.028461464,3.526258,-1.8680235,0.050000001,1.2035198,-0.034912203,3.0784379e-23,3.5262599,-1.8680201,0.001
194,-0.021329455,6.815793e-21,2.2682872e-19,0.028770456,3.5975718,-1.8679023,0.050000001,1.2118747,-0.025586372,3.5083604e-23,3.5975699,-1.8679,0.001
194,-0.024892567,5.3079984e-22,-2.250926e-19,0.028565597,3.6688876,-1.8677793,0.050000001,1.2193524,-0.015170463,-4.0582842e-23,3.66889,-1.86778,0.001
194,-0.028355097,7.3937138e-22,-4.5566873e-19,0.027831772,3.7402081,-1.8676658,0.050000001,1.2258197,-0.0037872538,-9.6147516e-23,3.7402101,-1.8676701,0.001
194,-0.031642787,-5.6651956e-21,4.5598388e-19,0.026640033,3.8115299,-1.8675525,0.050000001,1.2311623,0.0084200539,1.1200334e-22,3.8115301,-1.86755,0.001
194,-0.034688409,-1.2797786e-20,9.1885042e-19,0.025031773,3.8828518,-1.8674402,0.050000001,1.2352823,0.021294374,2.2657123e-22,3.8828499,-1.86744,0.001
194,-0.037433557,8.8818569e-22,1.1892215e-21,0.023090232,3.9541774,-1.8673297,0.050000001,1.2381049,0.034668285,-6.7011768e-26,3.95418,-1.86733,0.001
194,-0.03982934,-4.3622537e-21,-3.877641e-23,0.020903099,4.0255055,-1.867219,0.050000001,1.2395875,0.048369113,6.7575332e-24,4.0255098,-1.86722,0.001
194,-0.041837484,-2.0827852e-20,3.4228824e-19,0.018580161,4.096838,-1.8671155,0.050000001,1.2397149,0.062223557,9.8631311e-23,4.0968399,-1.86712,0.001
194,-0.043431353,-9.6558546e-21,1.1492929e-19,0.016233876,4.16817,-1.867016,0.050000001,1.2384899,0.076063529,4.0379328e-23,4.16817,-1.86702,0.001
194,-0.044596154,-1.9441927e-20,2.2947371e-19,0.01395778,4.239502,-1.8669137,0.050000001,1.2359428,0.089730471,7.7158226e-23,4.2395,-1.86691,0.001
194,-0.04532649,1.0657409e-21,-5.1933447e-22,0.011822648,4.3108397,-1.8668183,0.050000001,1.2321299,0.10307778,-1.0363906e-23,4.3108401,-1.86682,0.001
194,-0.045627315,5.6532799e-20,-5.730821e-19,0.0098394006,4.3821774,-1.8667197,0.050000001,1.2271202,0.11597379,-2.0500929e-22,4.3821802,-1.86672,0.001
194,-0.04551189,1.5599092e-21,-5.1166351e-21,0.0080630584,4.4535174,-1.8666255,0.050000001,1.221005,0.12830451,-1.0807039e-23,4.4535198,-1.86663,0.001
194,-0.04500163,-1.0124421e-20,1.1722902e-19,0.0065560862,4.5248623,-1.8665317,0.050000001,1.2138828,0.13997661,4.5697829e-23,4.5248599,-1.8665299,0.001
194,-0.044123143,-3.5652813e-21,4.4522835e-21,0.0052739223,4.5962081,-1.8664415,0.050000001,1.2058553,0.15091254,1.9699275e-23,4.59621,-1.8664401,0.001
194,-0.042907432,5.0044644e-20,-3.2520743e-19,0.0042151483,4.667552,-1.8663583,0.050000001,1.1970326,0.16105321,-8.9542636e-23,4.6675501,-1.8663599,0.001
194,-0.041389283,-1.7418916e-20,1.0710534e-19,0.0033561168,4.7389026,-1.8662722,0.050000001,1.1875252,0.17036018,3.6524086e-23,4.7389002,-1.8662699,0.001
194,-0.039604694,-7.6424593e-20,5.511917e-19,0.002646391,4.8102522,-1.8661883,0.050000001,1.1774451,0.17880753,1.6058196e-22,4.8102498,-1.86619,0.001
194,-0.037590697,-1.6712173e-20,1.0409099e-19,0.0021187942,4.8816023,-1.8661015,0.050000001,1.1668929,0.18638554,1.6699912e-23,4.8815999,-1.8661,0.001
194,-0.035383251,1.7429547e-20,-1.0394321e-19,0.0017119459,4.9529543,-1.8660195,0.050000001,1.1559628,0.1930957,-2.3838514e-23,4.95295,-1.86602,0.001
194,-0.033017352,9.4043689e-20,-5.3439802e-19,0.0013830994,5.0243077,-1.8659418,0.050000001,1.1447426,0.19894986,-1.5016558e-22,5.0243101,-1.86594,0.001
194,-0.030525865,-2.3815144e-21,-9.585648e-22,0.0011194922,5.0956621,-1.8658683,0.050000001,1.1333152,0.20396808,6.9823538e-24,5.0956602,-1.86587,0.001
194,-0.027939782,-2.1446947e-20,1.1016597e-19,0.00092896441,5.1670198,-1.8657898,0.050000001,1.1217551,0.20817877,4.2012198e-23,5.1670198,-1.86579,0.001
194,-0.025287218,5.9710989e-20,-3.0419681e-19,0.00080443855,5.2383795,-1.8657178,0.050000001,1.1101202,0.21161169,-4.9600734e-23,5.23838,-1.86572,0.001
194,-0.022593349,-6.1011502e-22,4.0749251e-21,0.00070559606,5.309742,-1.8656483,0.050000001,1.0984627,0.21430236,1.5046381e-23,5.3097401,-1.8656501,0.001
194,-0.019880652,-6.1714181e-20,3.0887591e-19,0.00063297752,5.3811078,-1.8655738,0.050000001,1.0868301,0.21628748,6.7586327e-23,5.3811102,-1.8655699,0.001
194,-0.017168425,-6.0984866e-20,3.0249778e-19,0.00055674725,5.4524698,-1.8655083,0.050000001,1.075265,0.21760163,4.8600351e-23,5.4524698,-1.86551,0.001
194,-0.01447351,-5.8705952e-20,2.980711e-19,0.00050966331,5.5238318,-1.8654405,0.050000001,1.0637977,0.21828419,3.4657799e-23,5.5238299,-1.86544,0.001
194,-0.011809858,-1.9097427e-20,9.8429426e-20,0.00047441976,5.5952024,-1.8653694,0.050000001,1.0524477,0.21837011,8.6828019e-24,5.5952001,-1.86537,0.001
194,-0.0091891168,1.6155039e-21,7.6199399e-22,0.0004329689,5.6665726,-1.8653055,0.050000001,1.0412326,0.21789195,-1.898789e-24,5.6665702,-1.86531,0.001
194,-0.0066210516,-5.8593326e-20,2.8595383e-19,0.0004056945,5.7379375,-1.8652415,0.050000001,1.0301701,0.21688268,1.1598089e-23,5.7379398,-1.86524,0.001
194,-0.0041130553,-1.8644963e-20,9.7149662e-20,0.0003720363,5.8093081,-1.8651798,0.050000001,1.0192775,0.21536981,4.8460676e-24,5.80931,-1.86518,0.001
194,-0.0016708855,2.2561015e-20,-9.5654811e-20,0.00035216787,5.8806801,-1.8651201,0.050000001,1.0085526,0.21338002,-1.0085535e-23,5.8806801,-1.8651201,0.001
194,0.00070112402,-1.9902253e-20,9.1327913e-20,0.00034296347,5.9520521,-1.86506,0.050000001,0.9979986,0.21093655,-1.7195044e-24,5.9520502,-1.86506,0.001
194,0.0029999148,-2.0780249e-20,8.8704458e-20,0.00033832382,6.023428,-1.8650018,0.050000001,0.98762298,0.20805861,-4.0514531e-24,6.0234299,-1.865,0.001
194,0.0052235667,-1.850262e-20,8.9328999e-20,0.00033396643,6.0947995,-1.8649483,0.050000001,0.97742242,0.20476294,-6.9944139e-24,6.0948,-1.8649499,0.001
194,0.007371088,5.6779409e-20,-2.6875271e-19,0.000332136,6.1661754,-1.864892,0.050000001,0.96739572,0.20106359,1.7784279e-23,6.1661801,-1.86489,0.001
194,0.0094420388,1.9153333e-20,-9.0869028e-20,0.00033926903,6.237555,-1.8648357,0.050000001,0.95754206,0.1969704,3.5168137e-24,6.2375598,-1.86484,0.001
194,0.011436576,-8.2486435e-21,4.5527998e-20,0.00034814246,6.3089314,-1.8647795,0.050000001,0.94785941,0.19249165,-4.0573475e-24,6.3089299,-1.8647799,0.001
194,0.013355603,2.7856648e-20,-1.3132354e-19,0.00036540968,6.3803096,-1.86473,0.050000001,0.93834585,0.18763031,1.3435989e-23,6.3803101,-1.86473,0.001
194,0.015199801,-1.4769203e-22,9.4012808e-23,0.00039091939,6.4516916,-1.8646801,0.050000001,0.9289999,0.18238933,0,6.4516902,-1.8646801,0.001
194,0.016970281,-6.7137642e-23,-4.7028288e-26,0.0004212998,6.523078,-1.8646297,0.050000001,0.91982049,0.17676775,0,6.5230799,-1.86463,0.001
194,0.018667923,0,0,0.0004543715,6.59446,-1.8645798,0.050000001,0.91080928,0.17076229,0,6.59446,-1.86458,0.001
194,0.0202938,1.6411807e-22,1.0634805e-25,0.00050261663,6.6658416,-1.8645297,0.050000001,0.9019689,0.16436763,0,6.6658401,-1.86453,0.001
194,0.021848818,6.1357551e-23,3.4374321e-26,0.00056325219,6.7372279,-1.8644817,0.050000001,0.89330292,0.15757608,0,6.7372298,-1.86448,0.001
194,0.023333397,-1.0304415e-22,-1.5745426e-22,0.00062480866,6.8086119,-1.8644381,0.050000001,0.88481843,0.15037853,0,6.80861,-1.86444,0.001
194,0.024747862,1.2010095e-20,-8.1215009e-20,0.00070976111,6.8799977,-1.8643914,0.050000001,0.87652344,0.14276412,2.2468403e-23,6.8800001,-1.86439,0.001
194,0.026091984,1.1218511e-20,-7.9963227e-20,0.00083169463,6.9513817,-1.8643476,0.050000001,0.8684299,0.13472189,2.3521395e-23,6.9513798,-1.86435,0.001
194,0.027365098,-1.1949838e-20,8.1119431e-20,0.0010315186,7.0227718,-1.8643014,0.050000001,0.86054975,0.12624095,-2.2489276e-23,7.0227699,-1.8643,0.001
194,0.028566159,5.0092204e-21,-3.6761587e-20,0.0014421565,7.094162,-1.8642595,0.050000001,0.8528983,0.1173124,1.247307e-23,7.0941601,-1.86426,0.001
194,0.02969322,5.7897223e-21,-3.890949e-20,0.0023037766,7.1655498,-1.8642198,0.050000001,0.84548628,0.1079362,1.1643232e-23,7.1655502,-1.86422,0.001
194,0.030743651,-2.9122479e-21,1.2968231e-22,0.0040193042,7.2369399,-1.86418,0.050000001,0.83831656,0.098126277,2.8607408e-24,7.2369399,-1.86418,0.001
194,0.031713951,7.5093548e-21,-7.5817772e-20,0.0071292035,7.3083301,-1.86414,0.050000001,0.8313778,0.087916896,2.6809201e-23,7.3083301,-1.86414,0.001
194,0.032599613,-1.9645598e-21,1.223804e-21,0.012239153,7.379724,-1.8640997,0.050000001,0.82463908,0.077365831,1.4816476e-24,7.3797202,-1.8641,0.001
194,0.033395,-2.9638881e-21,6.7082112e-24,0.019798024,7.4511204,-1.8640594,0.050000001,0.81804919,0.066553324,2.4546738e-24,7.4511199,-1.86406,0.001
194,0.034093261,-7.5478469e-22,2.839973e-21,0.029845232,7.5225101,-1.8640215,0.050000001,0.81154817,0.05557147,-1.8768147e-25,7.5225101,-1.86402,0.001
194,0.034686912,-5.7402138e-21,7.4253503e-20,0.041775502,7.5939021,-1.863988,0.050000001,0.80508453,0.044499993,-2.7982714e-23,7.5939002,-1.8639899,0.001
194,0.035168104,-3.1748705e-21,-8.8163478e-22,0.054173529,7.665298,-1.8639523,0.050000001,0.79864049,0.033383287,2.0400205e-24,7.6652999,-1.86395,0.001
194,0.035529807,3.2313063e-21,-1.4427338e-19,0.064939916,7.736692,-1.863914,0.050000001,0.79226941,0.022206411,5.9040906e-23,7.73669,-1.86391,0.001
194,0.03576643,-1.7732119e-21,3.4414318e-22,0.071638159,7.8080897,-1.86388,0.050000001,0.78611183,0.010882918,9.7601845e-25,7.8080902,-1.86388,0.001
194,0.03587408,-1.9325514e-21,3.7993407e-20,0.071970053,7.8794885,-1.8638486,0.050000001,0.78039819,-0.00073505234,-1.5130799e-23,7.8794899,-1.86385,0.001
194,0.03585159,5.82659e-21,1.7993608e-19,0.064386569,7.950882,-1.8638117,0.050000001,0.77543634,-0.012832649,-7.6081457e-23,7.9508801,-1.8638099,0.001
194,0.035747565,3.7011773e-22,5.6041603e-20,0.053440992,8.000001,-1.8637899,0.050000001,0.77277762,-0.021612084,-2.4074243e-23,8,-1.8637893,0.001
194,-0.15512928,-6.8542617e-21,5.11185e-19,2.5063693e-05,0.99999696,-1.7942153,0.050000001,1.1613369,0.02478618,6.5173027e-22,1,-1.7942152,0.001
194,-0.15246597,-5.33383e-23,2.3019795e-19,5.7712914e-05,1.0319663,-1.7941309,0.050000001,1.1585879,0.026944516,3.1398807e-22,1.03197,-1.79413,0.001
194,-0.14597788,-1.053937e-21,-6.7060187e-21,0.00013155173,1.1032215,-1.7939476,0.050000001,1.1520555,0.031062778,-5.8886807e-23,1.10322,-1.79395,0.001
194,-0.13898259,-9.3482815e-21,2.1853422e-19,0.00020055805,1.1744775,-1.7937573,0.050000001,1.1451879,0.034432467,2.2761813e-22,1.17448,-1.7937599,0.001
194,-0.13153233,1.1553049e-20,-4.2833842e-19,0.00031072515,1.2457271,-1.7935656,0.050000001,1.138068,0.037003472,-4.8069104e-22,1.24573,-1.79357,0.001
194,-0.12368519,-7.2353844e-21,2.0194318e-19,0.00040147163,1.3169773,-1.7933718,0.050000001,1.130778,0.038734663,1.9114144e-22,1.31698,-1.79337,0.001
194,-0.11550614,-2.9949276e-20,8.3593622e-19,0.00047970135,1.3882297,-1.79318,0.050000001,1.1234055,0.039594363,7.2075467e-22,1.38823,-1.79318,0.001
194,-0.10706706,-2.2587491e-21,2.1485088e-19,0.00061327079,1.4594777,-1.7929856,0.050000001,1.1160579,0.039563127,1.7603489e-22,1.45948,-1.79299,0.001
194,-0.098442882,2.2222487e-20,-6.2017189e-19,0.0007638688,1.5307213,-1.7927896,0.050000001,1.1088356,0.038632378,-4.921553e-22,1.53072,-1.7927901,0.001
194,-0.089710325,-1.4911207e-20,4.0400207e-19,0.00094922911,1.6019691,-1.7925978,0.050000001,1.101838,0.036806107,2.9085685e-22,1.60197,-1.7926,0.001
194,-0.080949388,9.4002382e-22,1.2709071e-20,0.0011796781,1.6732196,-1.7924055,0.050000001,1.0951804,0.034102242,4.1120091e-23,1.67322,-1.79241,0.001
194,-0.072240002,1.9187025e-20,-6.107152e-19,0.0014312667,1.7444695,-1.7922161,0.050000001,1.0889679,0.030551553,-3.7911653e-22,1.74447,-1.79222,0.001
194,-0.063660912,-3.1166299e-21,1.9978741e-19,0.0017313618,1.81572,-1.7920238,0.050000001,1.0833027,0.026197448,1.1673519e-22,1.81572,-1.79202,0.001
194,-0.05528941,-2.8639693e-21,2.0209456e-19,0.0021029501,1.88697,-1.7918363,0.050000001,1.0782853,0.021095455,9.9733463e-23,1.88697,-1.79184,0.001
194,-0.047200385,-4.8467194e-21,5.9402099e-19,0.0025326896,1.9582214,-1.7916483,0.050000001,1.0740079,0.015315695,1.9864625e-22,1.95822,-1.7916501,0.001
194,-0.039464392,-2.3619094e-21,4.0511442e-19,0.003064173,2.0294774,-1.7914616,0.050000001,1.0705601,0.0089376159,1.2725772e-22,2.02948,-1.79146,0.001
194,-0.032147963,5.9386608e-21,-1.9633667e-19,0.0037465624,2.1007378,-1.7912798,0.050000001,1.0680226,0.0020529649,-9.5230134e-23,2.10074,-1.79128,0.001
194,-0.025313666,4.592634e-21,-3.7021147e-21,0.004570486,2.1719978,-1.7910998,0.050000001,1.0664651,-0.0052344096,-3.9394789e-23,2.1719999,-1.7911,0.001
194,-0.019019365,1.6129693e-21,-2.0084357e-21,0.0055342177,2.2432578,-1.790922,0.050000001,1.06595,-0.012811334,-1.7286585e-23,2.2432599,-1.79092,0.001
194,-0.013316259,4.9240672e-21,1.9947451e-19,0.0067170789,2.314522,-1.7907435,0.050000001,1.0665274,-0.020554936,2.4790318e-23,2.3145199,-1.79074,0.001
194,-0.0082497662,1.5546708e-20,6.0436649e-19,0.008169869,2.3857877,-1.790567,0.050000001,1.0682299,-0.028333761,6.1229231e-23,2.3857901,-1.79057,0.001
194,-0.0038587605,-9.8927772e-21,-2.0361932e-19,0.0098937452,2.4570553,-1.7903973,0.050000001,1.071075,-0.03600838,8.049827e-24,2.4570601,-1.7904,0.001
194,-0.00017492242,-4.056159e-20,-1.0042672e-18,0.011981145,2.5283253,-1.7902294,0.050000001,1.0750674,-0.043433245,-1.2274915e-23,2.5283301,-1.79023,0.001
194,0.0027775615,-2.1518332e-21,9.4737101e-22,0.014452083,2.599597,-1.7900678,0.050000001,1.0801998,-0.050458103,1.5468755e-23,2.5996001,-1.7900701,0.001
194,0.0049835024,1.4751357e-20,4.0668867e-19,0.017318625,2.6708775,-1.7899103,0.050000001,1.0864398,-0.056930788,1.7347012e-23,2.6708801,-1.78991,0.001
194,0.006436375,-2.8573864e-21,2.7123735e-21,0.02059689,2.7421575,-1.789748,0.050000001,1.0937349,-0.062698632,1.7836989e-23,2.7421601,-1.78975,0.001
194,0.007139476,4.1261837e-21,-2.1505508e-21,0.024290806,2.8134377,-1.7895898,0.050000001,1.1020148,-0.067611247,-1.6599068e-23,2.8134401,-1.78959,0.001
194,0.0071059484,3.8114948e-21,-2.3549422e-21,0.028383415,2.8847258,-1.7894405,0.050000001,1.1111873,-0.071523659,-1.6601109e-23,2.8847301,-1.78944,0.001
194,0.0063599828,2.918774e-20,4.1979698e-19,0.032787323,2.956012,-1.7892903,0.050000001,1.1211421,-0.074301861,-2.2153746e-23,2.9560101,-1.78929,0.001
194,0.0049368571,1.1675731e-20,2.0916733e-19,0.037421718,3.0272996,-1.7891418,0.050000001,1.1317546,-0.075822972,-4.8584551e-24,3.0272999,-1.78914,0.001
194,0.0028826396,-3.5195427e-20,-4.2387591e-19,0.042152267,3.0985956,-1.789001,0.050000001,1.1428822,-0.075981088,2.5738756e-23,3.0985999,-1.789,0.001
194,0.00025480645,6.5077857e-21,2.1626057e-19,0.046814136,3.1698916,-1.7888608,0.050000001,1.1543571,-0.074691974,1.6150902e-23,3.1698899,-1.78886,0.001
194,-0.0028790513,3.4906356e-20,6.483969e-19,0.051226337,3.2411895,-1.7887177,0.050000001,1.1660095,-0.071893461,1.8003196e-23,3.24119,-1.78872,0.001
194,-0.006441664,1.0897793e-20,2.1705713e-19,0.055196214,3.3124917,-1.7885795,0.050000001,1.1776545,-0.067550927,1.026113e-23,3.31249,-1.7885799,0.001
194,-0.010347735,-4.0119451e-21,-1.0376959e-21,0.058503862,3.3837979,-1.7884477,0.050000001,1.1890997,-0.061657567,1.6805302e-25,3.3838,-1.78845,0.001
194,-0.014504929,5.6903758e-21,2.2399456e-19,0.060968742,3.455102,-1.788318,0.050000001,1.200152,-0.054239631,3.2453028e-23,3.4551001,-1.7883199,0.001
194,-0.018817017,-1.0140505e-20,-2.2437016e-19,0.062475689,3.5264096,-1.7881925,0.050000001,1.2106196,-0.045352947,-3.7893899e-23,3.5264101,-1.78819,0.001
194,-0.023185631,-2.563424e-20,-6.8367827e-19,0.062946148,3.5977218,-1.7880663,0.050000001,1.2203095,-0.035084557,-1.1889814e-22,3.5977199,-1.78807,0.001
194,-0.027513484,5.1414364e-21,4.568168e-19,0.062305715,3.6690378,-1.7879393,0.050000001,1.2290448,-0.02355217,1.003563e-22,3.66904,-1.78794,0.001
194,-0.031705756,9.0233506e-21,2.2809296e-19,0.06057433,3.7403517,-1.7878215,0.050000001,1.2366673,-0.010899497,3.7001596e-23,3.74035,-1.78782,0.001
194,-0.035674755,-4.1959181e-21,-2.304307e-19,0.057895392,3.8116693,-1.787708,0.050000001,1.2430321,0.0027072614,-5.5807921e-23,3.8116701,-1.78771,0.001
194,-0.039341278,-2.8918155e-21,2.278597e-19,0.054346327,3.8829958,-1.7875918,0.050000001,1.2480224,0.017083209,5.5681198e-23,3.8829999,-1.78759,0.001
194,-0.042635266,-1.4447018e-20,4.6903767e-19,0.050066575,3.9543202,-1.78748,0.050000001,1.2515473,0.032029342,1.6520625e-22,3.95432,-1.78748,0.001
194,-0.045500465,-6.345584e-21,2.3775518e-19,0.045294724,4.0256414,-1.7873701,0.050000001,1.2535498,0.047340795,8.468418e-23,4.02564,-1.78737,0.001
194,-0.047894198,7.7955504e-21,-2.363065e-19,0.040274061,4.0969696,-1.7872617,0.050000001,1.2540026,0.062813237,-9.2178826e-23,4.0969701,-1.7872601,0.001
194,-0.049786951,-2.8447097e-22,-3.8869879e-21,0.035157874,4.1682997,-1.7871605,0.050000001,1.2529074,0.078247309,-1.1263422e-23,4.1683002,-1.78716,0.001
194,-0.051163908,-2.0544806e-20,2.3186731e-19,0.030138895,4.2396359,-1.7870586,0.050000001,1.2502998,0.093455873,8.6934365e-23,4.2396402,-1.78706,0.001
194,-0.052023426,3.3414498e-21,1.0034131e-21,0.025427192,4.3109698,-1.7869537,0.050000001,1.2462453,0.10826615,-6.1193376e-24,4.3109698,-1.78695,0.001
194,-0.052374151,1.5009002e-20,-1.1350313e-19,0.021080032,4.3823051,-1.7868556,0.050000001,1.2408299,0.12252625,-3.1076298e-23,4.3823099,-1.78686,0.001
194,-0.052236699,-3.5666849e-20,3.4962513e-19,0.017213723,4.4536438,-1.78676,0.050000001,1.2341627,0.13610658,1.4342038e-22,4.45364,-1.78676,0.001
194,-0.051639643,4.6620332e-20,-3.3514618e-19,0.013874229,4.5249867,-1.786666,0.050000001,1.2263576,0.14890175,-1.2445799e-22,4.5249801,-1.78667,0.001
194,-0.050618924,3.1832886e-20,-2.2887705e-19,0.011011899,4.5963302,-1.7865692,0.050000001,1.2175478,0.1608292,-9.5789013e-23,4.5963302,-1.78657,0.001
194,-0.049214341,7.034003e-21,4.1604289e-21,0.008644429,4.6676693,-1.7864815,0.050000001,1.2078629,0.17182641,1.1634455e-23,4.6676698,-1.7864799,0.001
194,-0.047469176,-3.9563509e-20,2.2341639e-19,0.0067321355,4.7390175,-1.7863955,0.050000001,1.197435,0.18185683,9.1048521e-23,4.7390199,-1.7864,0.001
194,-0.045429029,-5.16964e-22,5.9339772e-21,0.0052140825,4.8103681,-1.7863097,0.050000001,1.1864001,0.19090103,1.854517e-23,4.81037,-1.78631,0.001
194,-0.04313856,-4.4617072e-20,2.1313731e-19,0.0040354347,4.8817182,-1.7862285,0.050000001,1.1748725,0.19895507,7.2683132e-23,4.8817201,-1.78623,0.001
194,-0.040642075,-3.6428572e-20,2.2180267e-19,0.0031137879,4.9530702,-1.7861418,0.050000001,1.1629677,0.20603134,7.8161803e-23,4.9530702,-1.78614,0.001
194,-0.037980784,1.3690629e-19,-7.4990524e-19,0.0024072756,5.0244198,-1.7860595,0.050000001,1.1507877,0.21215054,-2.2641262e-22,5.0244198,-1.78606,0.001
194,-0.035193406,2.522047e-20,-1.0724897e-19,0.0018902636,5.0957718,-1.7859818,0.050000001,1.1384254,0.21734457,-4.156262e-23,5.0957699,-1.78598,0.001
194,-0.032315344,-1.7965928e-20,1.0821893e-19,0.0015304346,5.16713,-1.7859081,0.050000001,1.1259576,0.22165215,3.3354983e-23,5.16713,-1.78591,0.001
194,-0.029379304,1.3884115e-21,4.7887303e-21,0.0012541235,5.2384877,-1.7858318,0.050000001,1.1134527,0.2251159,1.0125982e-23,5.2384901,-1.78583,0.001
194,-0.026413191,-6.0757799e-20,3.0745215e-19,0.0010211505,5.3098478,-1.7857603,0.050000001,1.1009675,0.22777899,6.2494937e-23,5.3098502,-1.78576,0.001
194,-0.023441877,-4.4309212e-20,2.0637871e-19,0.00084994035,5.3812099,-1.7856883,0.050000001,1.0885501,0.22968912,4.9337251e-23,5.3812099,-1.7856899,0.001
194,-0.020486716,4.2368159e-20,-1.9931359e-19,0.00074280275,5.45257,-1.7856139,0.050000001,1.0762452,0.2308917,-3.4173051e-23,5.45257,-1.78561,0.001
194,-0.017564941,2.2559341e-20,-9.9702335e-20,0.00067956664,5.523932,-1.7855486,0.050000001,1.0640777,0.23143035,-1.8770325e-23,5.5239301,-1.78555,0.001
194,-0.014691571,-1.7409826e-22,-8.5987334e-23,0.00061033154,5.5953002,-1.7854803,0.050000001,1.0520701,0.23134974,0,5.5953002,-1.78548,0.001
194,-0.011878518,2.0715058e-20,-9.5635753e-20,0.00053927721,5.6666679,-1.785412,0.050000001,1.0402399,0.23068811,-6.5215656e-24,5.6666698,-1.78541,0.001
194,-0.0091351876,-4.8774778e-22,-5.5911629e-22,0.0004818209,5.7380319,-1.785346,0.050000001,1.0285977,0.22948213,-8.8140434e-26,5.73803,-1.78535,0.001
194,-0.0064687794,-5.8901358e-22,2.6211377e-22,0.0004745828,5.8093991,-1.7852795,0.050000001,1.0171527,0.22776613,2.0445557e-24,5.8094001,-1.78528,0.001
194,-0.0038842335,-6.2492566e-22,-2.2070063e-21,0.00045880466,5.8807716,-1.78522,0.050000001,1.0059052,0.2255688,-2.2930703e-24,5.8807702,-1.78522,0.001
194,-0.0013852139,1.0874298e-21,5.3591575e-22,0.00041927819,5.952148,-1.7851597,0.050000001,0.99485546,0.22291629,-1.7320581e-24,5.9521499,-1.7851599,0.001
194,0.001025781,2.2411774e-20,-9.1909356e-20,0.00041501675,6.02352,-1.7850995,0.050000001,0.98400402,0.21983086,-3.7232444e-24,6.02352,-1.7851,0.001
194,0.0033478667,-1.0205116e-21,-5.6529313e-22,0.00041137022,6.0948896,-1.7850415,0.050000001,0.97334558,0.21633071,1.7397858e-24,6.0948901,-1.78504,0.001
194,0.0055811312,-1.253385e-21,-3.7835546e-22,0.0004125656,6.1662655,-1.7849855,0.050000001,0.96287477,0.21242942,1.6542461e-24,6.1662698,-1.78499,0.001
194,0.0077257771,-3.5675759e-22,-6.8410942e-22,0.00041344468,6.2376418,-1.7849255,0.050000001,0.95258594,0.20813976,-1.724766e-25,6.2376399,-1.78493,0.001
194,0.0097832419,2.7966589e-20,-1.3180342e-19,0.00041830106,6.3090177,-1.7848693,0.050000001,0.94247377,0.20346788,1.2502534e-23,6.30902,-1.78487,0.001
194,0.011755083,2.8065934e-20,-1.3073438e-19,0.00043638673,6.3803954,-1.7848197,0.050000001,0.93253398,0.19841653,1.2656935e-23,6.3804002,-1.78482,0.001
194,0.013642825,-1.8707463e-20,8.4694041e-20,0.00046362355,6.4517775,-1.78477,0.050000001,0.92276102,0.19298801,-1.0721077e-23,6.4517798,-1.78477,0.001
194,0.015448302,-1.8678048e-20,8.4532986e-20,0.00049679156,6.52316,-1.7847203,0.050000001,0.91315132,0.18718049,-1.073095e-23,6.52316,-1.7847199,0.001
194,0.017173288,-1.9038489e-25,-1.9019441e-22,0.00053590274,6.5945401,-1.7846682,0.050000001,0.90370363,0.18098867,0,6.5945401,-1.78467,0.001
194,0.018819449,1.6099715e-20,-8.1734233e-20,0.00059035199,6.6659198,-1.784618,0.050000001,0.89441717,0.17440525,1.6421913e-23,6.6659198,-1.78462,0.001
194,0.020388195,1.3681216e-23,1.6065137e-22,0.0006568461,6.7373056,-1.784568,0.050000001,0.8852933,0.1674204,5.7366504e-27,6.7373099,-1.78457,0.001
194,0.021880591,-1.6114202e-20,8.1742609e-20,0.00073201489,6.8086896,-1.7845197,0.050000001,0.87633753,0.16002208,-1.6444995e-23,6.8086901,-1.78452,0.001
194,0.02329736,7.1902675e-21,-3.9774595e-20,0.00083470461,6.8800759,-1.784476,0.050000001,0.8675561,0.15219606,9.3446577e-24,6.8800802,-1.78448,0.001
194,0.024638444,7.1902182e-21,-3.9562982e-20,0.0010100289,6.9514594,-1.7844299,0.050000001,0.85895813,0.14393033,9.3528043e-24,6.9514599,-1.78443,0.001
194,0.025903704,1.4059965e-22,-1.054666e-22,0.0013598738,7.0228477,-1.784386,0.050000001,0.85055441,0.13521135,0,7.02285,-1.78439,0.001
194,0.027091909,1.0384642e-20,-7.8178946e-20,0.0021197819,7.0942383,-1.7843398,0.050000001,0.84235317,0.12603445,2.4416543e-23,7.0942402,-1.78434,0.001
194,0.028201167,1.0321794e-20,-7.5679724e-20,0.0036887638,7.1656218,-1.7843,0.050000001,0.83435714,0.11640788,2.3838042e-23,7.1656199,-1.7843,0.001
194,0.029228577,-1.0465633e-20,7.7810231e-20,0.0066288882,7.2370095,-1.7842603,0.050000001,0.82655263,0.1063608,-2.4390956e-23,7.23701,-1.78426,0.001
194,0.030169994,5.5381265e-21,-7.4575657e-20,0.01158097,7.3084002,-1.7842182,0.050000001,0.8189072,0.095949158,2.8334319e-23,7.3084002,-1.78422,0.001
194,0.031019887,1.4467657e-22,3.6048861e-22,0.019039959,7.3797922,-1.784178,0.050000001,0.81136698,0.085253656,-2.32313e-26,7.3797898,-1.78418,0.001
194,0.031771503,-9.5545136e-21,7.7026884e-20,0.029046886,7.4511881,-1.7841382,0.050000001,0.80386692,0.074367151,-2.5728523e-23,7.45119,-1.78414,0.001
194,0.032416947,9.7275091e-21,-1.4621067e-19,0.040899664,7.5225801,-1.7840958,0.050000001,0.79635423,0.063370965,5.5580874e-23,7.5225801,-1.7841001,0.001
194,0.032948006,-9.6872648e-21,1.4728336e-19,0.052993488,7.5939693,-1.78406,0.050000001,0.78881687,0.052301891,-5.5599024e-23,7.5939698,-1.78406,0.001
194,0.033357237,-9.8843899e-21,1.4540116e-19,0.062920257,7.6653624,-1.7840242,0.050000001,0.78132123,0.041123848,-5.556723e-23,7.66536,-1.7840199,0.001
194,0.033638585,4.834798e-21,-1.8219765e-19,0.067902878,7.7367578,-1.783986,0.050000001,0.77403724,0.029714812,7.3548897e-23,7.7367601,-1.78399,0.001
194,0.0337882,-9.7870786e-23,6.8732279e-20,0.06543868,7.8081517,-1.7839497,0.050000001,0.76723832,0.017878911,-2.6954339e-23,7.8081498,-1.78395,0.001
194,0.033806179,-1.7830526e-21,-3.5675217e-20,0.05393561,7.87955,-1.783914,0.050000001,0.76128525,0.0053757452,1.5169866e-23,7.87955,-1.78391,0.001
194,0.033695463,3.6265662e-21,-7.0455361e-20,0.033188261,7.9509482,-1.7838802,0.050000001,0.75657743,-0.0080242148,2.7840858e-23,7.9509501,-1.78388,0.001
194,0.033534527,-1.5857203e-21,-4.5282784e-20,0.013474667,8.000001,-1.7838581,0.050000001,0.75445545,-0.017960796,1.7302761e-23,8,-1.7838594,0.001
194,-0.16533954,-1.1598802e-21,2.9737802e-19,0.00062778936,0.99999881,-1.7145878,0.050000001,1.1668892,0.032084763,3.342048e-22,1,-1.7145907,0.001
194,-0.16237642,6.9235817e-21,-2.3153926e-21,0.00070057652,1.0322995,-1.7144972,0.050000001,1.1637555,0.034498855,-8.6974168e-23,1.0323,-1.7145,0.001
194,-0.15521988,-2.7896244e-21,-3.2432841e-21,0.00086287304,1.103547,-1.7143,0.050000001,1.1563655,0.039058041,-9.5653916e-23,1.10355,-1.7143,0.001
194,-0.14749111,7.3232424e-21,-2.1890386e-19,0.0010597577,1.1747894,-1.7140981,0.050000001,1.1485755,0.042782806,-3.0454633e-22,1.17479,-1.7141,0.001
194,-0.13924855,5.7966277e-22,-2.1583957e-19,0.0012918881,1.2460294,-1.7138915,0.050000001,1.1404731,0.04561244,-2.3964721e-22,1.24603,-1.71389,0.001
194,-0.13055779,3.4662689e-21,-2.0754205e-19,0.0015249641,1.3172715,-1.7136873,0.050000001,1.132158,0.047495253,-2.0550699e-22,1.31727,-1.71369,0.001
194,-0.12149306,9.3066462e-21,-2.1992618e-19,0.0017747865,1.3885154,-1.7134856,0.050000001,1.1237304,0.048392564,-2.4146639e-22,1.38852,-1.71349,0.001
194,-0.11213662,-3.8925058e-20,8.2773917e-19,0.0021062177,1.4597555,-1.7132795,0.050000001,1.1153029,0.048278414,7.2997432e-22,1.45976,-1.71328,0.001
194,-0.10257323,7.3409291e-21,-1.9519515e-19,0.0024655887,1.5309956,-1.7130775,0.050000001,1.1069955,0.047140095,-1.3301511e-22,1.531,-1.71308,0.001
194,-0.092891969,1.0956899e-20,-2.0903398e-19,0.002864087,1.6022356,-1.7128795,0.050000001,1.0989228,0.044979967,-2.2830382e-22,1.60224,-1.71288,0.001
194,-0.083183832,-9.6968903e-22,4.3088103e-22,0.0033563415,1.6734754,-1.7126795,0.050000001,1.0912129,0.041815545,4.178097e-23,1.67348,-1.71268,0.001
194,-0.073539414,9.3662234e-21,-2.0641747e-19,0.0039236392,1.7447177,-1.7124795,0.050000001,1.0839878,0.037679724,-1.398662e-22,1.74472,-1.7124799,0.001
194,-0.064048298,-1.5945184e-20,6.0507512e-19,0.0046188044,1.8159617,-1.7122816,0.050000001,1.0773629,0.032619279,3.4478399e-22,1.81596,-1.71228,0.001
194,-0.054797575,-5.9119265e-21,2.0160238e-19,0.0054696314,1.8872073,-1.7120878,0.050000001,1.0714504,0.026695373,9.9648455e-23,1.88721,-1.71209,0.001
194,-0.045871638,-1.2170084e-20,7.9460386e-19,0.0064638001,1.9584558,-1.7118958,0.050000001,1.0663604,0.01998448,2.6869688e-22,1.95846,-1.7119,0.001
194,-0.03735036,-6.4753734e-21,3.966588e-19,0.0076662614,2.0297055,-1.7117038,0.050000001,1.0621926,0.012575798,1.3807523e-22,2.0297101,-1.7117,0.001
194,-0.02930925,5.1628413e-21,-3.951168e-19,0.0091555677,2.1009574,-1.7115185,0.050000001,1.0590329,0.0045713363,-1.2911712e-22,2.10096,-1.71152,0.001
194,-0.021818161,-4.9838145e-21,-3.9098271e-19,0.010941575,2.1722095,-1.7113326,0.050000001,1.0569652,-0.0039137783,-4.2720251e-23,2.17221,-1.7113301,0.001
194,-0.014941176,-8.4698189e-21,-3.9313553e-19,0.013096533,2.2434676,-1.711151,0.050000001,1.0560653,-0.01275384,-2.1299636e-23,2.24347,-1.7111501,0.001
194,-0.0087362947,-2.409954e-21,1.9789716e-19,0.015724927,2.3147302,-1.710971,0.050000001,1.0563828,-0.02181056,5.8734613e-23,2.3147299,-1.71097,0.001
194,-0.0032550285,-9.79978e-21,-1.499489e-21,0.018881589,2.3859897,-1.7107903,0.050000001,1.057955,-0.030935712,5.1023044e-23,2.3859899,-1.71079,0.001
194,0.0014583641,2.8645106e-20,7.8725322e-19,0.022635316,2.4572513,-1.7106118,0.050000001,1.0608099,-0.039972045,-1.1374798e-23,2.4572501,-1.71061,0.001
194,0.0053672721,1.9563269e-20,5.8922975e-19,0.027070653,2.5285194,-1.7104375,0.050000001,1.0649524,-0.048754644,-4.0635236e-25,2.5285201,-1.71044,0.001
194,0.0084435614,-1.9858341e-20,-3.9438038e-19,0.032282893,2.5997891,-1.7102695,0.050000001,1.0703722,-0.057112072,2.9406813e-23,2.5997901,-1.71027,0.001
194,0.010668315,-1.2993503e-20,-1.9772523e-19,0.038331065,2.6710629,-1.710108,0.050000001,1.0770375,-0.064869747,2.7230649e-23,2.6710701,-1.7101099,0.001
194,0.012033455,-2.8182644e-20,-4.0174609e-19,0.045225244,2.7423396,-1.7099415,0.050000001,1.0848947,-0.071852379,4.8704989e-23,2.7423401,-1.70994,0.001
194,0.012541144,-2.8892236e-20,-4.1009689e-19,0.052912228,2.8136199,-1.7097815,0.050000001,1.0938697,-0.077885769,3.7195584e-23,2.8136201,-1.70978,0.001
194,0.012205026,2.2838984e-21,-3.1938516e-21,0.061317425,2.8849022,-1.7096282,0.050000001,1.1038623,-0.082803018,-1.3492282e-23,2.8849001,-1.70963,0.001
194,0.011051898,2.0802752e-20,2.0168152e-19,0.070295341,2.9561858,-1.7094719,0.050000001,1.1147598,-0.086448342,-4.0817298e-23,2.9561901,-1.70947,0.001
194,0.0091210082,4.673278e-21,-3.7756118e-21,0.079629399,3.0274694,-1.7093217,0.050000001,1.1264296,-0.0886764,-1.5816791e-23,3.0274701,-1.7093199,0.001
194,0.0064644618,1.8993747e-20,2.1105552e-19,0.08907102,3.0987616,-1.7091783,0.050000001,1.1387196,-0.089363232,-1.4338782e-23,3.0987599,-1.70918,0.001
194,0.0031480636,6.9497776e-20,8.5768672e-19,0.098236538,3.1700575,-1.7090319,0.050000001,1.1514572,-0.088408113,-1.9866373e-23,3.1700599,-1.70903,0.001
194,-0.00074980746,3.0951412e-20,4.3216323e-19,0.10676199,3.2413521,-1.7088876,0.050000001,1.1644596,-0.0857336,9.5124526e-25,3.2413499,-1.70889,0.001
194,-0.0051395115,-8.3974237e-21,8.490122e-21,0.11429785,3.31265,-1.7087475,0.050000001,1.1775321,-0.08129447,2.9120816e-23,3.31265,-1.70875,0.001
194,-0.0099209035,6.5266332e-21,2.2304783e-19,0.12046038,3.3839524,-1.7086117,0.050000001,1.1904671,-0.075077206,2.7054726e-23,3.38395,-1.7086101,0.001
194,-0.014985525,1.4205808e-20,4.5180646e-19,0.12496687,3.455256,-1.70848,0.050000001,1.2030523,-0.067103446,6.4644602e-23,3.45526,-1.70848,0.001
194,-0.020218883,-9.9913991e-21,-2.2831769e-19,0.12759167,3.5265596,-1.7083498,0.050000001,1.215072,-0.057433441,-4.936423e-23,3.5265601,-1.7083499,0.001
194,-0.02550439,-3.34529e-20,-9.0841192e-19,0.12815726,3.5978699,-1.7082212,0.050000001,1.2263047,-0.046161696,-1.5761544e-22,3.5978701,-1.70822,0.001
194,-0.030725472,2.5703909e-21,2.3014972e-19,0.12659197,3.6691818,-1.7080978,0.050000001,1.2365445,-0.033419047,5.6108079e-23,3.6691799,-1.7081,0.001
194,-0.035769787,4.9098436e-21,2.3000509e-19,0.12297333,3.7404954,-1.707976,0.050000001,1.2455996,-0.019369954,4.8156819e-23,3.7405,-1.70798,0.001
194,-0.040532105,-1.0994192e-21,-4.6176773e-19,0.11749137,3.8118093,-1.707858,0.050000001,1.2532871,-0.0042084376,-1.186637e-22,3.81181,-1.70786,0.001
194,-0.044917833,1.4545385e-21,-2.3349709e-19,0.1103493,3.8831322,-1.7077422,0.050000001,1.2594622,0.011851679,-6.2637487e-23,3.8831301,-1.7077399,0.001
194,-0.048844133,-1.646742e-20,4.7078266e-19,0.10185156,3.9544539,-1.7076287,0.050000001,1.2640045,0.02857721,1.7826675e-22,3.9544499,-1.70763,0.001
194,-0.052245546,-7.2392836e-21,2.3837846e-19,0.092376314,4.0257754,-1.7075118,0.050000001,1.2668275,0.045724113,9.7046836e-23,4.0257802,-1.70751,0.001
194,-0.055072818,8.8235526e-21,-2.3334243e-19,0.082318999,4.0970993,-1.7074018,0.050000001,1.2678825,0.063047193,-8.0914555e-23,4.0970998,-1.7074,0.001
194,-0.057294119,6.7807856e-21,-1.1538115e-19,0.072052635,4.1684294,-1.7072983,0.050000001,1.2671673,0.080309756,-4.2063487e-23,4.1684299,-1.7072999,0.001
194,-0.058895357,3.8261178e-20,-4.6873999e-19,0.061934739,4.2397618,-1.7071919,0.050000001,1.2647126,0.09728799,-2.0538809e-22,4.2397599,-1.70719,0.001
194,-0.059877738,4.7480271e-20,-4.7351649e-19,0.052298408,4.3110957,-1.70709,0.050000001,1.2605824,0.11377678,-2.1405015e-22,4.3111,-1.70709,0.001
194,-0.060257182,-7.1402457e-20,6.9737814e-19,0.043415416,4.3824296,-1.7069877,0.050000001,1.2548826,0.12959683,3.0027325e-22,4.3824301,-1.70699,0.001
194,-0.060062472,-1.6416028e-20,2.3760913e-19,0.035451252,4.4537702,-1.7068897,0.050000001,1.2477376,0.14459908,8.1444183e-23,4.4537702,-1.70689,0.001
194,-0.059332784,8.7770015e-20,-6.9095394e-19,0.028473606,4.5251107,-1.7067938,0.050000001,1.2392902,0.15866178,-2.9665429e-22,4.5251098,-1.70679,0.001
194,-0.058114354,1.8034649e-20,-1.1101459e-19,0.022533411,4.5964484,-1.7066976,0.050000001,1.2297026,0.17169394,-2.4479908e-23,4.5964499,-1.7067,0.001
194,-0.056459207,-8.7313024e-20,5.6595889e-19,0.017563293,4.6677876,-1.7066056,0.050000001,1.2191325,0.18363351,2.3914443e-22,4.6677899,-1.70661,0.001
194,-0.054422285,-1.6926502e-20,1.1931235e-19,0.013530785,4.7391319,-1.7065175,0.050000001,1.2077403,0.19444652,5.1078318e-23,4.73913,-1.70652,0.001
194,-0.05205977,7.470937e-20,-4.4914263e-19,0.010336754,4.8104796,-1.7064317,0.050000001,1.1956879,0.20412022,-1.8836499e-22,4.8104801,-1.70643,0.001
194,-0.049426466,-7.87183e-20,4.3524714e-19,0.0078249611,4.8818302,-1.7063483,0.050000001,1.1831175,0.21266131,1.5727172e-22,4.8818302,-1.70635,0.001
194,-0.046575788,-8.2203316e-20,4.3801007e-19,0.0059111756,4.9531803,-1.706262,0.050000001,1.1701677,0.22009534,1.6302665e-22,4.9531798,-1.70626,0.001
194,-0.043556876,4.380566e-20,-2.1156958e-19,0.0044639609,5.0245299,-1.7061782,0.050000001,1.1569551,0.2264571,-6.8331182e-23,5.0245299,-1.70618,0.001
194,-0.040415194,6.3691893e-20,-3.154003e-19,0.0033918296,5.0958819,-1.706098,0.050000001,1.1435827,0.23179287,-8.5729629e-23,5.09588,-1.7061,0.001
194,-0.037191898,2.0422597e-20,-1.0102206e-19,0.0026012505,5.1672354,-1.7060198,0.050000001,1.1301426,0.23615557,-1.5734067e-23,5.1672401,-1.70602,0.001
194,-0.033923678,2.0204094e-21,6.8793422e-22,0.0020337247,5.2385893,-1.7059418,0.050000001,1.1167128,0.23960038,-2.0692066e-24,5.2385898,-1.70594,0.001
194,-0.030641591,2.3567104e-20,-1.0120657e-19,0.0016049556,5.3099499,-1.7058682,0.050000001,1.1033552,0.24218437,-2.7769567e-23,5.3099499,-1.70587,0.001
194,-0.027372975,6.8952968e-20,-3.0327817e-19,0.0012635478,5.38131,-1.705792,0.050000001,1.0901152,0.24396762,-7.1023173e-23,5.38131,-1.70579,0.001
194,-0.0241406,4.5900895e-20,-2.018032e-19,0.0010404172,5.4526696,-1.7057176,0.050000001,1.0770352,0.24500452,-4.318129e-23,5.4526701,-1.7057199,0.001
194,-0.020962989,1.4761575e-21,-6.2278016e-22,0.00090346608,5.5240293,-1.70565,0.050000001,1.0641427,0.24534903,-2.8688609e-24,5.5240302,-1.70565,0.001
194,-0.017855071,2.4361886e-20,-9.8098309e-20,0.00078633666,5.5953956,-1.7055823,0.050000001,1.05146,0.24505357,-1.912122e-23,5.5953999,-1.70558,0.001
194,-0.014828973,-5.798324e-22,-2.2074217e-21,0.00070201524,5.6667624,-1.7055118,0.050000001,1.0390002,0.24416317,-2.5589082e-24,5.66676,-1.70551,0.001
194,-0.011893283,-2.4030913e-20,9.5721599e-20,0.00064623938,5.7381277,-1.7054458,0.050000001,1.0267676,0.24272016,1.3710492e-23,5.7381301,-1.7054501,0.001
194,-0.0090546831,-2.1164316e-20,9.4006265e-20,0.00058719789,5.8094954,-1.7053795,0.050000001,1.0147675,0.2407646,4.3018885e-24,5.8095002,-1.70538,0.001
194,-0.0063172816,-4.231647e-20,1.8613249e-19,0.00054389017,5.880868,-1.70532,0.050000001,1.0029993,0.23832801,6.3673381e-24,5.8808699,-1.70532,0.001
194,-0.003683697,2.0920021e-20,-9.1298878e-20,0.0005166601,5.9522381,-1.7052603,0.050000001,0.99145848,0.23543946,-1.298084e-26,5.95224,-1.70526,0.001
194,-0.0011550755,4.0324422e-20,-1.8350898e-19,0.00050050422,6.0236077,-1.7051985,0.050000001,0.98013657,0.23212385,1.6013132e-24,6.0236101,-1.7052,0.001
194,0.001268695,2.1390655e-20,-8.839601e-20,0.0004878646,6.0949798,-1.7051355,0.050000001,0.96902585,0.22840121,2.0258084e-24,6.0949798,-1.70514,0.001
194,0.0035887281,3.7805264e-21,2.6790991e-22,0.00048640204,6.1663518,-1.7050775,0.050000001,0.95811695,0.22428583,-7.2290764e-24,6.1663499,-1.70508,0.001
194,0.0058068242,-1.9503269e-20,8.8806201e-20,0.00048953434,6.2377276,-1.70502,0.050000001,0.94739956,0.21978976,-5.5756271e-24,6.23773,-1.70502,0.001
194,0.0079252124,9.7605475e-22,5.7485443e-22,0.0004994201,6.3091035,-1.7049615,0.050000001,0.93686485,0.21491985,-1.6227526e-24,6.3091102,-1.70496,0.001
194,0.0099463891,-1.9329233e-20,8.5460107e-20,0.00051972619,6.3804793,-1.70491,0.050000001,0.92650461,0.20967832,-9.0835598e-24,6.3804798,-1.70491,0.001
194,0.011873072,-2.0180816e-20,8.4966106e-20,0.00054391212,6.45186,-1.7048583,0.050000001,0.91630864,0.20406593,-7.4791248e-24,6.45186,-1.70486,0.001
194,0.013707924,1.5222544e-22,-1.3422831e-22,0.00057935459,6.5232401,-1.7048039,0.050000001,0.90627044,0.19807966,9.3342906e-27,6.5232401,-1.7048,0.001
194,0.015453657,-1.1517632e-25,-1.150706e-22,0.00062485883,6.5946198,-1.704752,0.050000001,0.89638555,0.19171186,0,6.5946202,-1.7047499,0.001
194,0.017112603,1.5908499e-20,-8.1807575e-20,0.00068612566,6.6659994,-1.7046995,0.050000001,0.88664979,0.18495287,1.6436662e-23,6.6659999,-1.7047,0.001
194,0.018686809,-1.3455132e-23,2.9984467e-22,0.00076104054,6.7373819,-1.7046498,0.050000001,0.87706238,0.17779061,-2.2236593e-26,6.73738,-1.70465,0.001
194,0.020178091,-1.5797198e-20,8.1736211e-20,0.0008554032,6.8087678,-1.7046018,0.050000001,0.86762542,0.17020933,-1.6430562e-23,6.8087702,-1.7046,0.001
194,0.021587512,4.0429715e-23,-1.494616e-22,0.0009945709,6.8801522,-1.7045583,0.050000001,0.85834396,0.16219272,7.9375639e-27,6.8801498,-1.70456,0.001
194,0.022915348,-1.7351517e-22,3.4452907e-23,0.0012809237,6.9515376,-1.7045095,0.050000001,0.84922248,0.15372679,-8.3375595e-27,6.95154,-1.70451,0.001
194,0.024161642,1.1984247e-23,-6.8247986e-23,0.001931811,7.022922,-1.7044612,0.050000001,0.84026819,0.14480047,0,7.0229201,-1.70446,0.001
194,0.025325412,6.5625089e-21,-3.7019657e-20,0.0033121712,7.0943103,-1.7044202,0.050000001,0.83148032,0.13541496,9.7333145e-24,7.0943098,-1.70442,0.001
194,0.026404306,1.0441253e-20,-7.4588647e-20,0.0059992787,7.1656957,-1.7043782,0.050000001,0.82284439,0.12559509,2.2686063e-23,7.1657,-1.70438,0.001
194,0.027394919,-6.0237821e-21,3.8450412e-20,0.010674694,7.2370796,-1.7043338,0.050000001,0.81432694,0.11539271,-1.1008933e-23,7.2370801,-1.70433,0.001
194,0.028292339,7.3151168e-21,-7.2113296e-20,0.017888276,7.3084698,-1.7042919,0.050000001,0.80587202,0.10488582,2.5109096e-23,7.3084698,-1.70429,0.001
194,0.02908984,8.3309592e-21,-7.2299683e-20,0.027711958,7.3798594,-1.704252,0.050000001,0.79741055,0.09416946,2.4139707e-23,7.3798599,-1.70425,0.001
194,0.02977957,-4.0043607e-21,3.2751871e-21,0.039400969,7.451252,-1.7042123,0.050000001,0.78888488,0.083324581,2.1623792e-24,7.4512501,-1.70421,0.001
194,0.030352913,-3.4275493e-21,2.7637231e-22,0.051187877,7.522646,-1.7041675,0.050000001,0.78028327,0.072382331,2.7560625e-24,7.5226498,-1.70417,0.001
194,0.030801743,-7.8871752e-21,7.5111541e-20,0.060382389,7.594038,-1.7041278,0.050000001,0.77168161,0.061289478,-2.6024954e-23,7.5940399,-1.7041301,0.001
194,0.031120094,-4.8886047e-21,7.2501773e-20,0.063892908,7.6654296,-1.704092,0.050000001,0.7632727,0.049887963,-2.6980867e-23,7.6654301,-1.70409,0.001
194,0.031304982,-8.6388263e-21,1.3843989e-19,0.058947984,7.7368221,-1.7040558,0.050000001,0.75537127,0.037928175,-5.0619964e-23,7.7368202,-1.70406,0.001
194,0.03135664,2.7821072e-22,3.6685486e-20,0.043871537,7.808218,-1.7040178,0.050000001,0.74838322,0.025111912,-1.6651702e-23,7.8082199,-1.70402,0.001
194,0.03128016,2.2711276e-21,-6.8509186e-20,0.018662609,7.879612,-1.7039818,0.050000001,0.74276078,0.011153902,2.5429624e-23,7.8796101,-1.70398,0.001
194,0.031083535,7.1925379e-22,3.1026181e-20,-0.014953751,7.9510098,-1.7039483,0.050000001,0.73892683,-0.004150413,-8.2035097e-24,7.9510102,-1.70395,0.001
194,0.030872324,2.0872373e-23,9.5886696e-21,-0.041663479,7.9999986,-1.7039233,0.050000001,0.73774594,-0.015622724,-2.5914081e-24,8,-1.7039225,0.001
194,-0.17652503,-3.1698162e-20,7.5240648e-19,0.0026483824,0.99999696,-1.634955,0.050000001,1.1729788,0.040311061,1.0472986e-21,1,-1.6349562,0.001
194,-0.17323412,-2.0018485e-20,4.5918492e-19,0.0028304446,1.0326259,-1.6348573,0.050000001,1.169413,0.043027494,6.2645451e-22,1.03263,-1.63486,0.001
194,-0.16534711,4.0552416e-20,-8.6181549e-19,0.0032286353,1.1038615,-1.6346415,0.050000001,1.1610632,0.048112679,-1.176266e-21,1.10386,-1.63464,0.001
194,-0.15681033,2.8716179e-20,-4.4254287e-19,0.0036826008,1.1750953,-1.6344258,0.050000001,1.1522281,0.052268222,-6.397202e-22,1.1751,-1.63442,0.001
194,-0.14768946,4.5613799e-20,-8.4175259e-19,0.0041678064,1.2463274,-1.6342123,0.050000001,1.1430105,0.055418968,-9.802275e-22,1.24633,-1.63421,0.001
194,-0.1380602,4.7453474e-20,-8.6749109e-19,0.0047203391,1.3175596,-1.633998,0.050000001,1.1335231,0.057503067,-1.0243917e-21,1.31756,-1.6339999,0.001
194,-0.12800811,-1.809528e-20,4.1908198e-19,0.0053490377,1.3887895,-1.6337813,0.050000001,1.1238781,0.058471903,4.790647e-22,1.38879,-1.63378,0.001
194,-0.11762612,-2.2186212e-21,7.5945496e-21,0.006043796,1.4600215,-1.6335673,0.050000001,1.1142032,0.058291093,-4.3141509e-23,1.4600199,-1.63357,0.001
194,-0.10701241,3.0475728e-20,-6.1841579e-19,0.0068257754,1.5312576,-1.6333575,0.050000001,1.104638,0.056944583,-5.6122195e-22,1.53126,-1.63336,0.001
194,-0.096269876,2.1667962e-20,-4.1820701e-19,0.0076981597,1.6024897,-1.633152,0.050000001,1.0953156,0.054432243,-3.6713728e-22,1.6024899,-1.63315,0.001
194,-0.085502036,-1.0109041e-20,2.0017272e-19,0.0087262746,1.6737219,-1.6329463,0.050000001,1.0863757,0.050771635,1.4842408e-22,1.67372,-1.6329499,0.001
194,-0.074812174,-2.3199308e-20,5.9687921e-19,0.0099424561,1.7449577,-1.6327375,0.050000001,1.077958,0.045998272,3.3118741e-22,1.74496,-1.63274,0.001
194,-0.064302407,-2.1877237e-20,5.9956119e-19,0.011396252,1.8161951,-1.6325336,0.050000001,1.0701905,0.040162992,2.9582993e-22,1.8162,-1.63254,0.001
194,-0.054071698,5.4965093e-21,-1.9878095e-19,0.013135497,1.8874375,-1.632329,0.050000001,1.0632004,0.033334695,-1.3641355e-22,1.88744,-1.6323299,0.001
194,-0.044214904,1.6609213e-21,-2.0504899e-19,0.015232071,1.9586799,-1.6321316,0.050000001,1.0571128,0.025596369,-1.0826323e-22,1.95868,-1.63213,0.001
194,-0.034822155,-8.8325691e-21,3.8506312e-19,0.017782014,2.0299218,-1.6319386,0.050000001,1.0520381,0.017047582,9.3241257e-23,2.0299201,-1.63194,0.001
194,-0.025977086,-4.203513e-21,3.9185164e-19,0.020818785,2.1011698,-1.6317445,0.050000001,1.0480702,0.0078026662,1.0093044e-22,2.1011701,-1.63174,0.001
194,-0.017758602,-9.5467572e-21,-7.82257e-19,0.024482772,2.1724198,-1.631552,0.050000001,1.0453053,-0.0020112956,-8.4747674e-23,2.17242,-1.63155,0.001
194,-0.010238333,-8.813838e-21,-3.9765405e-19,0.028953051,2.2436717,-1.6313615,0.050000001,1.04382,-0.012253769,-3.6874315e-23,2.24367,-1.6313601,0.001
194,-0.003480956,-8.701789e-21,1.9439727e-19,0.03430403,2.3149278,-1.63118,0.050000001,1.0436727,-0.022770192,7.6818985e-23,2.31493,-1.63118,0.001
194,0.0024551414,-2.0850839e-20,-3.8393751e-19,0.040661428,2.3861856,-1.6310008,0.050000001,1.0449078,-0.033393096,6.5405133e-23,2.3861899,-1.631,0.001
194,0.0075196102,4.6371353e-21,2.016165e-19,0.048223756,2.4574456,-1.6308182,0.050000001,1.0475503,-0.043945178,2.1849792e-23,2.4574499,-1.63082,0.001
194,0.011670593,1.356987e-20,3.9542749e-19,0.057119668,2.5287077,-1.6306373,0.050000001,1.0516075,-0.054239824,4.3783532e-24,2.5287099,-1.63064,0.001
194,0.014874893,8.2229532e-21,2.0138684e-19,0.067441866,2.5999753,-1.6304678,0.050000001,1.0570676,-0.064083196,-4.4242924e-25,2.5999801,-1.63047,0.001
194,0.017110134,8.3846605e-21,2.0129348e-19,0.079296447,2.6712453,-1.630298,0.050000001,1.0638926,-0.073277339,-7.8988926e-24,2.6712501,-1.6303,0.001
194,0.018365603,-1.7502529e-20,-2.004263e-19,0.092688628,2.7425179,-1.6301298,0.050000001,1.0720274,-0.081622384,3.7194943e-23,2.7425201,-1.6301301,0.001
194,0.018642252,-4.9660098e-20,-6.1008055e-19,0.10746725,2.8137941,-1.6299706,0.050000001,1.0813999,-0.088920981,8.1122757e-23,2.8137901,-1.62997,0.001
194,0.017954612,2.1516855e-20,1.9989537e-19,0.12341622,2.885072,-1.6298102,0.050000001,1.0919124,-0.094984598,-4.4052117e-23,2.8850701,-1.62981,0.001
194,0.016331561,6.1408008e-20,6.0139437e-19,0.1402085,2.9563496,-1.6296498,0.050000001,1.1034522,-0.099633314,-1.1729688e-22,2.9563501,-1.62965,0.001
194,0.013816084,2.1932078e-20,2.0467831e-19,0.15741001,3.0276351,-1.6294982,0.050000001,1.11589,-0.10270292,-3.1078677e-23,3.0276401,-1.6295,0.001
194,0.010467223,5.3921607e-20,6.3516557e-19,0.17446579,3.0989254,-1.6293478,0.050000001,1.1290774,-0.10405052,-3.5053025e-23,3.0989299,-1.6293499,0.001
194,0.0063596987,1.2043443e-20,2.1896081e-19,0.19074869,3.1702182,-1.6291975,0.050000001,1.1428549,-0.10355531,3.1778575e-24,3.1702199,-1.6292,0.001
194,0.0015830153,-4.8955643e-21,8.3976951e-21,0.20563556,3.2415102,-1.6290514,0.050000001,1.1570445,-0.10112494,3.1166945e-23,3.2415099,-1.62905,0.001
194,-0.0037592906,1.938116e-20,2.1933836e-19,0.21851301,3.3128018,-1.6289096,0.050000001,1.1714494,-0.096698649,1.4956247e-23,3.3127999,-1.6289099,0.001
194,-0.0095508695,-3.3437716e-21,3.871839e-21,0.22883745,3.3841021,-1.6287718,0.050000001,1.1858619,-0.090250663,1.321077e-23,3.3841,-1.62877,0.001
194,-0.015664527,-2.2627863e-21,1.077681e-21,0.23615018,3.4554043,-1.6286378,0.050000001,1.2000544,-0.081793182,4.4497731e-24,3.4554,-1.6286401,0.001
194,-0.021965796,9.7168672e-21,2.2656725e-19,0.24014106,3.5267076,-1.6285057,0.050000001,1.2137896,-0.071381636,3.8055975e-23,3.52671,-1.62851,0.001
194,-0.028315814,1.038503e-20,2.2700292e-19,0.2405704,3.5980158,-1.6283758,0.050000001,1.2268196,-0.059113618,3.8142747e-23,3.5980201,-1.6283799,0.001
194,-0.034575764,9.6472217e-21,2.3043502e-19,0.23737749,3.6693242,-1.6282477,0.050000001,1.2389019,-0.045128409,7.1067917e-23,3.6693201,-1.62825,0.001
194,-0.040611994,2.9427277e-21,-8.8568749e-22,0.23065643,3.7406359,-1.6281215,0.050000001,1.2497996,-0.02960554,-1.1558174e-23,3.7406399,-1.6281199,0.001
194,-0.046298187,-6.0398983e-21,-2.3297676e-19,0.22063957,3.8119473,-1.6279998,0.050000001,1.2592795,-0.012765253,-8.2906599e-23,3.81195,-1.628,0.001
194,-0.051521484,3.9218385e-22,1.0340532e-23,0.20773764,3.8832679,-1.627882,0.050000001,1.2671472,0.0051455707,0,3.88327,-1.62788,0.001
194,-0.056182586,4.3885151e-21,-2.3450457e-19,0.19244997,3.9545879,-1.6277683,0.050000001,1.2732321,0.023856862,-8.4283016e-23,3.9545901,-1.6277699,0.001
194,-0.060202286,4.8614216e-21,-2.3560911e-19,0.1753457,4.0259075,-1.6276495,0.050000001,1.2774047,0.043079175,-8.447606e-23,4.0259099,-1.62765,0.001
194,-0.063523866,8.3405397e-21,-1.1992715e-19,0.15704334,4.0972319,-1.6275375,0.050000001,1.2795798,0.062518083,-7.0833455e-23,4.09723,-1.62754,0.001
194,-0.066113338,2.9168767e-20,-3.5965717e-19,0.13825038,4.1685576,-1.62743,0.050000001,1.2797248,0.081888109,-2.0325477e-22,4.16856,-1.62743,0.001
194,-0.067956313,3.7654334e-20,-3.5544788e-19,0.1195675,4.2398853,-1.627324,0.050000001,1.277855,0.10091779,-1.6771582e-22,4.2398901,-1.6273201,0.001
194,-0.069057941,1.8420737e-20,-1.1585318e-19,0.10153517,4.3112173,-1.6272225,0.050000001,1.2740325,0.11935835,-4.4861841e-23,4.3112202,-1.62722,0.001
194,-0.069442779,-2.9210468e-20,2.3180814e-19,0.084718272,4.3825521,-1.6271178,0.050000001,1.2683625,0.13699421,8.6807131e-23,4.3825498,-1.62712,0.001
194,-0.069150642,2.5905256e-20,-2.3407805e-19,0.069449246,4.4538879,-1.627018,0.050000001,1.2609899,0.15364675,-1.1748014e-22,4.4538898,-1.62702,0.001
194,-0.068233453,4.1011282e-20,-3.5440476e-19,0.055937417,4.5252242,-1.6269202,0.050000001,1.2520876,0.16917352,-1.7528263e-22,4.5252199,-1.62692,0.001
194,-0.066752106,-3.5904227e-20,2.2300187e-19,0.04433389,4.5965595,-1.6268193,0.050000001,1.2418453,0.18347256,8.2117208e-23,4.59656,-1.62682,0.001
194,-0.064772747,-2.37567e-21,-4.4986492e-21,0.034573413,4.6678996,-1.6267275,0.050000001,1.2304652,0.19647829,-3.4500065e-23,4.6679001,-1.62673,0.001
194,-0.062365174,9.5994006e-20,-5.6653859e-19,0.026565857,4.7392459,-1.6266402,0.050000001,1.21814,0.20816143,-2.6750498e-22,4.7392502,-1.62664,0.001
194,-0.059599757,1.2016022e-19,-6.6794964e-19,0.02016259,4.8105898,-1.6265498,0.050000001,1.2050703,0.21851841,-2.7029073e-22,4.8105898,-1.62655,0.001
194,-0.056543827,-9.0877948e-22,4.0974254e-21,0.015126234,4.881938,-1.6264617,0.050000001,1.1914351,0.22757064,2.3491935e-23,4.8819399,-1.62646,0.001
194,-0.053261157,-4.1592651e-20,2.2769883e-19,0.011279891,4.9532838,-1.6263783,0.050000001,1.1773953,0.23535995,1.1180572e-22,4.95328,-1.62638,0.001
194,-0.049811091,3.7382897e-21,5.4153923e-21,0.0083743595,5.0246339,-1.626292,0.050000001,1.1630979,0.241943,1.1917444e-23,5.0246301,-1.62629,0.001
194,-0.046246387,-4.2374915e-20,2.1543536e-19,0.0061796582,5.0959854,-1.6262097,0.050000001,1.1486676,0.24738258,7.7694696e-23,5.0959902,-1.62621,0.001
194,-0.042614773,-4.4650056e-20,2.1296845e-19,0.0045763808,5.167335,-1.6261272,0.050000001,1.1342101,0.25175032,7.1613115e-23,5.1673398,-1.62613,0.001
194,-0.038957346,-2.2480044e-20,1.0374679e-19,0.0034287293,5.2386894,-1.6260473,0.050000001,1.1198078,0.25512004,2.6870168e-23,5.2386899,-1.62605,0.001
194,-0.035308816,1.0361202e-21,1.522888e-21,0.0026184865,5.31005,-1.6259717,0.050000001,1.1055326,0.25756568,2.6402814e-24,5.31005,-1.62597,0.001
194,-0.031698376,4.8259992e-20,-2.0192314e-19,0.002016176,5.3814101,-1.6258978,0.050000001,1.0914376,0.25915897,-4.9250795e-23,5.3814101,-1.6259,0.001
194,-0.028150642,-2.3979144e-20,9.9006727e-20,0.0015704896,5.4527702,-1.6258215,0.050000001,1.0775601,0.25996947,2.2070672e-23,5.4527702,-1.62582,0.001
194,-0.024684431,-1.2132592e-19,4.9366997e-19,0.001288215,5.5241303,-1.6257496,0.050000001,1.063925,0.26006114,1.0481311e-22,5.5241299,-1.6257499,0.001
194,-0.021314571,-4.8897441e-20,1.9602459e-19,0.0010793478,5.5954924,-1.6256775,0.050000001,1.0505551,0.25949505,3.8590037e-23,5.59549,-1.62568,0.001
194,-0.018052479,2.3558824e-20,-9.9505259e-20,0.00092212198,5.6668582,-1.6256095,0.050000001,1.0374575,0.25832462,-2.1746541e-23,5.6668601,-1.62561,0.001
194,-0.014906189,2.4284771e-20,-9.6325208e-20,0.00082049437,5.7382221,-1.625546,0.050000001,1.0246327,0.25659913,-1.6440809e-23,5.7382202,-1.62555,0.001
194,-0.011880912,2.4273969e-20,-9.515447e-20,0.00071566069,5.8095903,-1.6254776,0.050000001,1.0120851,0.25436327,-1.3733294e-23,5.8095899,-1.6254801,0.001
194,-0.0089797927,8.1087429e-22,-3.7147859e-22,0.00065166922,5.8809581,-1.625414,0.050000001,0.99980372,0.25165269,-2.3820791e-24,5.88096,-1.62541,0.001
194,-0.0062038498,4.8629955e-20,-1.8246887e-19,0.00062739494,5.9523215,-1.6253523,0.050000001,0.98777771,0.24849913,-1.4929729e-23,5.9523201,-1.62535,0.001
194,-0.0035524124,2.6036759e-20,-9.2665115e-20,0.0005979336,6.0236917,-1.62529,0.050000001,0.9759962,0.24492933,-1.2706219e-23,6.0236902,-1.62529,0.001
194,-0.0010240338,2.3369311e-20,-8.8732976e-20,0.00057793024,6.0950656,-1.6252275,0.050000001,0.9644447,0.24096498,-1.8828615e-24,6.0950699,-1.62523,0.001
194,0.0013835552,2.3028978e-20,-9.1070808e-20,0.00056753907,6.1664376,-1.6251675,0.050000001,0.9531098,0.23662177,-3.8686532e-24,6.16644,-1.62517,0.001
194,0.0036736955,2.2443593e-20,-8.6245631e-20,0.00056567421,6.237812,-1.6251123,0.050000001,0.94197661,0.23191111,2.0567531e-24,6.2378101,-1.62511,0.001
194,0.0058499514,1.2778611e-20,-4.5058942e-20,0.00057717739,6.3091879,-1.6250542,0.050000001,0.93103099,0.22683938,-3.4206831e-24,6.3091898,-1.6250499,0.001
194,0.0079160193,-3.1768259e-20,1.2861256e-19,0.00059951597,6.3805618,-1.6249983,0.050000001,0.92025971,0.22140871,-7.6284869e-24,6.3805599,-1.625,0.001
194,0.0098758601,1.8790981e-20,-8.4818887e-20,0.00062382402,6.4519401,-1.6249419,0.050000001,0.90964878,0.2156181,1.07362e-23,6.4519401,-1.62494,0.001
194,0.011733325,1.8660986e-20,-8.4455683e-20,0.00066569739,6.5233202,-1.6248878,0.050000001,0.89918858,0.20946148,1.0720101e-23,6.5233202,-1.62489,0.001
194,0.013491851,6.1592884e-23,7.5135795e-23,0.00071704306,6.5946999,-1.624836,0.050000001,0.88886964,0.20293038,0,6.5946999,-1.62484,0.001
194,0.0151545,-1.6152222e-22,-1.2999163e-25,0.00078175648,6.66608,-1.6247817,0.050000001,0.87868452,0.1960129,0,6.66608,-1.6247801,0.001
194,0.016724305,-1.2033788e-22,-1.0891216e-22,0.00086323178,6.7374597,-1.624732,0.050000001,0.86863005,0.18869288,0,6.7374601,-1.62473,0.001
194,0.018203642,1.6728327e-20,-7.8395971e-20,0.00098549481,6.8088417,-1.6246842,0.050000001,0.85870534,0.1809517,1.5534897e-23,6.8088398,-1.62468,0.001
194,0.019594209,1.6924812e-20,-7.6260947e-20,0.0012192789,6.8802257,-1.6246383,0.050000001,0.84891158,0.17277084,1.4804572e-23,6.8802299,-1.62464,0.001
194,0.020896465,-1.5521519e-20,7.926477e-20,0.0017349755,6.9516101,-1.6245878,0.050000001,0.83924854,0.16413745,-1.7360913e-23,6.9516101,-1.62459,0.001
194,0.0221106,-1.8332479e-21,1.481318e-21,0.0029038091,7.022994,-1.6245395,0.050000001,0.82971412,0.15504596,1.923221e-24,7.0229902,-1.62454,0.001
194,0.023235738,2.5241491e-20,-1.5040469e-19,0.0052855057,7.0943794,-1.624498,0.050000001,0.82029396,0.14551124,4.0819106e-23,7.0943799,-1.6245,0.001
194,0.024268974,-1.4151682e-20,7.6035489e-20,0.0095772678,7.1657681,-1.624452,0.050000001,0.81095165,0.13558073,-1.8621238e-23,7.1657701,-1.62445,0.001
194,0.025206158,-1.3957671e-20,7.7261131e-20,0.016402364,7.2371521,-1.6244103,0.050000001,0.80163169,0.12533005,-1.996848e-23,7.2371502,-1.62441,0.001
194,0.026041018,1.9215167e-20,-1.456229e-19,0.025903447,7.3085399,-1.6243688,0.050000001,0.79225934,0.11485385,4.5094827e-23,7.3085399,-1.62437,0.001
194,0.026765691,5.9431299e-21,-7.0117147e-20,0.037350085,7.37993,-1.6243244,0.050000001,0.78277004,0.10423619,2.5198208e-23,7.37993,-1.62432,0.001
194,0.0273718,-1.2201262e-20,7.3932893e-20,0.048874941,7.4513197,-1.6242822,0.050000001,0.77314985,0.093504027,-2.0498996e-23,7.4513202,-1.62428,0.001
194,0.027850825,-1.0394675e-20,7.4113632e-20,0.057552014,7.5227098,-1.6242373,0.050000001,0.76347536,0.082589552,-2.3612371e-23,7.5227098,-1.62424,0.001
194,0.028196434,4.0375631e-21,-6.6832568e-20,0.059945911,7.5941019,-1.6241975,0.050000001,0.75395316,0.071302071,2.3327546e-23,7.5941,-1.6242,0.001
194,0.028405927,-2.1233557e-21,2.3330383e-21,0.052985299,7.6654954,-1.6241623,0.050000001,0.74492717,0.059339374,1.085797e-25,7.6655002,-1.6241601,0.001
194,0.02848148,-1.3496823e-20,2.0656471e-19,0.034864895,7.7368875,-1.6241242,0.050000001,0.73685253,0.046337858,-7.3375771e-23,7.7368898,-1.62412,0.001
194,0.028429991,-1.7520521e-21,-6.7980934e-20,0.0056608263,7.8082824,-1.6240858,0.050000001,0.73023009,0.031947233,2.5060891e-23,7.80828,-1.62409,0.001
194,0.02826187,2.4165746e-21,-1.3422068e-19,-0.032522365,7.8796754,-1.6240498,0.050000001,0.72552729,0.015915111,4.7624565e-23,7.8796802,-1.62405,0.001
194,0.02798989,-1.1347638e-21,2.0282916e-19,-0.076017439,7.9510694,-1.624014,0.050000001,0.72310692,-0.0018499559,-7.2624024e-23,7.9510698,-1.62401,0.001
194,0.027740484,6.4226586e-22,1.3232923e-19,-0.10646507,7.9999986,-1.6239893,0.050000001,0.72315079,-0.015146089,-4.6986837e-23,8,-1.6239895,0.001
194,-0.18883385,-2.6457834e-20,4.3791092e-19,0.0085635744,0.99999928,-1.555318,0.050000001,1.1795496,0.049575858,5.2933304e-22,1,-1.5553163,0.001
194,-0.18518752,-3.5142028e-20,6.5376437e-19,0.0089914436,1.0329411,-1.5552089,0.050000001,1.1754934,0.052651115,8.6744296e-22,1.03294,-1.55521,0.001
194,-0.17650269,-3.6196422e-21,-1.5785265e-20,0.0099358894,1.1041672,-1.554975,0.050000001,1.1660506,0.058366518,-8.9608402e-23,1.10417,-1.55498,0.001
194,-0.16707624,-3.7330916e-20,8.668705e-19,0.010893702,1.1753894,-1.5547478,0.050000001,1.1560231,0.063045658,1.098244e-21,1.17539,-1.55475,0.001
194,-0.15698221,4.7502349e-20,-6.2919695e-19,0.011900653,1.2466111,-1.5545198,0.050000001,1.1455258,0.066598006,-7.2056948e-22,1.24661,-1.55452,0.001
194,-0.1463073,2.6238088e-20,-2.2482423e-19,0.013022187,1.3178353,-1.5542915,0.050000001,1.1346806,0.068946838,-3.3273123e-22,1.31784,-1.5542901,0.001
194,-0.135151,-3.1821845e-20,6.2947767e-19,0.014236615,1.3890576,-1.5540698,0.050000001,1.1236206,0.070031457,6.3866785e-22,1.38906,-1.55407,0.001
194,-0.12362142,3.9236579e-20,-6.1781846e-19,0.015563894,1.4602816,-1.5538473,0.050000001,1.1124958,0.069810815,-6.7225459e-22,1.4602799,-1.5538501,0.001
194,-0.11183199,6.364526e-20,-8.249296e-19,0.017091889,1.5315076,-1.5536275,0.050000001,1.1014582,0.068263352,-7.9471746e-22,1.53151,-1.55363,0.001
194,-0.099901341,-2.7509317e-21,1.9342802e-19,0.018822908,1.6027315,-1.5534121,0.050000001,1.0906633,0.065386899,8.0246585e-23,1.60273,-1.5534101,0.001
194,-0.087948017,2.0156526e-20,-3.9273408e-19,0.020834658,1.6739597,-1.5531977,0.050000001,1.0802656,0.061199125,-2.6302089e-22,1.67396,-1.5532,0.001
194,-0.076090671,9.3509941e-21,-1.6566046e-20,0.023215756,1.7451875,-1.5529853,0.050000001,1.0704206,0.055738941,-1.647868e-22,1.74519,-1.55299,0.001
194,-0.064445391,-8.1170717e-21,2.0623562e-19,0.026042309,1.8164194,-1.5527757,0.050000001,1.0612732,0.049063828,1.0454986e-22,1.81642,-1.55278,0.001
194,-0.05312407,4.6540648e-20,-9.8646044e-19,0.029404562,1.8876579,-1.5525681,0.050000001,1.052963,0.04125046,-5.521055e-22,1.88766,-1.55257,0.001
194,-0.042234134,1.5867399e-20,-5.9130013e-19,0.033449698,1.9588919,-1.5523621,0.050000001,1.0456254,0.032392293,-2.2652061e-22,1.95889,-1.5523601,0.001
194,-0.031875983,1.2340008e-20,-5.8008538e-19,0.038323395,2.0301297,-1.55216,0.050000001,1.039378,0.022599593,-1.5735232e-22,2.0301299,-1.55216,0.001
194,-0.022143163,1.4023322e-21,-1.9061996e-19,0.044154245,2.1013758,-1.551962,0.050000001,1.0343302,0.011999817,-2.1523112e-23,2.1013801,-1.55196,0.001
194,-0.013124064,-4.3597863e-21,-3.839736e-19,0.051192582,2.1726222,-1.5517665,0.050000001,1.0305758,0.00073656271,-1.3481332e-23,2.1726201,-1.55177,0.001
194,-0.0048972522,-1.1908595e-21,-1.7950748e-21,0.059657425,2.2438703,-1.5515696,0.050000001,1.0281903,-0.01103366,5.1459453e-25,2.24387,-1.5515701,0.001
194,0.002465005,1.3798302e-20,7.6168337e-19,0.069749996,2.31512,-1.5513815,0.050000001,1.0272425,-0.023138221,-3.6076195e-24,2.31512,-1.55138,0.001
194,0.0088970037,3.882289e-21,1.89991e-19,0.081740156,2.3863716,-1.5511982,0.050000001,1.0277755,-0.035388447,-9.4996421e-24,2.3863699,-1.5512,0.001
194,0.014342501,-1.5256779e-20,-3.8258722e-19,0.095881365,2.4576299,-1.5510118,0.050000001,1.0298051,-0.047585715,4.0570356e-23,2.4576299,-1.55101,0.001
194,0.018752651,-3.4513226e-20,-5.7215328e-19,0.11237639,2.5288899,-1.5508316,0.050000001,1.033335,-0.059519533,1.0903338e-22,2.5288899,-1.55083,0.001
194,0.022089329,-2.2776949e-21,7.5187527e-21,0.13135253,2.600152,-1.5506581,0.050000001,1.0383528,-0.07097286,2.2428502e-23,2.6001501,-1.55066,0.001
194,0.024327321,3.9140506e-20,5.8362865e-19,0.15285677,2.6714177,-1.5504793,0.050000001,1.0448151,-0.081725806,-1.0128327e-22,2.6714201,-1.55048,0.001
194,0.025452811,-5.3524293e-21,4.186017e-21,0.17672724,2.7426879,-1.5503095,0.050000001,1.0526676,-0.091555677,2.1482781e-23,2.7426901,-1.55031,0.001
194,0.025465557,-6.06498e-20,-5.8606082e-19,0.20266205,2.8139622,-1.5501482,0.050000001,1.0618478,-0.10024551,1.4567649e-22,2.8139601,-1.55015,0.001
194,0.02438133,-2.0860172e-20,-1.9090004e-19,0.23018146,2.885236,-1.5499817,0.050000001,1.07227,-0.10758863,5.4400271e-23,2.8852401,-1.54998,0.001
194,0.022230884,1.458831e-21,-4.6532242e-21,0.2585544,2.9565094,-1.5498217,0.050000001,1.0838447,-0.1133865,-9.4548727e-24,2.9565101,-1.5498199,0.001
194,0.01906115,5.9513819e-21,-2.515452e-21,0.28692648,3.0277929,-1.5496681,0.050000001,1.0964702,-0.11745989,-3.2593035e-24,3.0278001,-1.54967,0.001
194,0.014938291,2.6994952e-20,2.0175718e-19,0.3143869,3.0990794,-1.5495093,0.050000001,1.1100321,-0.11964866,-2.786814e-23,3.0990801,-1.54951,0.001
194,0.0099453256,-3.7097729e-20,-4.2907743e-19,0.33999783,3.1703701,-1.5493594,0.050000001,1.1244023,-0.11981117,2.1442751e-23,3.1703701,-1.54936,0.001
194,0.0041829962,3.4060054e-21,5.3927017e-23,0.36287826,3.2416601,-1.5492163,0.050000001,1.1394302,-0.11783583,1.5961845e-23,3.2416601,-1.54922,0.001
194,-0.0022305276,2.1631463e-20,2.0803355e-19,0.38219219,3.3129499,-1.5490677,0.050000001,1.1549423,-0.1136414,-1.9234977e-23,3.3129499,-1.54907,0.001
194,-0.0091623636,-1.2562688e-22,-7.0543855e-22,0.39726436,3.3842478,-1.548928,0.050000001,1.1707374,-0.10717805,-3.3881872e-26,3.3842499,-1.54893,0.001
194,-0.016465664,1.8935029e-20,2.2127777e-19,0.40756434,3.45555,-1.548792,0.050000001,1.1865844,-0.09843836,2.0697429e-23,3.45555,-1.54879,0.001
194,-0.023983408,-2.7740229e-20,-2.0890299e-19,0.41268522,3.5268497,-1.5486578,0.050000001,1.202227,-0.087459035,-4.4818981e-23,3.52685,-1.54866,0.001
194,-0.031553004,-2.5092918e-20,-2.166428e-19,0.41244557,3.5981517,-1.5485215,0.050000001,1.2173841,-0.074328154,-5.0854186e-23,3.59815,-1.54852,0.001
194,-0.039010115,1.1128128e-20,2.2649381e-19,0.4067716,3.6694601,-1.5483916,0.050000001,1.2317667,-0.059179485,8.0299704e-23,3.6694601,-1.54839,0.001
194,-0.046194091,3.174559e-21,-2.1901152e-21,0.39578232,3.7407701,-1.5482658,0.050000001,1.2450795,-0.042201839,-1.3962451e-23,3.7407701,-1.54827,0.001
194,-0.052954916,-7.8465036e-21,-2.2941691e-19,0.37975258,3.8120794,-1.5481392,0.050000001,1.2570267,-0.02363467,-9.4021744e-23,3.8120799,-1.54814,0.001
194,-0.059156373,7.2423862e-23,8.9002665e-22,0.35915628,3.8833976,-1.5480195,0.050000001,1.2673419,-0.0037562388,0,3.8834,-1.54802,0.001
194,-0.06467998,1.2674634e-20,-4.7396922e-19,0.33467859,3.9547179,-1.5479017,0.050000001,1.2757795,0.017118352,-2.2096299e-22,3.95472,-1.5479,0.001
194,-0.069426976,1.6052186e-20,-4.7719093e-19,0.30708519,4.0260377,-1.5477858,0.050000001,1.2821344,0.038652539,-2.2801337e-22,4.0260401,-1.5477901,0.001
194,-0.073329017,2.3361645e-20,-2.413058e-19,0.27725884,4.0973601,-1.5476693,0.050000001,1.286262,0.060495012,-1.3033838e-22,4.0973601,-1.54767,0.001
194,-0.076347165,2.8598794e-20,-2.4351163e-19,0.24618652,4.1686797,-1.5475597,0.050000001,1.2880746,0.0822969,-1.3041392e-22,4.1686802,-1.54756,0.001
194,-0.078466959,-6.0795901e-20,8.3324829e-19,0.21484102,4.240005,-1.5474517,0.050000001,1.2875497,0.10372479,4.5242332e-22,4.2400098,-1.5474499,0.001
194,-0.079697475,-7.1953863e-20,8.3804413e-19,0.18416192,4.3113375,-1.5473458,0.050000001,1.2847272,0.12447046,4.4116909e-22,4.3113399,-1.54735,0.001
194,-0.080073044,7.9650166e-21,-1.2018804e-19,0.15502925,4.3826704,-1.5472393,0.050000001,1.2796999,0.14426593,-9.5350337e-23,4.3826699,-1.54724,0.001
194,-0.079645894,-4.6683226e-21,-5.9378191e-21,0.12814566,4.454,-1.54714,0.050000001,1.2726225,0.16288783,-2.1548146e-23,4.454,-1.54714,0.001
194,-0.078484446,-1.1301122e-21,-3.4948211e-21,0.10401705,4.5253358,-1.54704,0.050000001,1.2636899,0.18016334,-2.1409385e-23,4.5253401,-1.54704,0.001
194,-0.076668218,5.1706488e-20,-3.5079106e-19,0.082941145,4.5966721,-1.5469393,0.050000001,1.2531277,0.19596946,-2.1167476e-22,4.5966702,-1.54694,0.001
194,-0.074282117,1.187956e-19,-6.91009e-19,0.065017961,4.6680098,-1.5468478,0.050000001,1.2411827,0.21023366,-3.6698006e-22,4.6680102,-1.54685,0.001
194,-0.071414344,6.1400848e-20,-3.4177903e-19,0.050123587,4.7393517,-1.5467583,0.050000001,1.2280977,0.22292984,-1.600276e-22,4.7393498,-1.54676,0.001
194,-0.068152852,2.6176824e-20,-1.0336903e-19,0.038081229,4.810698,-1.5466638,0.050000001,1.2141203,0.23406844,-2.249219e-23,4.8106999,-1.5466599,0.001
194,-0.064580441,2.4794283e-20,-1.0514796e-19,0.028553994,4.8820419,-1.5465783,0.050000001,1.1994802,0.24368669,-3.325203e-23,4.88204,-1.54658,0.001
194,-0.060775299,-2.2498164e-20,1.1724263e-19,0.021141173,4.9533873,-1.5464902,0.050000001,1.1843777,0.25185263,7.9497319e-23,4.9533901,-1.54649,0.001
194,-0.05680795,-7.4104384e-20,3.2877325e-19,0.015507015,5.0247378,-1.5464017,0.050000001,1.1689976,0.2586464,1.5863667e-22,5.0247402,-1.5464,0.001
194,-0.052740589,-4.5574052e-20,2.1979233e-19,0.011301808,5.0960875,-1.5463178,0.050000001,1.1534977,0.2641567,9.2065034e-23,5.0960898,-1.54632,0.001
194,-0.048627645,2.9828828e-20,-1.0650844e-19,0.0082406504,5.1674352,-1.5462358,0.050000001,1.1379976,0.2684806,-5.7826502e-23,5.1674399,-1.54624,0.001
194,-0.044515535,2.7556125e-21,-1.7591218e-21,0.0060037794,5.2387896,-1.5461555,0.050000001,1.1226002,0.2717154,-1.0105672e-23,5.23879,-1.54616,0.001
194,-0.040442765,-7.7258185e-20,3.0508489e-19,0.00439326,5.3101478,-1.5460777,0.050000001,1.107385,0.27395549,9.651787e-23,5.3101501,-1.54608,0.001
194,-0.036440659,-5.0114443e-20,2.0637462e-19,0.0032789127,5.381506,-1.5459998,0.050000001,1.0924125,0.27529037,6.395917e-23,5.3815098,-1.546,0.001
194,-0.032534312,1.0558165e-19,-3.9561518e-19,0.0024829817,5.4528642,-1.545926,0.050000001,1.0777253,0.27580485,-1.100929e-22,5.4528599,-1.54593,0.001
194,-0.028743217,-2.0721206e-20,9.6902768e-20,0.0019177553,5.5242243,-1.5458494,0.050000001,1.0633403,0.27557817,8.3636248e-24,5.52422,-1.54585,0.001
194,-0.025081202,-9.9297061e-20,3.9271188e-19,0.0015309089,5.5955839,-1.5457773,0.050000001,1.0492803,0.2746796,8.3124943e-23,5.5955801,-1.5457799,0.001
194,-0.021558549,2.4199917e-20,-9.732578e-20,0.0012599928,5.6669502,-1.5457095,0.050000001,1.03555,0.27317265,-1.9236168e-23,5.6669502,-1.54571,0.001
194,-0.018182065,7.5229421e-20,-2.8579682e-19,0.0010518833,5.7383146,-1.5456418,0.050000001,1.0221426,0.2711142,-4.6747291e-23,5.7383099,-1.54564,0.001
194,-0.014955002,5.1137475e-20,-1.8936116e-19,0.0009108606,5.8096781,-1.5455737,0.050000001,1.0090574,0.26855275,-3.0349265e-23,5.80968,-1.54557,0.001
194,-0.011878734,-2.3601662e-20,9.1246151e-20,0.00082149397,5.8810415,-1.5455085,0.050000001,0.99627572,0.26552916,6.2615255e-24,5.8810401,-1.5455101,0.001
194,-0.0089523802,1.9215729e-22,5.4929399e-24,0.00075316249,5.9524097,-1.545442,0.050000001,0.98377931,0.26207939,-1.0294485e-26,5.9524102,-1.54544,0.001
194,-0.0061733793,2.3694136e-20,-9.1334143e-20,0.00071108225,6.0237775,-1.5453795,0.050000001,0.97155601,0.25823012,-6.2647519e-24,6.0237799,-1.54538,0.001
194,-0.0035384626,2.4072963e-21,9.8292543e-22,0.00068459508,6.0951452,-1.5453198,0.050000001,0.95958352,0.25400481,-4.3077229e-24,6.09515,-1.54532,0.001
194,-0.0010434804,4.4960679e-21,1.3226631e-21,0.00066384563,6.1665196,-1.5452579,0.050000001,0.94784141,0.24942024,-8.4844073e-24,6.1665201,-1.54526,0.001
194,0.0013165507,3.601083e-20,-1.3003619e-19,0.00065527851,6.237896,-1.5451977,0.050000001,0.93630993,0.24448718,-2.0802927e-24,6.2378998,-1.5452,0.001
194,0.0035465441,3.9529615e-22,-2.2565618e-21,0.00066379906,6.3092675,-1.5451423,0.050000001,0.92497051,0.2392118,-2.5673462e-24,6.3092699,-1.54514,0.001
194,0.0056517976,-1.3145207e-20,4.2610859e-20,0.00068260578,6.3806415,-1.5450842,0.050000001,0.91380334,0.23359521,2.8180788e-24,6.38064,-1.5450799,0.001
194,0.007637837,2.0218781e-20,-8.4851192e-20,0.00070922275,6.4520202,-1.5450281,0.050000001,0.90279108,0.22763318,7.4599909e-24,6.4520202,-1.54503,0.001
194,0.0095093269,-4.0065356e-23,-1.6656277e-23,0.00075719907,6.5233974,-1.5449717,0.050000001,0.89191896,0.22131936,0,6.5233998,-1.54497,0.001
194,0.011271074,1.9976257e-20,-8.0305298e-20,0.0008196971,6.5947757,-1.5449177,0.050000001,0.88117397,0.21464115,9.8332742e-24,6.59478,-1.54492,0.001
194,0.012926945,-1.9925611e-20,7.9602628e-20,0.00088488596,6.6661558,-1.544866,0.050000001,0.87054455,0.20758456,-9.3813019e-24,6.6661601,-1.54487,0.001
194,0.014480595,-3.998341e-20,1.5980853e-19,0.0009784376,6.7375355,-1.544812,0.050000001,0.86002344,0.20013104,-1.9240352e-23,6.7375398,-1.5448101,0.001
194,0.015935268,1.638929e-20,-7.8711786e-20,0.0011578662,6.8089151,-1.5447595,0.050000001,0.84960645,0.19225831,1.5548073e-23,6.8089199,-1.54476,0.001
194,0.017293073,3.2455788e-20,-1.5371596e-19,0.0015705333,6.8802977,-1.5447115,0.050000001,0.83928967,0.18394816,3.1139682e-23,6.8803,-1.54471,0.001
194,0.018555263,-4.5604344e-22,3.1854661e-21,0.0025115469,6.9516821,-1.5446663,0.050000001,0.8290658,0.17518988,-8.8205089e-26,6.9516802,-1.54467,0.001
194,0.019721678,-1.8523579e-20,7.8033208e-20,0.0045279837,7.0230656,-1.5446178,0.050000001,0.81891727,0.16599162,-1.258215e-23,7.0230699,-1.54462,0.001
194,0.020791026,1.1026368e-20,-7.2699973e-20,0.0083550317,7.0944495,-1.5445718,0.050000001,0.80881101,0.15639041,2.1067016e-23,7.09445,-1.54457,0.001
194,0.021760015,4.2578501e-22,4.4367428e-21,0.0146556,7.1658378,-1.5445282,0.050000001,0.79868668,0.14645733,-3.0793355e-24,7.1658401,-1.54453,0.001
194,0.022623057,-2.5004363e-21,4.904809e-21,0.023700919,7.2372217,-1.5444845,0.050000001,0.78846812,0.13628717,4.2823018e-25,7.2372198,-1.54448,0.001
194,0.02337298,-3.4067232e-21,7.3164463e-22,0.034833126,7.3086104,-1.5444405,0.050000001,0.77808315,0.12596537,3.5808609e-24,7.30861,-1.54444,0.001
194,0.024000816,-1.4472304e-20,7.3463765e-20,0.04615318,7.3800001,-1.5443938,0.050000001,0.76750433,0.11552439,-1.7438242e-23,7.3800001,-1.54439,0.001
194,0.024498394,-5.7063578e-22,3.5693849e-21,0.054572277,7.4513879,-1.5443496,0.050000001,0.75680524,0.10488512,-1.9218711e-24,7.4513898,-1.54435,0.001
194,0.02485919,-1.0151585e-20,6.9163531e-20,0.056321461,7.522778,-1.5443075,0.050000001,0.74619573,0.093830399,-1.9103097e-23,7.5227799,-1.54431,0.001
194,0.025080852,-3.6763566e-21,-1.4949059e-23,0.047959544,7.5941706,-1.5442698,0.050000001,0.73603964,0.082008108,3.0927045e-24,7.5941701,-1.54427,0.001
194,0.025166675,5.7259651e-21,-6.5696733e-20,0.027427243,7.6655579,-1.5442322,0.050000001,0.72682667,0.06898471,1.9907747e-23,7.6655598,-1.54423,0.001
194,0.025125936,-5.4959495e-21,6.8548612e-20,-0.0051934277,7.7369494,-1.5441926,0.050000001,0.71910673,0.054335378,-2.277088e-23,7.7369499,-1.54419,0.001
194,0.024972919,-5.169605e-21,6.5922792e-20,-0.047543552,7.8083482,-1.5441517,0.050000001,0.71340019,0.037743121,-1.9547602e-23,7.8083501,-1.54415,0.001
194,0.024724117,-3.468965e-22,-1.0963101e-21,-0.095464803,7.8797402,-1.5441183,0.050000001,0.71011049,0.019081065,3.2347054e-24,7.8797402,-1.54412,0.001
194,0.024394944,3.0543844e-21,6.6911965e-20,-0.14399707,7.9511318,-1.5440803,0.050000001,0.7094636,-0.0015559018,-2.1896169e-23,7.9511299,-1.54408,0.001
194,0.024122907,1.1466665e-21,2.1704224e-20,-0.17441858,7.9999995,-1.544054,0.050000001,0.71085262,-0.016824827,-9.1428924e-24,8,-1.5440526,0.001
194,-0.20244601,-6.3691825e-21,-1.7535147e-20,0.024414675,0.99999821,-1.4756807,0.050000001,1.186285,0.060017876,2.0396425e-23,1,-1.4756813,0.001
194,-0.19841479,8.5991241e-21,-4.2900068e-19,0.025259133,1.033249,-1.4755594,0.050000001,1.181661,0.063522354,-6.3269174e-22,1.03325,-1.4755599,0.001
194,-0.18886229,1.1221317e-20,-4.5696848e-19,0.027049812,1.1044608,-1.4753028,0.050000001,1.1709535,0.06999661,-7.0742335e-22,1.10446,-1.4753,0.001
194,-0.17845552,-6.5119251e-20,8.5307266e-19,0.028824462,1.1756752,-1.4750599,0.050000001,1.1595432,0.075314626,1.2322526e-21,1.17568,-1.47506,0.001
194,-0.16728103,-4.7649975e-20,8.6194308e-19,0.030625688,1.2468852,-1.4748174,0.050000001,1.1475557,0.0793669,1.128415e-21,1.2468899,-1.47482,0.001
194,-0.15544067,-4.1021544e-20,8.4779447e-19,0.032528207,1.3180971,-1.4745771,0.050000001,1.1351284,0.082059741,9.7214684e-22,1.3181,-1.47458,0.001
194,-0.14304967,-2.5934191e-20,4.2254229e-19,0.034585383,1.3893152,-1.4743458,0.050000001,1.1224158,0.083320364,4.2544634e-22,1.38932,-1.47435,0.001
194,-0.13023487,3.5422531e-21,-5.3983091e-21,0.036871694,1.4605318,-1.4741157,0.050000001,1.1095859,0.083098821,-7.0791475e-23,1.46053,-1.47412,0.001
194,-0.11712851,-2.2504127e-20,3.9886546e-19,0.039474819,1.5317477,-1.473888,0.050000001,1.0968083,0.081368081,3.233275e-22,1.53175,-1.4738899,0.001
194,-0.1038679,1.0459705e-20,1.4514233e-20,0.042476822,1.6029651,-1.4736623,0.050000001,1.0842607,0.078124344,-3.6084801e-23,1.60297,-1.47366,0.001
194,-0.090590462,6.6968058e-20,-8.0403486e-19,0.045996252,1.6741877,-1.4734398,0.050000001,1.0721157,0.073387623,-6.9695864e-22,1.67419,-1.4734401,0.001
194,-0.077432074,5.1446575e-21,-8.1786764e-21,0.050186403,1.7454098,-1.4732215,0.050000001,1.0605431,0.067201689,-8.0872474e-23,1.74541,-1.47322,0.001
194,-0.064524353,2.4149431e-20,-3.8240226e-19,0.055185247,1.8166379,-1.473008,0.050000001,1.0497007,0.059631806,-1.9482753e-22,1.81664,-1.4730099,0.001
194,-0.05199457,5.6708356e-20,-9.712611e-19,0.061149903,1.887868,-1.4727918,0.050000001,1.0397404,0.050766025,-4.8929798e-22,1.88787,-1.47279,0.001
194,-0.039963245,5.0810708e-21,-2.0670398e-19,0.068326525,1.9590954,-1.4725795,0.050000001,1.0308055,0.040709496,-9.0264096e-23,1.9591,-1.47258,0.001
194,-0.028543172,-1.722479e-21,-2.0587292e-19,0.07694333,2.0303295,-1.4723763,0.050000001,1.0230185,0.029588046,-5.7015711e-23,2.0303299,-1.47238,0.001
194,-0.017838551,-2.4496724e-21,-7.4919364e-21,0.087311119,2.1015699,-1.4721723,0.050000001,1.0164881,0.017545538,-1.3312417e-23,2.1015699,-1.47217,0.001
194,-0.0079480968,-1.5247868e-21,2.0399047e-21,0.099774733,2.1728096,-1.4719703,0.050000001,1.0113039,0.004744438,1.6789409e-23,2.1728101,-1.47197,0.001
194,0.00104646,-4.3794241e-21,-5.6347254e-19,0.11466809,2.2440562,-1.4717723,0.050000001,1.0075409,-0.0086403508,-5.949122e-25,2.24406,-1.47177,0.001
194,0.0090657622,-2.1909278e-22,-1.6954177e-19,0.13239396,2.3153021,-1.4715805,0.050000001,1.0052609,-0.022417875,4.360777e-23,2.3153,-1.47158,0.001
194,0.016033264,1.1980386e-20,3.9006506e-19,0.15333195,2.3865495,-1.4713902,0.050000001,1.0044941,-0.036375858,-5.0532753e-24,2.3865499,-1.47139,0.001
194,0.021886557,6.0339041e-21,1.9152614e-19,0.17778642,2.4578059,-1.4712025,0.050000001,1.005249,-0.050290085,-1.8845914e-23,2.4578099,-1.4712,0.001
194,0.026570983,-2.9029516e-20,-3.724588e-19,0.20596819,2.529062,-1.4710208,0.050000001,1.0075203,-0.063927718,1.0588689e-22,2.5290599,-1.47102,0.001
194,0.030044675,3.4567599e-21,-3.9705283e-21,0.23795283,2.6003199,-1.4708405,0.050000001,1.0112872,-0.077052459,-1.8649571e-23,2.6003201,-1.47084,0.001
194,0.032279059,9.5118856e-21,1.9901847e-19,0.27352571,2.671582,-1.47066,0.050000001,1.0165105,-0.089426294,-2.0718302e-23,2.6715801,-1.47066,0.001
194,0.033259284,-3.890182e-21,1.1932688e-20,0.31214663,2.7428498,-1.4704883,0.050000001,1.0231558,-0.10081439,2.7945943e-23,2.7428501,-1.47049,0.001
194,0.032985032,-5.2422171e-21,3.5199209e-21,0.35308266,2.8141201,-1.470318,0.050000001,1.0311832,-0.11099,4.9249754e-24,2.8141201,-1.47032,0.001
194,0.031472772,-1.9253634e-20,-1.9360498e-19,0.3952632,2.8853898,-1.4701475,0.050000001,1.0405504,-0.11973858,5.3339423e-23,2.88539,-1.47015,0.001
194,0.028755561,-6.7714084e-20,-5.9039024e-19,0.43744448,2.956665,-1.469988,0.050000001,1.0512282,-0.12685703,1.3084299e-22,2.95667,-1.46999,0.001
194,0.024885509,-7.5113286e-20,-5.7248912e-19,0.47831905,3.0279453,-1.46983,0.050000001,1.0631828,-0.13215591,1.5431756e-22,3.02795,-1.46983,0.001
194,0.01993366,3.0367934e-22,8.2003184e-22,0.51664519,3.0992301,-1.4696697,0.050000001,1.07637,-0.13545972,1.1019029e-25,3.0992301,-1.4696701,0.001
194,0.01399028,2.505406e-20,2.0301296e-19,0.55125916,3.1705182,-1.4695176,0.050000001,1.0907227,-0.1366062,-2.092815e-23,3.1705201,-1.46952,0.001
194,0.0071669202,2.875442e-20,1.9418911e-19,0.58121157,3.241802,-1.46937,0.050000001,1.1061398,-0.13545378,-2.1027259e-23,3.2418001,-1.46937,0.001
194,-0.00040647073,-1.4611648e-20,-2.3222512e-19,0.60576665,3.313092,-1.4692192,0.050000001,1.1224867,-0.13188377,-2.3889636e-23,3.3130901,-1.46922,0.001
194,-0.0085810935,4.1845748e-23,-1.3919104e-22,0.62428284,3.3843877,-1.4690778,0.050000001,1.1395798,-0.12580603,2.4982473e-26,3.3843901,-1.46908,0.001
194,-0.017191458,3.9261792e-20,4.3755864e-19,0.63636237,3.4556854,-1.4689405,0.050000001,1.1571798,-0.11717352,5.6644284e-23,3.4556899,-1.46894,0.001
194,-0.026058307,-2.197346e-20,-2.1081763e-19,0.64169389,3.5269878,-1.4687999,0.050000001,1.175007,-0.10598633,-5.5115282e-23,3.5269899,-1.4687999,0.001
194,-0.034993663,-3.9212959e-20,-4.3237845e-19,0.64012194,3.5982878,-1.4686661,0.050000001,1.1927373,-0.092300668,-9.6741976e-23,3.59829,-1.46867,0.001
194,-0.043805514,-2.6829073e-20,-4.4937993e-19,0.63159078,3.6695895,-1.468534,0.050000001,1.2100186,-0.076233722,-1.6041514e-22,3.66959,-1.4685301,0.001
194,-0.052304011,-2.4841079e-20,-2.1375628e-19,0.61614722,3.7409,-1.468406,0.050000001,1.226487,-0.057966333,-7.6783221e-23,3.7409,-1.46841,0.001
194,-0.060308259,2.495017e-21,2.3576705e-19,0.5940159,3.8122098,-1.4682772,0.050000001,1.2417616,-0.037746951,9.8075069e-23,3.8122101,-1.46828,0.001
194,-0.067652613,-3.1693567e-21,3.7626136e-21,0.56558043,3.8835218,-1.4681557,0.050000001,1.2554842,-0.015880113,1.135523e-23,3.8835199,-1.46816,0.001
194,-0.074193656,4.2898407e-22,-2.3014755e-19,0.53145057,3.9548395,-1.4680358,0.050000001,1.2673167,0.0072724917,-1.163821e-22,3.9548399,-1.46804,0.001
194,-0.079812989,1.1919566e-20,-4.728443e-19,0.49238855,4.0261602,-1.4679155,0.050000001,1.2769643,0.031321913,-2.6239109e-22,4.0261598,-1.4679199,0.001
194,-0.084422834,1.1179421e-20,-2.3730698e-19,0.44945249,4.0974803,-1.4677998,0.050000001,1.2841867,0.055855762,-1.625149e-22,4.0974798,-1.4678,0.001
194,-0.08796981,3.334154e-21,-1.6805057e-21,0.40381777,4.1687994,-1.4676905,0.050000001,1.2888118,0.080448031,-4.438554e-23,4.1687999,-1.46769,0.001
194,-0.090437129,-6.8353676e-20,7.161234e-19,0.35679713,4.2401252,-1.4675778,0.050000001,1.2907494,0.10468424,4.1322561e-22,4.2401299,-1.46758,0.001
194,-0.091837943,-7.4721415e-20,7.2128867e-19,0.30980456,4.3114519,-1.4674675,0.050000001,1.2899846,0.12817644,4.362572e-22,4.31145,-1.46747,0.001
194,-0.092214644,5.9523202e-21,-1.2033715e-19,0.26415226,4.3827796,-1.4673616,0.050000001,1.2865772,0.15058273,-1.0531207e-22,4.3827801,-1.46736,0.001
194,-0.09163408,-4.0573012e-20,2.3407329e-19,0.2210772,4.4541092,-1.46726,0.050000001,1.2806648,0.17161436,1.4882155e-22,4.4541101,-1.46726,0.001
194,-0.090184174,4.283617e-21,3.7668626e-21,0.18157899,4.5254455,-1.4671602,0.050000001,1.2724522,0.1910474,-4.3788162e-24,4.5254502,-1.46716,0.001
194,-0.087966986,5.9041593e-20,-3.5241632e-19,0.14635578,4.5967817,-1.4670601,0.050000001,1.2621975,0.2087232,-2.2726416e-22,4.5967798,-1.46706,0.001
194,-0.085091569,9.3189982e-21,3.6602787e-21,0.11579774,4.6681175,-1.4669615,0.050000001,1.2501926,0.22455165,1.0966774e-23,4.6681199,-1.46696,0.001
194,-0.081669264,9.389525e-21,2.4899433e-21,0.089977421,4.7394576,-1.4668695,0.050000001,1.2367401,0.23850241,-2.0218917e-23,4.73946,-1.46687,0.001
194,-0.07781022,2.2941807e-20,-1.098994e-19,0.068760343,4.810802,-1.4667805,0.050000001,1.2221451,0.25059867,-4.9702415e-23,4.8108001,-1.4667799,0.001
194,-0.073618382,-2.232695e-21,1.4022053e-21,0.051743921,4.8821478,-1.4666883,0.050000001,1.2067025,0.26090401,1.9455225e-23,4.8821502,-1.4666899,0.001
194,-0.069189154,-5.0484788e-20,2.2297313e-19,0.038350284,4.9534898,-1.4665955,0.050000001,1.1906801,0.26951304,1.2510549e-22,4.9534898,-1.4665999,0.001
194,-0.064607337,-2.6017107e-20,1.1043056e-19,0.0280736,5.0248375,-1.4665076,0.050000001,1.1743101,0.27654049,5.5692703e-23,5.0248399,-1.4665101,0.001
194,-0.059946883,-7.9295492e-20,3.2001933e-19,0.020377209,5.0961876,-1.4664215,0.050000001,1.1577902,0.28211099,1.4797246e-22,5.09619,-1.4664201,0.001
194,-0.055270188,-5.3675966e-20,2.1638789e-19,0.014689872,5.1675353,-1.4663397,0.050000001,1.141275,0.28635409,1.0698323e-22,5.1675401,-1.4663399,0.001
194,-0.050629672,2.7465059e-20,-1.0553176e-19,0.010549578,5.2388878,-1.46626,0.050000001,1.1248976,0.28939828,-4.8734631e-23,5.2388902,-1.46626,0.001
194,-0.04606783,-2.7240153e-20,1.0129913e-19,0.0075450782,5.3102422,-1.4661797,0.050000001,1.1087552,0.2913661,3.2402705e-23,5.3102398,-1.46618,0.001
194,-0.041617889,-6.147567e-22,1.1724889e-21,0.0054429471,5.3815999,-1.4660995,0.050000001,1.0929102,0.29237041,-8.3162111e-26,5.3815999,-1.4661,0.001
194,-0.03730521,1.616961e-19,-5.9553483e-19,0.0040085865,5.4529581,-1.4660263,0.050000001,1.0774125,0.29251605,-1.719308e-22,5.45296,-1.46603,0.001
194,-0.033149038,8.3000007e-20,-2.9752898e-19,0.0029741011,5.5243158,-1.4659495,0.050000001,1.0622874,0.29189867,-8.8391511e-23,5.5243201,-1.46595,0.001
194,-0.029162113,-2.3485402e-20,1.0148169e-19,0.0022622859,5.5956755,-1.4658775,0.050000001,1.04755,0.2906003,2.4985976e-23,5.5956802,-1.46588,0.001
194,-0.025352672,2.8748675e-20,-9.634877e-20,0.0017891192,5.667038,-1.4658083,0.050000001,1.0332,0.28869516,-2.6164082e-23,5.6670399,-1.4658099,0.001
194,-0.02172515,-2.7588684e-20,9.3157985e-20,0.001434998,5.7384024,-1.4657383,0.050000001,1.0192301,0.28624791,1.9647655e-23,5.7384,-1.46574,0.001
194,-0.018280728,-2.7799986e-20,9.3868727e-20,0.0012045701,5.8097644,-1.4656702,0.050000001,1.005628,0.28331304,1.9706416e-23,5.8097601,-1.46567,0.001
194,-0.015017941,-2.4778917e-20,9.1993412e-20,0.0010477169,5.8811297,-1.4656003,0.050000001,0.9923678,0.27993649,8.6557873e-24,5.8811302,-1.4656,0.001
194,-0.011933536,-4.7926699e-20,1.8238556e-19,0.00092372485,5.9524984,-1.4655317,0.050000001,0.97942913,0.27615613,1.2368142e-23,5.9524999,-1.46553,0.001
194,-0.0090228878,2.6593255e-21,1.0338488e-21,0.00084736774,6.0238614,-1.4654677,0.050000001,0.96679026,0.2720013,-5.0454684e-24,6.02386,-1.46547,0.001
194,-0.0062801819,2.5495241e-21,-1.1301547e-21,0.0007951624,6.0952296,-1.4654077,0.050000001,0.95442241,0.26749602,-6.8883153e-24,6.0952301,-1.46541,0.001
194,-0.0036990528,-2.3311903e-20,8.8421174e-20,0.00076337054,6.1666017,-1.4653482,0.050000001,0.94229901,0.2626572,1.8833577e-24,6.1666002,-1.46535,0.001
194,-0.0012726682,-4.7375926e-20,1.7163751e-19,0.00075245369,6.237978,-1.4652838,0.050000001,0.93039387,0.2574957,3.6226886e-25,6.2379799,-1.4652801,0.001
194,0.0010058994,-2.5391891e-20,8.6320181e-20,0.00075529295,6.3093476,-1.4652286,0.050000001,0.91868365,0.25201535,4.235311e-24,6.30935,-1.46523,0.001
194,0.0031433569,4.5710424e-20,-1.6830988e-19,0.00076795463,6.3807192,-1.4651703,0.050000001,0.9071424,0.24621728,5.0607032e-24,6.3807201,-1.46517,0.001
194,0.0051467442,2.3746819e-20,-8.3037082e-20,0.00080155954,6.4520979,-1.4651097,0.050000001,0.89574766,0.24009526,1.1914866e-24,6.4520998,-1.4651099,0.001
194,0.0070221657,2.2544636e-20,-8.0990921e-20,0.00084716087,6.5234718,-1.465054,0.050000001,0.88448006,0.23363975,4.3175568e-24,6.5234699,-1.46505,0.001
194,0.0087756254,8.5192663e-20,-3.2071876e-19,0.0009142122,6.5948491,-1.4649998,0.050000001,0.87332165,0.22683513,2.747984e-23,6.5948501,-1.465,0.001
194,0.01041213,4.2317504e-20,-1.5796518e-19,0.00099524786,6.6662273,-1.4649458,0.050000001,0.86225688,0.21966466,1.4565689e-23,6.6662302,-1.46495,0.001
194,0.011936069,-4.0591116e-20,1.6006569e-19,0.0011284894,6.7376075,-1.464892,0.050000001,0.85127395,0.21210657,-1.7442893e-23,6.7376099,-1.46489,0.001
194,0.013351305,-2.036013e-20,7.8451057e-20,0.0014285841,6.8089876,-1.4648376,0.050000001,0.8403638,0.20413725,-8.8810907e-24,6.80899,-1.4648401,0.001
194,0.014660469,8.2564774e-21,-3.7886394e-20,0.0021554152,6.8803673,-1.4647897,0.050000001,0.82951456,0.19574107,6.993278e-24,6.8803701,-1.46479,0.001
194,0.015865101,7.5987719e-21,-3.6712667e-20,0.0038007454,6.9517517,-1.4647419,0.050000001,0.81870711,0.18691668,7.9441314e-24,6.9517498,-1.46474,0.001
194,0.016965155,-3.9606336e-22,3.1016621e-21,0.0070859278,7.023138,-1.4646915,0.050000001,0.80790585,0.17769156,-7.3477636e-25,7.02314,-1.46469,0.001
194,0.017958498,6.2547415e-21,-3.4377533e-20,0.012765537,7.094522,-1.464648,0.050000001,0.79705298,0.16812973,8.0352512e-24,7.0945201,-1.46465,0.001
194,0.01884062,5.0660495e-21,-3.5324641e-20,0.021203406,7.165906,-1.4646,0.050000001,0.78606576,0.15832336,1.0379547e-23,7.1659098,-1.4646,0.001
194,0.019604919,1.1508489e-20,-6.7885996e-20,0.031920411,7.2372899,-1.464554,0.050000001,0.77486444,0.1483629,1.6895375e-23,7.2372899,-1.46455,0.001
194,0.020243255,-1.3268092e-20,7.2742715e-20,0.043101639,7.3086805,-1.4645097,0.050000001,0.7634095,0.13828497,-1.7890002e-23,7.3086801,-1.46451,0.001
194,0.020746663,-1.4113966e-20,7.3412318e-20,0.051517788,7.3800683,-1.464466,0.050000001,0.75175518,0.12801471,-1.7861223e-23,7.3800702,-1.46447,0.001
194,0.021108437,1.9786627e-20,-1.3527849e-19,0.053129759,7.4514513,-1.4644195,0.050000001,0.7401036,0.11731652,3.5988923e-23,7.4514499,-1.46442,0.001
194,0.021327037,-1.0357728e-20,7.0065526e-20,0.044088632,7.5228419,-1.46438,0.050000001,0.72882634,0.10579189,-1.9655015e-23,7.52284,-1.46438,0.001
194,0.021406638,-1.9740022e-20,1.3497798e-19,0.021939462,7.5942345,-1.4643425,0.050000001,0.71843928,0.092938893,-3.5982331e-23,7.5942302,-1.46434,0.001
194,0.021358926,-1.0920946e-21,-1.8094792e-21,-0.013417358,7.6656218,-1.4643003,0.050000001,0.70953506,0.078247994,3.3321808e-24,7.6656199,-1.4643,0.001
194,0.021201951,2.1617826e-22,1.5880362e-22,-0.059483867,7.7370114,-1.4642577,0.050000001,0.70268553,0.061321788,0,7.73701,-1.46426,0.001
194,0.020957232,-1.8998454e-21,6.5364646e-20,-0.11171082,7.8084078,-1.4642175,0.050000001,0.69834608,0.041973107,-1.9323738e-23,7.8084102,-1.46422,0.001
194,0.020645188,1.8029383e-23,6.5074189e-20,-0.16457328,7.8797998,-1.4641823,0.050000001,0.69678253,0.020277867,-1.9011713e-23,7.8797998,-1.46418,0.001
194,0.020281972,4.4700558e-21,4.2739692e-23,-0.21282844,7.9511919,-1.464144,0.050000001,0.69804746,-0.0034416779,6.4373633e-25,7.95119,-1.4641401,0.001
194,0.020005018,1.3509607e-21,-4.4753819e-20,-0.23991835,7.9999995,-1.4641196,0.050000001,0.70075083,-0.020690484,1.3202203e-23,8,-1.4641196,0.001
194,-0.21757558,-1.8720433e-20,4.2142435e-19,0.062731817,0.99999797,-1.3960358,0.050000001,1.1922214,0.071818471,6.710483e-22,1,-1.396032,0.001
194,-0.21313021,3.3658667e-20,-4.1077275e-19,0.064078853,1.0335484,-1.3959012,0.050000001,1.1869336,0.075835079,-7.0393893e-22,1.03355,-1.3959,0.001
194,-0.20263359,7.4465933e-20,-1.3127191e-18,0.066714108,1.1047441,-1.3956226,0.050000001,1.1747561,0.083220966,-1.9223867e-21,1.10475,-1.39562,0.001
194,-0.19114885,2.4087719e-20,-4.3972229e-19,0.069258876,1.1759466,-1.3953592,0.050000001,1.1617335,0.089317471,-5.2824216e-22,1.1759501,-1.39536,0.001
194,-0.17877668,-3.2958401e-20,4.1524102e-19,0.071773194,1.2471471,-1.3951033,0.050000001,1.1480085,0.093990818,6.1452073e-22,1.2471499,-1.3951,0.001
194,-0.16563673,-1.2240875e-19,1.264584e-18,0.074362047,1.3183465,-1.3948556,0.050000001,1.1337361,0.097128123,1.6883841e-21,1.31835,-1.39486,0.001
194,-0.15186624,-7.7397028e-20,8.5332128e-19,0.077222198,1.3895572,-1.3946071,0.050000001,1.1190859,0.098644264,1.0268609e-21,1.38956,-1.39461,0.001
194,-0.13761333,3.7420539e-20,-4.0512939e-19,0.080454424,1.4607679,-1.3943673,0.050000001,1.1042483,0.098477148,-5.1541223e-22,1.46077,-1.39437,0.001
194,-0.12303484,-2.9884417e-20,3.9332314e-19,0.084211253,1.5319755,-1.3941315,0.050000001,1.0894157,0.096595824,2.5203472e-22,1.53198,-1.39413,0.001
194,-0.10829033,-2.9573678e-20,4.0567579e-19,0.088692792,1.6031873,-1.3939,0.050000001,1.0747834,0.092997059,3.6770455e-22,1.6031899,-1.3939,0.001
194,-0.09353888,1.0181471e-20,2.8741399e-22,0.094076879,1.6744057,-1.3936722,0.050000001,1.0605382,0.087705985,-7.158233e-23,1.67441,-1.39367,0.001
194,-0.078937471,2.125754e-20,-1.7908503e-19,0.10062325,1.7456219,-1.3934482,0.050000001,1.0468637,0.080773667,-8.1730452e-23,1.74562,-1.39345,0.001
194,-0.064635448,1.56468e-20,-1.6939591e-21,0.10855011,1.816842,-1.393226,0.050000001,1.0339288,0.072277308,-8.4323892e-23,1.8168401,-1.39323,0.001
194,-0.050776299,-1.9970021e-20,3.8248371e-19,0.11814936,1.8880681,-1.3930057,0.050000001,1.0218935,0.062317677,1.7949933e-22,1.88807,-1.39301,0.001
194,-0.037496112,-8.2742012e-21,1.7530395e-19,0.1298033,1.9592917,-1.3927872,0.050000001,1.0108997,0.051018566,-9.9892313e-24,1.95929,-1.39279,0.001
194,-0.024919685,-1.7571528e-20,3.6875156e-19,0.14388974,2.0305221,-1.3925778,0.050000001,1.0010678,0.038523171,9.012999e-23,2.03052,-1.39258,0.001
194,-0.013163496,-2.1459196e-21,1.8907046e-19,0.16085829,2.1017559,-1.3923702,0.050000001,0.99249905,0.024996566,2.1268067e-23,2.1017599,-1.39237,0.001
194,-0.0023339032,-8.5617273e-22,3.7355867e-19,0.18121362,2.1729894,-1.3921617,0.050000001,0.98526734,0.010625483,1.4306057e-23,2.1729901,-1.3921601,0.001
194,0.0074744332,-3.7108013e-21,-3.6246297e-19,0.20551254,2.2442319,-1.3919595,0.050000001,0.97942793,-0.0043879114,4.1045458e-23,2.24423,-1.39196,0.001
194,0.016187564,-1.8043024e-20,-9.0861561e-19,0.23429029,2.3154755,-1.3917643,0.050000001,0.97502488,-0.019838043,1.2802063e-22,2.31548,-1.39177,0.001
194,0.023724101,8.12374e-21,1.7397365e-19,0.26796526,2.3867197,-1.3915697,0.050000001,0.97207701,-0.035492808,-5.95125e-23,2.3867199,-1.39157,0.001
194,0.03000243,1.9378027e-20,5.3704722e-19,0.30679587,2.457972,-1.3913801,0.050000001,0.97057766,-0.051098209,-1.2916382e-22,2.4579699,-1.39138,0.001
194,0.034969795,2.4469025e-20,3.6222712e-19,0.35079488,2.5292256,-1.3911922,0.050000001,0.9705053,-0.06640517,-1.1338815e-22,2.5292301,-1.3911901,0.001
194,0.038581982,-3.617861e-21,1.4092527e-20,0.399553,2.6004796,-1.3910105,0.050000001,0.97184575,-0.081167527,3.0031165e-23,2.6004801,-1.39101,0.001
194,0.040809255,-3.0428582e-20,-3.5711486e-19,0.45222762,2.671742,-1.3908303,0.050000001,0.97458762,-0.095147401,1.4042279e-22,2.6717401,-1.39083,0.001
194,0.041638296,4.1877592e-20,3.7197462e-19,0.50754917,2.7430055,-1.3906516,0.050000001,0.97874582,-0.10811721,-1.325991e-22,2.74301,-1.39065,0.001
194,0.041070282,4.0181639e-20,3.920109e-19,0.56391454,2.8142695,-1.3904773,0.050000001,0.98435664,-0.1198625,-9.6038016e-23,2.81427,-1.39048,0.001
194,0.039124008,-3.559712e-21,3.3579943e-20,0.61956644,2.8855393,-1.3903092,0.050000001,0.99147916,-0.13018228,4.35564e-23,2.88554,-1.39031,0.001
194,0.035835452,-5.6505503e-20,-3.4604023e-19,0.67280501,2.9568129,-1.390148,0.050000001,1.0001913,-0.13888097,1.4507264e-22,2.95682,-1.39015,0.001
194,0.031261057,-5.1824649e-20,-3.7611401e-19,0.72217911,3.0280895,-1.389984,0.050000001,1.0105668,-0.14576437,1.1259533e-22,3.02809,-1.38998,0.001
194,0.025474316,-2.4881817e-20,-2.0017353e-19,0.76650673,3.0993719,-1.3898263,0.050000001,1.0226692,-0.15063624,2.8593743e-23,3.09937,-1.38983,0.001
194,0.018570688,4.1428315e-21,-9.6338228e-21,0.80496973,3.1706581,-1.3896677,0.050000001,1.0365064,-0.15330024,6.1123838e-24,3.17066,-1.38967,0.001
194,0.010668236,7.1958396e-21,-2.7106027e-20,0.837008,3.2419398,-1.3895183,0.050000001,1.052038,-0.15356065,-2.6614255e-23,3.24194,-1.38952,0.001
194,0.0019050644,-2.4790472e-20,-2.0758307e-19,0.86239994,3.3132274,-1.3893676,0.050000001,1.0691472,-0.15123712,5.9599195e-24,3.31323,-1.38937,0.001
194,-0.0075576454,-1.031962e-22,5.8508879e-23,0.8809368,3.384522,-1.3892193,0.050000001,1.0876513,-0.14617196,0,3.3845201,-1.38922,0.001
194,-0.017539941,-8.4034094e-21,2.2114874e-20,0.8924709,3.4558177,-1.3890798,0.050000001,1.1072918,-0.13824932,-2.4104237e-24,3.4558201,-1.38908,0.001
194,-0.027843183,1.1309517e-20,2.406743e-19,0.89692199,3.5271177,-1.3889395,0.050000001,1.127739,-0.1274105,4.836752e-23,3.5271201,-1.38894,0.001
194,-0.038255006,3.9349234e-20,4.337504e-19,0.89413488,3.598418,-1.3888017,0.050000001,1.1486062,-0.11366207,1.3581888e-22,3.5984199,-1.3888,0.001
194,-0.048555017,-1.4649058e-20,-2.161307e-19,0.88391554,3.6697197,-1.3886701,0.050000001,1.1694715,-0.097085811,-7.534993e-23,3.6697199,-1.38867,0.001
194,-0.058522765,-4.7678445e-20,-4.1017056e-19,0.86609471,3.7410283,-1.38854,0.050000001,1.1898867,-0.077846885,-1.8118412e-22,3.74103,-1.38854,0.001
194,-0.067941725,-1.4380755e-20,1.6968954e-20,0.84060025,3.8123343,-1.3884093,0.050000001,1.2093859,-0.056192704,-7.9531032e-24,3.81233,-1.38841,0.001
194,-0.076611675,-3.1796403e-21,2.3562315e-19,0.80746651,3.8836458,-1.3882858,0.050000001,1.2275095,-0.032441851,1.5955202e-22,3.8836501,-1.38829,0.001
194,-0.084356532,-9.8133364e-21,2.3930519e-19,0.76688886,3.9549601,-1.3881638,0.050000001,1.2438234,-0.0069922316,1.7193957e-22,3.9549601,-1.38816,0.001
194,-0.091030054,-1.801682e-21,-2.3589912e-19,0.71931756,4.026278,-1.3880438,0.050000001,1.2579461,0.019709093,-1.1630084e-22,4.0262799,-1.3880399,0.001
194,-0.096519142,-5.2274434e-21,1.9893043e-21,0.66562963,4.0975938,-1.3879282,0.050000001,1.2695216,0.047176886,1.4640698e-23,4.09759,-1.38793,0.001
194,-0.10074971,1.2200339e-21,5.6569588e-23,0.60696799,4.1689153,-1.3878118,0.050000001,1.2782689,0.074906483,2.9197017e-25,4.16892,-1.38781,0.001
194,-0.10369115,-1.4637266e-20,-2.3234322e-23,0.54475981,4.2402401,-1.3876997,0.050000001,1.2840041,0.10238712,7.0454445e-24,4.2402401,-1.3877,0.001
194,-0.1053565,-2.9914218e-20,2.4262603e-19,0.48074403,4.3115659,-1.3875901,0.050000001,1.2866218,0.12913266,1.6364336e-22,4.3115702,-1.3875901,0.001
194,-0.10579421,7.5083152e-20,-5.9357121e-19,0.41670141,4.3828897,-1.387482,0.050000001,1.2861143,0.15469973,-4.7199994e-22,4.3828902,-1.38748,0.001
194,-0.10508487,5.6314925e-21,-1.2307357e-19,0.35446075,4.4542193,-1.3873802,0.050000001,1.282572,0.1787082,-1.2741679e-22,4.4542198,-1.38738,0.001
194,-0.10333727,2.7170004e-20,-1.1452966e-19,0.29571906,4.5255556,-1.3872786,0.050000001,1.276177,0.20085382,-8.8987833e-23,4.5255599,-1.38728,0.001
194,-0.10067966,5.953564e-20,-3.5722524e-19,0.24190019,4.59689,-1.3871742,0.050000001,1.2671947,0.22091685,-2.7861868e-22,4.59689,-1.38717,0.001
194,-0.097248465,-6.1043603e-20,3.4806039e-19,0.19402568,4.6682234,-1.387076,0.050000001,1.2559521,0.23876669,2.2457247e-22,4.6682301,-1.38708,0.001
194,-0.093186699,-1.9833439e-20,1.1855914e-19,0.1526345,4.7395592,-1.3869797,0.050000001,1.2428075,0.25435764,6.9015333e-23,4.7395601,-1.3869801,0.001
194,-0.088632092,7.8028561e-20,-3.382956e-19,0.117834,4.8109021,-1.386888,0.050000001,1.2281326,0.26771858,-2.1714786e-22,4.8109002,-1.3868901,0.001
194,-0.083715715,-2.4688589e-21,-5.8547682e-21,0.089376114,4.8822484,-1.3867915,0.050000001,1.2123024,0.27893719,-8.5807722e-24,4.8822498,-1.38679,0.001
194,-0.078555211,-5.4957059e-20,2.2717482e-19,0.066671461,4.9535899,-1.3866992,0.050000001,1.1956676,0.28814158,1.5368457e-22,4.9535899,-1.3867,0.001
194,-0.073254421,4.8182162e-20,-2.1739909e-19,0.049001489,5.0249357,-1.3866112,0.050000001,1.1785276,0.29549056,-9.4017837e-23,5.02494,-1.38661,0.001
194,-0.067901984,-8.810609e-20,3.1896392e-19,0.035568379,5.0962815,-1.3865258,0.050000001,1.1611428,0.30115548,1.7208507e-22,5.0962801,-1.38653,0.001
194,-0.062571488,-1.1041243e-19,4.2782456e-19,0.025527725,5.1676292,-1.3864394,0.050000001,1.1437254,0.30531287,2.0535585e-22,5.1676302,-1.38644,0.001
194,-0.057321753,1.3233487e-21,8.2675314e-22,0.018202176,5.2389817,-1.38636,0.050000001,1.1264428,0.30813101,-4.8232435e-24,5.2389798,-1.38636,0.001
194,-0.052199591,2.8108599e-20,-1.0271679e-19,0.012919893,5.310338,-1.3862798,0.050000001,1.1094249,0.30977112,-4.124605e-23,5.3103399,-1.3862799,0.001
194,-0.047240827,2.7685286e-20,-1.0441867e-19,0.0091457507,5.3816919,-1.3861995,0.050000001,1.0927527,0.31037816,-4.5366706e-23,5.38169,-1.3862,0.001
194,-0.042470586,3.138562e-20,-1.0117124e-19,0.0065423404,5.4530473,-1.3861215,0.050000001,1.07648,0.3100833,-4.1906453e-23,5.4530501,-1.38612,0.001
194,-0.037906405,-2.4123449e-20,9.6552205e-20,0.004727514,5.5244055,-1.3860478,0.050000001,1.060645,0.30900174,1.7607405e-23,5.5244098,-1.38605,0.001
194,-0.0335599,-8.5397538e-20,2.9231966e-19,0.0034632655,5.5957642,-1.3859717,0.050000001,1.0452628,0.30723453,8.5173179e-23,5.5957599,-1.38597,0.001
194,-0.02943586,-3.0132012e-20,9.6850067e-20,0.0025989786,5.6671238,-1.3858998,0.050000001,1.0303253,0.30486691,2.9942408e-23,5.66712,-1.3859,0.001
194,-0.025535669,2.2676191e-21,1.209074e-21,0.0020069315,5.7384882,-1.38583,0.050000001,1.0158224,0.30197278,-6.2887873e-24,5.7384901,-1.38583,0.001
194,-0.021857796,3.6071307e-21,3.3027834e-22,0.001621655,5.8098502,-1.3857599,0.050000001,1.0017365,0.29861429,-9.4003379e-24,5.8098502,-1.3857599,0.001
194,-0.018397436,5.750769e-20,-1.8234041e-19,0.0013407283,5.8812146,-1.3856897,0.050000001,0.98803514,0.29484239,-3.6661695e-23,5.8812099,-1.38569,0.001
194,-0.015148151,3.0703006e-20,-9.3034128e-20,0.0011472654,5.9525824,-1.3856195,0.050000001,0.97469008,0.29069665,-2.4920692e-23,5.95258,-1.38562,0.001
194,-0.012102298,1.2472622e-23,-1.4733707e-22,0.0010226925,6.0239477,-1.3855557,0.050000001,0.96167004,0.28620937,-5.7658545e-27,6.0239501,-1.38556,0.001
194,-0.0092515871,1.2102963e-21,-1.3856371e-21,0.00093597895,6.0953159,-1.3854915,0.050000001,0.94894129,0.28140566,-4.6249227e-24,6.0953202,-1.3854899,0.001
194,-0.0065868702,-2.2093726e-20,8.9203287e-20,0.0008832239,6.1666846,-1.3854297,0.050000001,0.9364711,0.27630088,-8.231344e-25,6.1666799,-1.38543,0.001
194,-0.0040988289,-9.3084654e-21,4.4051497e-20,0.00085790921,6.2380586,-1.38537,0.050000001,0.92422563,0.27090496,-4.9176161e-24,6.23806,-1.38537,0.001
194,-0.0017787308,1.1262105e-20,-4.199351e-20,0.00085317704,6.3094277,-1.3853104,0.050000001,0.91217452,0.26522192,1.8027278e-24,6.3094301,-1.3853101,0.001
194,0.00038226074,4.804158e-20,-1.6705731e-19,0.0008591041,6.3807974,-1.38525,0.050000001,0.90028703,0.25925025,4.3190859e-25,6.3807998,-1.38525,0.001
194,0.0023926317,4.8419809e-20,-1.6327727e-19,0.00088963466,6.4521718,-1.3851895,0.050000001,0.88853532,0.25298166,1.0153462e-24,6.4521699,-1.38519,0.001
194,0.0042603412,-1.5469039e-23,-1.970397e-22,0.0009404656,6.5235476,-1.3851362,0.050000001,0.87689388,0.24640228,6.1471381e-27,6.52355,-1.3851399,0.001
194,0.0059921108,-2.7580064e-21,1.2328353e-21,0.0010082371,6.5949254,-1.3850802,0.050000001,0.86533946,0.23949666,5.2600677e-24,6.5949302,-1.38508,0.001
194,0.0075943717,5.1362633e-20,-1.9693092e-19,0.0011113166,6.6663017,-1.3850237,0.050000001,0.85385323,0.23224302,2.0429628e-23,6.6662998,-1.38502,0.001
194,0.0090727014,1.0391786e-20,-3.8627645e-20,0.0013242455,6.7376823,-1.3849722,0.050000001,0.84241784,0.22461532,3.9440174e-24,6.73768,-1.3849699,0.001
194,0.010431276,-2.587777e-22,3.0275972e-21,0.0018572089,6.8090625,-1.384918,0.050000001,0.83101612,0.21659294,-4.1432153e-25,6.8090601,-1.38492,0.001
194,0.01167329,1.2190241e-23,-7.8193862e-23,0.0031379298,6.8804402,-1.3848683,0.050000001,0.81962615,0.20816688,1.8874807e-27,6.8804402,-1.3848701,0.001
194,0.012800249,-1.6705625e-21,2.0834684e-21,0.0058491905,6.9518223,-1.384818,0.050000001,0.80821145,0.1993532,1.7135777e-24,6.9518199,-1.38482,0.001
194,0.01381174,3.3601757e-20,-1.4574371e-19,0.010799645,7.0232081,-1.384768,0.050000001,0.79671282,0.19020483,2.4721648e-23,7.02321,-1.38477,0.001
194,0.01470452,-1.811052e-21,2.6130419e-21,0.018516256,7.0945897,-1.3847202,0.050000001,0.78504789,0.1808107,1.2819763e-24,7.0945902,-1.38472,0.001
194,0.015473177,-2.513143e-20,1.1200015e-19,0.028706914,7.1659722,-1.3846718,0.050000001,0.77312702,0.17126489,-2.0863063e-23,7.1659698,-1.38467,0.001
194,0.016109889,-1.0394828e-20,3.706089e-20,0.039722033,7.2373576,-1.3846285,0.050000001,0.76089197,0.16161549,-3.9740876e-24,7.23736,-1.38463,0.001
194,0.01660572,-1.5648743e-20,7.0030022e-20,0.048386704,7.308744,-1.3845798,0.050000001,0.74837428,0.1517982,-1.201465e-23,7.3087401,-1.38458,0.001
194,0.016954169,-7.6567812e-21,3.5201821e-20,0.050404403,7.3801322,-1.384536,0.050000001,0.73575431,0.14157186,-6.7173952e-24,7.3801298,-1.38454,0.001
194,0.017152691,1.7126356e-20,-9.9889096e-20,0.041457519,7.4515181,-1.3844895,0.050000001,0.72339314,0.13050835,2.169084e-23,7.45152,-1.38449,0.001
194,0.01720693,4.7658311e-22,2.5091255e-22,0.018597251,7.5229077,-1.3844477,0.050000001,0.71182048,0.11803679,2.8382367e-25,7.5229101,-1.38445,0.001
194,0.017130792,-1.0115402e-20,6.6835004e-20,-0.018660197,7.5942979,-1.3844105,0.050000001,0.70166373,0.10355671,-1.6415467e-23,7.5942998,-1.38441,0.001
194,0.016946219,7.4566342e-21,-6.1889589e-20,-0.067887805,7.6656857,-1.3843685,0.050000001,0.69354779,0.086571917,8.1978717e-24,7.6656899,-1.38437,0.001
194,0.016679931,4.2487587e-21,-6.2819178e-20,-0.12425978,7.7370753,-1.3843237,0.050000001,0.68798488,0.066813432,1.1771543e-23,7.7370801,-1.38432,0.001
194,0.016359551,-8.145111e-21,1.2651823e-19,-0.18172455,7.8084679,-1.3842838,0.050000001,0.68529618,0.044306368,-2.355044e-23,7.8084698,-1.38428,0.001
194,0.016006988,-3.2762271e-21,1.2631177e-19,-0.23444106,7.8798599,-1.3842485,0.050000001,0.68557096,0.019370703,-2.2952945e-23,7.8798599,-1.38425,0.001
194,0.015635468,1.7746904e-21,-6.3335862e-20,-0.27789819,7.951252,-1.3842102,0.050000001,0.68868834,-0.0074445331,1.1465386e-23,7.9512501,-1.38421,0.001
194,0.015371261,-1.0124606e-22,-6.346898e-20,-0.29944158,7.9999981,-1.3841829,0.050000001,0.69256741,-0.026570158,1.1256945e-23,8,-1.3841827,0.001
194,-0.23445761,1.2016067e-20,-2.2504374e-19,0.1453594,0.99999893,-1.3163843,0.050000001,1.1951026,0.085185818,-3.0572381e-22,1,-1.3163822,0.001
194,-0.22957148,5.2841538e-20,-4.1632437e-19,0.14683779,1.0338393,-1.316232,0.050000001,1.1890513,0.089810379,-6.6059828e-22,1.0338399,-1.3162301,0.001
194,-0.21805477,1.2858197e-19,-1.312064e-18,0.14935757,1.1050181,-1.3159344,0.050000001,1.1752038,0.098283723,-2.1814796e-21,1.10502,-1.31594,0.001
194,-0.20538931,-5.6114107e-22,-2.2995106e-20,0.15152277,1.1762066,-1.3156486,0.050000001,1.1603485,0.10532269,8.3317829e-23,1.17621,-1.31565,0.001
194,-0.19169337,-4.223021e-20,4.4132841e-19,0.15358418,1.2473971,-1.3153794,0.050000001,1.144646,0.11076166,7.1862886e-22,1.2474,-1.31538,0.001
194,-0.17711031,3.9017483e-20,-3.9943859e-19,0.15577865,1.3185867,-1.3151178,0.050000001,1.1282687,0.11446817,-6.53303e-22,1.31859,-1.31512,0.001
194,-0.16180338,5.5634391e-20,-4.0615556e-19,0.1583612,1.3897873,-1.3148565,0.050000001,1.1113985,0.11634059,-6.883414e-22,1.3897901,-1.31486,0.001
194,-0.14594981,1.0854031e-19,-8.0037334e-19,0.16158281,1.4609897,-1.314607,0.050000001,1.094251,0.11630609,-1.042168e-21,1.46099,-1.31461,0.001
194,-0.1297348,9.0387803e-20,-8.1499541e-19,0.16574195,1.5321918,-1.3143657,0.050000001,1.0770364,0.11433092,-9.6550072e-22,1.53219,-1.31437,0.001
194,-0.11334544,1.0120113e-20,9.028972e-21,0.17117193,1.6033973,-1.314128,0.050000001,1.0599612,0.11041617,-3.0053673e-23,1.6034,-1.3141299,0.001
194,-0.096967317,-9.1679174e-21,2.0202471e-19,0.17814495,1.6746075,-1.3138922,0.050000001,1.043231,0.10459364,1.0486008e-22,1.67461,-1.31389,0.001
194,-0.080780268,-1.8879905e-20,1.8433713e-19,0.18702783,1.7458196,-1.3136603,0.050000001,1.0270337,0.096927248,1.0900869e-22,1.74582,-1.31366,0.001
194,-0.064955197,-3.3848906e-20,5.6825426e-19,0.19821754,1.8170356,-1.3134315,0.050000001,1.0115455,0.087510236,2.2406565e-22,1.81704,-1.31343,0.001
194,-0.049654387,2.5205479e-20,-1.47733e-19,0.21217586,1.8882582,-1.3132077,0.050000001,0.99692649,0.076462381,-4.9308107e-23,1.88826,-1.31321,0.001
194,-0.035028759,6.8119131e-20,-9.140808e-19,0.22941889,1.9594803,-1.312986,0.050000001,0.98330539,0.0639311,-3.5656144e-22,1.95948,-1.31299,0.001
194,-0.021216702,1.1088001e-20,-3.8171943e-19,0.25049981,2.0307021,-1.3127698,0.050000001,0.97079027,0.05008439,-8.7993016e-23,2.0307,-1.31277,0.001
194,-0.0083474703,2.0695865e-20,-5.2310442e-19,0.27605391,2.1019297,-1.3125581,0.050000001,0.9594664,0.035112198,-2.1862237e-23,2.1019299,-1.31256,0.001
194,0.0034605451,1.4364403e-20,-1.5533523e-19,0.30674219,2.1731632,-1.3123457,0.050000001,0.94938219,0.019226817,5.0161827e-24,2.1731701,-1.31235,0.001
194,0.014079506,-2.0037174e-22,1.7650477e-20,0.34325129,2.2443995,-1.3121395,0.050000001,0.94054794,0.0026658608,3.8914486e-23,2.2444,-1.31214,0.001
194,0.023501642,-4.3932269e-21,-3.2203348e-19,0.38614169,2.3156397,-1.31194,0.050000001,0.93296951,-0.01432927,1.1557734e-22,2.31564,-1.31194,0.001
194,0.031644735,-2.5411685e-21,-1.392556e-19,0.43564224,2.3868859,-1.3117417,0.050000001,0.92666572,-0.031521853,9.8052924e-23,2.3868899,-1.31174,0.001
194,0.038351625,1.5009565e-21,1.8374273e-20,0.4914813,2.4581323,-1.3115475,0.050000001,0.9216271,-0.048657943,2.6583136e-23,2.4581299,-1.31155,0.001
194,0.043594427,2.9280501e-20,3.5717054e-19,0.55285561,2.5293798,-1.3113577,0.050000001,0.91783112,-0.065482371,-1.348714e-22,2.5293801,-1.31136,0.001
194,0.047338087,-2.1011192e-20,-1.665021e-19,0.6182875,2.6006355,-1.311172,0.050000001,0.91531044,-0.081764206,9.5918336e-23,2.6006401,-1.31117,0.001
194,0.049554612,-1.2598011e-20,-1.5022417e-19,0.68572193,2.6718957,-1.31099,0.050000001,0.91414511,-0.097298026,9.0450709e-23,2.6719,-1.31099,0.001
194,0.050235759,4.1154859e-20,3.6908546e-19,0.75280833,2.7431555,-1.3108095,0.050000001,0.91447031,-0.11189987,-1.3794177e-22,2.74316,-1.31081,0.001
194,0.04938817,3.2607732e-21,5.5631115e-21,0.81719077,2.8144197,-1.3106359,0.050000001,0.91647828,-0.12539935,9.2487472e-24,2.81442,-1.31064,0.001
194,0.047034487,-4.8521782e-22,5.8909549e-21,0.87691057,2.8856876,-1.3104681,0.050000001,0.92038423,-0.13762537,8.0184414e-24,2.88569,-1.31047,0.001
194,0.043215003,2.4829354e-20,1.8743684e-19,0.93053329,2.9569554,-1.3103005,0.050000001,0.92641848,-0.14839081,-5.719263e-23,2.95696,-1.3103,0.001
194,0.037986305,2.3249803e-20,2.143872e-19,0.97731495,3.0282297,-1.310132,0.050000001,0.93478382,-0.15748256,-3.5397662e-23,3.02823,-1.31013,0.001
194,0.031423565,-3.1989934e-20,-1.5748968e-19,1.0171076,3.0995097,-1.3099695,0.050000001,0.94562763,-0.16465607,6.9429699e-23,3.09951,-1.30997,0.001
194,0.023623539,-2.9118441e-20,-1.8320186e-19,1.0501206,3.1707926,-1.3098115,0.050000001,0.9590131,-0.16963974,4.7474384e-23,3.17079,-1.30981,0.001
194,0.014703522,-2.8292563e-20,-1.9748701e-19,1.0767798,3.2420757,-1.3096602,0.050000001,0.97491115,-0.17214829,1.0992303e-23,3.24208,-1.30966,0.001
194,0.0048044189,-2.8557406e-20,-1.9680315e-19,1.0975915,3.3133595,-1.309508,0.050000001,0.99317598,-0.17190327,1.0831731e-23,3.31336,-1.30951,0.001
194,-0.0059072063,-3.5519103e-20,-1.7375982e-19,1.1128063,3.3846521,-1.3093598,0.050000001,1.013581,-0.16864835,-1.6475172e-23,3.38465,-1.30936,0.001
194,-0.017242821,3.0503584e-20,1.9246944e-19,1.1225239,3.4559481,-1.309218,0.050000001,1.0358082,-0.16217715,7.0557095e-23,3.45595,-1.30922,0.001
194,-0.028989874,8.565746e-20,5.8607835e-19,1.126662,3.5272419,-1.3090761,0.050000001,1.0594499,-0.15235575,1.6376953e-22,3.52724,-1.30908,0.001
194,-0.040916543,-1.6383223e-20,3.4889173e-20,1.1248115,3.5985401,-1.308936,0.050000001,1.0840474,-0.13912977,-2.2754626e-25,3.5985401,-1.3089401,0.001
194,-0.052777261,2.6866514e-20,4.447015e-19,1.1164647,3.669842,-1.3087997,0.050000001,1.1091011,-0.12254164,2.3360196e-22,3.6698401,-1.3088,0.001
194,-0.064319596,1.8894434e-20,2.2170881e-19,1.10102,3.741148,-1.308668,0.050000001,1.134092,-0.10273298,8.7610646e-23,3.7411499,-1.30867,0.001
194,-0.075292014,-4.9409194e-20,-4.0337439e-19,1.0779132,3.8124516,-1.3085355,0.050000001,1.1584765,-0.07994923,-2.208498e-22,3.8124499,-1.30854,0.001
194,-0.085456073,1.1111201e-20,6.7084436e-19,1.0465735,3.8837619,-1.3084095,0.050000001,1.1817234,-0.054521661,4.8323852e-22,3.88376,-1.30841,0.001
194,-0.094595551,4.3728903e-21,2.1984077e-22,1.0065708,3.9550781,-1.3082905,0.050000001,1.2033268,-0.026868006,-1.5318721e-23,3.95508,-1.30829,0.001
194,-0.10252295,-6.7650449e-21,-6.7870852e-19,0.95780921,4.0263896,-1.3081685,0.050000001,1.2228117,0.0025076976,-5.0902541e-22,4.0263901,-1.30817,0.001
194,-0.10909718,-1.9525534e-20,6.8529872e-19,0.90046203,4.0977054,-1.3080482,0.050000001,1.2397392,0.033052754,5.4659533e-22,4.0977101,-1.30805,0.001
194,-0.11421592,7.8159824e-22,2.3850083e-19,0.83527249,4.1690278,-1.3079295,0.050000001,1.2537262,0.064181194,1.4972346e-22,4.1690302,-1.30793,0.001
194,-0.11782005,3.0867938e-20,-4.6515644e-19,0.76344734,4.2403522,-1.3078178,0.050000001,1.2644765,0.095288143,-4.1376676e-22,4.2403498,-1.30782,0.001
194,-0.11991207,-1.649313e-20,2.2923194e-19,0.68660337,4.3116746,-1.307708,0.050000001,1.2717742,0.12577678,2.0738865e-22,4.3116698,-1.3077101,0.001
194,-0.12054013,1.5740942e-20,-5.6154042e-22,0.60677081,4.3829975,-1.307598,0.050000001,1.2755117,0.15508674,2.5318914e-23,4.3829999,-1.3076,0.001
194,-0.11979386,5.3973044e-20,-3.5036473e-19,0.52629554,4.4543276,-1.307492,0.050000001,1.2756891,0.18271554,-3.0900664e-22,4.45433,-1.30749,0.001
194,-0.1177994,4.1897816e-20,-2.336617e-19,0.44759732,4.52566,-1.3073883,0.050000001,1.2724245,0.20824535,-2.334119e-22,4.52566,-1.30739,0.001
194,-0.11471225,2.3838106e-20,-1.1886735e-19,0.37299061,4.596992,-1.3072817,0.050000001,1.2659445,0.23136158,-1.0896238e-22,4.5969901,-1.3072799,0.001
194,-0.11070148,-2.5122777e-20,1.1365481e-19,0.30446717,4.6683278,-1.3071817,0.050000001,1.2565695,0.2518605,7.8975383e-23,4.6683302,-1.30718,0.001
194,-0.10594446,-7.5601684e-20,3.4588798e-19,0.24342446,4.7396617,-1.3070883,0.050000001,1.2446949,0.26965126,2.5084542e-22,4.7396598,-1.30709,0.001
194,-0.10061681,2.5464505e-21,5.3641281e-21,0.19067368,4.8109999,-1.3069896,0.050000001,1.2307549,0.28475103,2.6701146e-23,4.8109999,-1.30699,0.001
194,-0.094882213,2.5666424e-20,-1.1332486e-19,0.14644627,4.8823423,-1.3068978,0.050000001,1.2151999,0.29725793,-7.8732301e-23,4.88234,-1.3069,0.001
194,-0.088888839,-1.9370845e-21,5.8077742e-22,0.11042692,4.9536877,-1.3068082,0.050000001,1.1984699,0.30733848,4.8942011e-24,4.9536901,-1.30681,0.001
194,-0.0827659,2.594477e-20,-1.1143875e-19,0.081840642,5.025032,-1.306718,0.050000001,1.1809602,0.31520149,-6.0761084e-23,5.0250301,-1.30672,0.001
194,-0.076621331,-3.6372786e-20,1.0527486e-19,0.059700411,5.0963774,-1.3066278,0.050000001,1.1630126,0.32107842,7.6157345e-23,5.0963802,-1.30663,0.001
194,-0.070542865,-3.7699403e-20,1.057394e-19,0.042964797,5.1677256,-1.3065395,0.050000001,1.144915,0.32520366,7.7152263e-23,5.1677299,-1.30654,0.001
194,-0.064599015,-3.2204742e-20,1.0218988e-19,0.030597631,5.2390776,-1.3064578,0.050000001,1.1268926,0.32780272,5.2470941e-23,5.23908,-1.30646,0.001
194,-0.058842011,-2.9108124e-20,1.0229622e-19,0.021632859,5.31043,-1.306378,0.050000001,1.10912,0.3290877,4.1599905e-23,5.31043,-1.30638,0.001
194,-0.053309649,3.373429e-20,-1.0290538e-19,0.015210308,5.3817797,-1.3063005,0.050000001,1.0917152,0.32924819,-6.1323478e-23,5.3817801,-1.3063,0.001
194,-0.048027355,1.9876978e-21,-4.8926768e-21,0.010697791,5.4531355,-1.3062178,0.050000001,1.0747476,0.32845077,-1.7609195e-23,5.4531398,-1.3062201,0.001
194,-0.04301098,3.7085488e-21,3.7408158e-22,0.0075540347,5.5244923,-1.3061397,0.050000001,1.0582676,0.32683864,-1.2478707e-23,5.5244899,-1.3061399,0.001
194,-0.038268205,3.6500757e-20,-9.6607277e-20,0.0053970679,5.59585,-1.306066,0.050000001,1.0422951,0.32453409,-5.4006339e-23,5.59585,-1.30607,0.001
194,-0.033801351,3.3731265e-20,-9.3534695e-20,0.0039167036,5.6672101,-1.3059893,0.050000001,1.026825,0.32164097,-3.7799756e-23,5.6672101,-1.30599,0.001
194,-0.029607387,8.9917473e-20,-2.8086628e-19,0.0028993858,5.7385702,-1.30592,0.050000001,1.0118426,0.31824258,-7.616139e-23,5.7385702,-1.30592,0.001
194,-0.025680501,3.0853701e-20,-9.5448074e-20,0.0022343632,5.8099294,-1.3058482,0.050000001,0.99732071,0.31441021,-2.9330808e-23,5.8099298,-1.30585,0.001
194,-0.022011952,4.9629605e-22,-2.8871554e-22,0.0017749481,5.8812962,-1.305778,0.050000001,0.98322612,0.31019965,-3.9392527e-26,5.8813,-1.3057801,0.001
194,-0.018591948,1.4952172e-21,-1.4404104e-21,0.001459726,5.952662,-1.3057097,0.050000001,0.96952182,0.30565512,-5.4429237e-24,5.9526601,-1.30571,0.001
194,-0.015409001,2.2820364e-21,2.3256401e-21,0.0012554785,6.0240278,-1.3056415,0.050000001,0.95616746,0.30081022,-3.1443832e-24,6.0240302,-1.30564,0.001
194,-0.012451262,2.9106883e-20,-8.7655981e-20,0.0011158496,6.0953918,-1.305578,0.050000001,0.94312346,0.29568925,-1.4468083e-23,6.0953898,-1.30558,0.001
194,-0.0097068753,7.0418079e-23,-1.536177e-22,0.0010225173,6.1667619,-1.3055117,0.050000001,0.93034834,0.29030871,-7.0115652e-27,6.16676,-1.30551,0.001
194,-0.007163804,2.4942321e-20,-8.5101589e-20,0.00097658683,6.238132,-1.3054495,0.050000001,0.91780311,0.2846764,-2.4152188e-24,6.2381301,-1.30545,0.001
194,-0.004810649,5.1672839e-20,-1.6788393e-19,0.0009611015,6.3095016,-1.30539,0.050000001,0.90544939,0.27879509,-8.2262242e-24,6.3095002,-1.30539,0.001
194,-0.002636493,2.9347606e-20,-8.1515308e-20,0.00096378743,6.3808756,-1.30533,0.050000001,0.89325064,0.27266043,-1.1079603e-23,6.3808799,-1.30533,0.001
194,-0.00063132343,5.1646337e-20,-1.6022221e-19,0.00098565104,6.4522476,-1.3052697,0.050000001,0.88117355,0.26626229,-5.4089688e-24,6.45225,-1.30527,0.001
194,0.0012144647,2.715834e-20,-7.8715748e-20,0.0010360378,6.5236216,-1.3052115,0.050000001,0.86918658,0.25958401,-5.7377001e-24,6.5236201,-1.30521,0.001
194,0.0029094599,-6.7917571e-20,2.4149626e-19,0.0011151859,6.5949979,-1.3051583,0.050000001,0.85726106,0.25260511,-1.2385719e-23,6.5949998,-1.30516,0.001
194,0.0044607823,-2.3416519e-20,8.1914753e-20,0.0012612322,6.6663756,-1.3051022,0.050000001,0.84537238,0.24530196,-3.2839098e-24,6.6663799,-1.3051,0.001
194,0.0058748657,-2.6720653e-23,-1.0507627e-22,0.0016273317,6.737752,-1.305048,0.050000001,0.83349794,0.23764847,-1.1087762e-28,6.7377501,-1.30505,0.001
194,0.0071567111,-2.7757671e-21,1.298533e-21,0.002572461,6.8091326,-1.3049915,0.050000001,0.8216092,0.22962816,4.9517513e-24,6.8091302,-1.3049901,0.001
194,0.0083098831,2.0376045e-20,-7.3454065e-20,0.004718625,6.8805146,-1.3049395,0.050000001,0.80966955,0.22124535,6.281133e-24,6.8805099,-1.30494,0.001
194,0.0093355477,1.7919957e-20,-7.0238407e-20,0.0088763759,6.9518919,-1.3048896,0.050000001,0.79762059,0.2125411,8.7270286e-24,6.95189,-1.30489,0.001
194,0.010232514,-3.1503347e-21,1.3250237e-21,0.015735462,7.023272,-1.3048397,0.050000001,0.78537863,0.20359433,4.5880182e-24,7.0232701,-1.30484,0.001
194,0.01099632,-1.1550698e-20,4.1008907e-20,0.025252152,7.0946555,-1.3047903,0.050000001,0.77284479,0.19450384,-4.0290668e-24,7.0946598,-1.30479,0.001
194,0.011620122,-9.7940858e-21,3.8500049e-20,0.0360623,7.1660399,-1.304742,0.050000001,0.75994408,0.18533358,-5.2871529e-24,7.1660399,-1.30474,0.001
194,0.012095749,-2.5788138e-20,1.0752925e-19,0.045122538,7.2374244,-1.3046982,0.050000001,0.74667859,0.17603666,-1.6367805e-23,7.2374201,-1.3047,0.001
194,0.012415471,-2.2078507e-20,1.0225473e-19,0.048017379,7.3088078,-1.3046499,0.050000001,0.73319131,0.16638598,-1.7399528e-23,7.3088102,-1.3046499,0.001
194,0.012576922,-1.2734181e-20,6.626215e-20,0.039995033,7.3801961,-1.3046012,0.050000001,0.71981889,0.15593664,-1.2673118e-23,7.3801999,-1.3046,0.001
194,0.012585654,2.3635644e-21,-2.4618559e-21,0.017439859,7.451582,-1.3045573,0.050000001,0.7070865,0.14406349,2.8200279e-25,7.45158,-1.3045599,0.001
194,0.012457034,1.3622804e-20,-6.4912307e-20,-0.020725038,7.5229697,-1.3045158,0.050000001,0.69564337,0.13007088,8.2455528e-24,7.5229702,-1.30452,0.001
194,0.012216896,1.2827251e-20,-6.3978873e-20,-0.07238277,7.5943599,-1.3044717,0.050000001,0.68616354,0.1133474,8.3988585e-24,7.5943599,-1.3044699,0.001
194,0.011898558,5.4613671e-21,-6.4551624e-20,-0.13261051,7.6657476,-1.30443,0.050000001,0.67922562,0.093512446,1.648981e-23,7.66575,-1.30443,0.001
194,0.011536367,4.0664954e-21,-6.271465e-20,-0.19491367,7.7371378,-1.3043905,0.050000001,0.6752134,0.070511892,1.1762484e-23,7.7371402,-1.30439,0.001
194,0.011160555,-7.9980998e-21,1.2660114e-19,-0.25278878,7.8085299,-1.3043505,0.050000001,0.67427367,0.044630423,-2.3565563e-23,7.8085299,-1.30435,0.001
194,0.010791709,-3.0990893e-21,1.262304e-19,-0.30109987,7.87992,-1.3043102,0.050000001,0.67632312,0.016432773,-2.2937688e-23,7.87992,-1.30431,0.001
194,0.010438038,1.6430029e-21,-6.3379852e-20,-0.33675066,7.9513097,-1.3042698,0.050000001,0.68110108,-0.013342217,1.1472873e-23,7.9513102,-1.30427,0.001
194,0.010204303,-1.4872729e-22,-6.3387161e-20,-0.35173762,8.000001,-1.3042425,0.050000001,0.68596888,-0.034180209,1.1254656e-23,8,-1.3042427,0.001
194,-0.25331721,-5.1596202e-20,2.1760832e-19,0.30347684,0.99999791,-1.2367307,0.050000001,1.1905333,0.10027587,5.0201094e-22,1,-1.2367278,0.001
194,-0.24796972,-8.7496522e-20,8.616545e-19,0.30365369,1.0341164,-1.2365621,0.050000001,1.1836733,0.10561046,1.7319859e-21,1.03412,-1.23656,0.001
194,-0.23536816,2.80336e-20,4.7735107e-21,0.30291936,1.1052804,-1.2362368,0.050000001,1.1680763,0.11536647,6.0623525e-23,1.10528,-1.23624,0.001
194,-0.22142395,-6.4676942e-20,4.0760472e-19,0.30145025,1.1764551,-1.2359287,0.050000001,1.1513032,0.12353206,6.246501e-22,1.17646,-1.23593,0.001
194,-0.20628077,-6.7289624e-20,4.3355444e-19,0.29981601,1.2476311,-1.2356412,0.050000001,1.1335161,0.12990779,7.1406674e-22,1.24763,-1.23564,0.001
194,-0.19011018,8.6682906e-20,-8.3963521e-19,0.29847896,1.3188149,-1.235368,0.050000001,1.1148937,0.13433555,-1.234514e-21,1.31882,-1.23537,0.001
194,-0.17311049,6.6273258e-21,-1.7370996e-20,0.29783276,1.3900076,-1.2350975,0.050000001,1.0956385,0.13669606,-5.0169174e-23,1.39001,-1.2351,0.001
194,-0.15549433,-2.8821945e-20,4.0870082e-19,0.2984018,1.461202,-1.2348378,0.050000001,1.0759813,0.1369071,5.1512597e-22,1.4612,-1.23484,0.001
194,-0.13748135,-2.0537615e-20,1.9646712e-19,0.30064958,1.5323979,-1.234588,0.050000001,1.0561411,0.13493311,2.0666425e-22,1.5324,-1.2345901,0.001
194,-0.1192931,2.6479105e-20,-1.761401e-19,0.30503502,1.6035955,-1.2343422,0.050000001,1.0363358,0.1307814,-2.1735476e-22,1.6036,-1.23434,0.001
194,-0.10114615,9.2149213e-20,-5.4495858e-19,0.31202704,1.6747975,-1.2341006,0.050000001,1.0167841,0.12449655,-6.3974549e-22,1.6748,-1.2341,0.001
194,-0.083247475,4.7420235e-20,-1.6328408e-19,0.32212669,1.7460053,-1.2338625,0.050000001,0.99767309,0.11616147,-2.5574706e-22,1.7460099,-1.23386,0.001
194,-0.065792508,1.1101906e-20,1.4649262e-20,0.33590665,1.8172177,-1.2336305,0.050000001,0.97917515,0.1058922,-3.5474832e-23,1.81722,-1.2336299,0.001
194,-0.04896317,6.7627004e-20,-6.942834e-19,0.35399735,1.8884342,-1.2334005,0.050000001,0.96143568,0.093837403,-2.4448713e-22,1.88843,-1.2334,0.001
194,-0.032925151,6.1267568e-20,-7.0836031e-19,0.37707913,1.9596546,-1.2331719,0.050000001,0.9445641,0.080172352,-2.2951425e-22,1.95965,-1.23317,0.001
194,-0.017829772,9.9173333e-21,-1.6811637e-19,0.40590462,2.0308759,-1.2329522,0.050000001,0.92864627,0.065096751,-5.4297631e-24,2.03088,-1.23295,0.001
194,-0.0038160253,2.8442634e-20,-3.2149631e-19,0.44123563,2.1020977,-1.2327361,0.050000001,0.91373128,0.048836809,-2.5409727e-23,2.1020999,-1.23274,0.001
194,0.0089936815,1.0414657e-20,-1.6446356e-19,0.48375744,2.1733255,-1.2325193,0.050000001,0.89983284,0.031635325,-2.8935909e-24,2.1733301,-1.23252,0.001
194,0.020492744,5.5746834e-22,1.7483178e-19,0.53391886,2.2445598,-1.232312,0.050000001,0.88693595,0.013748561,-3.220791e-23,2.24456,-1.2323101,0.001
194,0.030582942,-5.6196083e-22,3.1995969e-19,0.59180981,2.3158,-1.2321105,0.050000001,0.8749916,-0.0045361547,-1.0221052e-22,2.3158,-1.23211,0.001
194,0.039204508,-1.2546471e-20,-1.6988506e-19,0.65679622,2.3870399,-1.2319108,0.050000001,0.86399448,-0.022967838,7.2989014e-23,2.3870399,-1.23191,0.001
194,0.046300627,-3.8367052e-21,-1.7347924e-19,0.72722471,2.458282,-1.23171,0.050000001,0.8540023,-0.041353729,4.8283011e-23,2.4582801,-1.23171,0.001
194,0.051789891,8.4714192e-21,1.4128949e-19,0.8005451,2.5295277,-1.2315178,0.050000001,0.84510148,-0.059494611,-9.4972914e-23,2.52953,-1.2315201,0.001
194,0.055634245,-2.0023952e-21,6.5614579e-21,0.87367189,2.6007793,-1.23133,0.050000001,0.83745241,-0.077213228,8.5830733e-24,2.60078,-1.23133,0.001
194,0.057824526,1.5491674e-20,1.7066649e-19,0.94334674,2.67204,-1.2311463,0.050000001,0.8313207,-0.094385065,-8.2429578e-23,2.67204,-1.23115,0.001
194,0.058363501,1.836665e-20,1.6309034e-19,1.0067813,2.7433002,-1.2309639,0.050000001,0.82705444,-0.11090732,-9.1239848e-23,2.7433,-1.23096,0.001
194,0.057265244,1.3049655e-21,-9.9610312e-23,1.0620997,2.8145621,-1.2307885,0.050000001,0.82506049,-0.12666513,0,2.8145599,-1.23079,0.001
194,0.0545591,2.7974053e-20,1.7282913e-19,1.1085632,2.8858259,-1.2306118,0.050000001,0.82571995,-0.14150128,-7.6566177e-23,2.8858299,-1.23061,0.001
194,0.050289374,5.6074554e-20,3.5610542e-19,1.1464872,2.9570894,-1.230442,0.050000001,0.82939535,-0.15519622,-1.3575989e-22,2.9570899,-1.23044,0.001
194,0.044511724,-3.7248779e-21,3.7799566e-20,1.176981,3.0283659,-1.2302763,0.050000001,0.83634722,-0.16746275,2.0895971e-23,3.0283699,-1.23028,0.001
194,0.037299953,-3.3331614e-20,-1.4536404e-19,1.201582,3.0996447,-1.2301099,0.050000001,0.84670722,-0.17794944,7.9966559e-23,3.0996399,-1.23011,0.001
194,0.028746812,-3.2193424e-20,-1.7945873e-19,1.2217562,3.170922,-1.229952,0.050000001,0.86051238,-0.18625785,3.2616347e-23,3.1709199,-1.22995,0.001
194,0.018962486,6.2305086e-21,-2.203645e-20,1.2387704,3.2422018,-1.2297986,0.050000001,0.87766033,-0.19197156,1.616854e-23,3.2421999,-1.2298,0.001
194,0.0080810497,2.7655899e-21,-1.245778e-20,1.2534463,3.3134875,-1.229642,0.050000001,0.89791441,-0.19468762,-1.2701402e-23,3.3134899,-1.22964,0.001
194,-0.0037338871,8.305009e-20,3.1137136e-19,1.2660282,3.3847778,-1.2294917,0.050000001,0.9209711,-0.19403584,4.7957858e-23,3.3847799,-1.22949,0.001
194,-0.016294554,1.7718374e-19,8.7495712e-19,1.2763832,3.4560699,-1.2293481,0.050000001,0.94642001,-0.18971653,1.5509311e-22,3.4560699,-1.22935,0.001
194,-0.02938325,-2.0903326e-20,5.9332328e-20,1.2839299,3.5273621,-1.2292037,0.050000001,0.97377396,-0.18152143,2.130181e-23,3.52736,-1.2292,0.001
194,-0.042755421,-1.6987464e-19,-9.0109975e-19,1.2877347,3.5986605,-1.2290637,0.050000001,1.002517,-0.16933948,-3.3699547e-22,3.59866,-1.2290601,0.001
194,-0.056146324,-2.9519998e-20,5.4505742e-20,1.2867516,3.6699576,-1.2289281,0.050000001,1.0320841,-0.15318117,6.3236447e-23,3.66996,-1.22893,0.001
194,-0.069275737,2.9420591e-20,4.3963398e-19,1.2798808,3.7412596,-1.2287894,0.050000001,1.0618932,-0.13317566,2.1036513e-22,3.7412601,-1.22879,0.001
194,-0.081859246,-4.2790118e-20,-1.640861e-19,1.2659267,3.8125679,-1.2286552,0.050000001,1.0913668,-0.10956319,-9.1379697e-23,3.8125701,-1.22866,0.001
194,-0.09361881,-4.7572576e-20,-1.5987587e-19,1.2438238,3.8838778,-1.2285292,0.050000001,1.1199307,-0.082697019,-1.6694672e-22,3.8838799,-1.22853,0.001
194,-0.10429409,-2.2661534e-20,-4.3288838e-19,1.2126162,3.9551899,-1.2284081,0.050000001,1.1470393,-0.053021684,-2.9198683e-22,3.9551899,-1.22841,0.001
194,-0.11365683,1.232104e-20,-4.7039032e-19,1.1715484,4.0264997,-1.2282813,0.050000001,1.1721678,-0.021071576,-3.2471671e-22,4.0265002,-1.2282799,0.001
194,-0.12151697,-2.0342481e-20,2.3874798e-19,1.1200049,4.0978155,-1.2281612,0.050000001,1.1948432,0.012552093,1.8325068e-22,4.0978198,-1.22816,0.001
194,-0.12773444,1.1345991e-20,-2.190302e-21,1.0579385,4.169138,-1.2280458,0.050000001,1.2146119,0.047189631,-1.6082884e-23,4.1691399,-1.22805,0.001
194,-0.1322237,3.6052334e-20,-4.655876e-19,0.9859001,4.2404604,-1.2279295,0.050000001,1.2310787,0.082151815,-4.1312827e-22,4.2404599,-1.2279299,0.001
194,-0.13495764,-1.8114221e-20,2.2777804e-19,0.90496343,4.31178,-1.22782,0.050000001,1.2439339,0.11674199,2.0772354e-22,4.31178,-1.22782,0.001
194,-0.13597143,-4.1521681e-20,3.6053101e-19,0.81690049,4.3830996,-1.22771,0.050000001,1.2529514,0.15027824,2.8541243e-22,4.3831,-1.22771,0.001
194,-0.13535298,2.0828322e-20,-1.037113e-19,0.72406018,4.4544277,-1.2276,0.050000001,1.2580091,0.18212718,-1.7606501e-22,4.4544301,-1.2276,0.001
194,-0.13323945,-3.9721552e-21,4.5056435e-21,0.62934667,4.5257597,-1.2274917,0.050000001,1.2591115,0.21173039,-5.6443957e-23,4.5257602,-1.2274899,0.001
194,-0.12980634,-4.1606425e-20,2.3709801e-19,0.5358125,4.5970922,-1.2273875,0.050000001,1.2563968,0.23863889,1.8423464e-22,4.5970898,-1.2273901,0.001
194,-0.12525623,2.4091928e-20,-1.1270705e-19,0.44649148,4.6684279,-1.227288,0.050000001,1.2501245,0.26253426,-1.1852323e-22,4.6684299,-1.22729,0.001
194,-0.11980487,2.1495422e-20,-1.1680279e-19,0.36403954,4.7397623,-1.2271903,0.050000001,1.2406721,0.28324035,-1.1866154e-22,4.7397599,-1.22719,0.001
194,-0.11366928,-2.9735224e-20,1.1160432e-19,0.29040518,4.8110981,-1.2270916,0.050000001,1.228497,0.30072311,6.6107225e-23,4.8111,-1.22709,0.001
194,-0.10705523,6.19369e-22,-9.0133404e-23,0.22674939,4.8824377,-1.227,0.050000001,1.2141073,0.31506947,-1.6859895e-23,4.8824401,-1.227,0.001
194,-0.10014954,2.3755997e-20,-1.1422107e-19,0.17345673,4.9537821,-1.226908,0.050000001,1.1980225,0.3264696,-8.0272252e-23,4.9537802,-1.22691,0.001
194,-0.093114577,2.6283268e-20,-1.1086675e-19,0.13014771,5.0251284,-1.2268182,0.050000001,1.1807398,0.33518177,-6.2085493e-23,5.0251298,-1.22682,0.001
194,-0.086085521,2.6988115e-20,-1.1113243e-19,0.095907345,5.0964723,-1.226728,0.050000001,1.1627051,0.34150302,-7.1416613e-23,5.0964699,-1.22673,0.001
194,-0.079169132,2.7080649e-20,-1.0916001e-19,0.069552839,5.16782,-1.2266375,0.050000001,1.1442925,0.34574249,-5.9870018e-23,5.16782,-1.22664,0.001
194,-0.072447851,-3.4919559e-20,9.9134882e-20,0.049741998,5.2391701,-1.2265515,0.050000001,1.12581,0.34819955,5.3611568e-23,5.2391701,-1.22655,0.001
194,-0.065981068,-3.0835561e-20,1.0512859e-19,0.035183031,5.3105202,-1.2264698,0.050000001,1.1074975,0.34915313,5.2285294e-23,5.3105202,-1.22647,0.001
194,-0.059810027,6.9353388e-20,-2.0172993e-19,0.02469456,5.3818703,-1.22639,0.050000001,1.0895225,0.34885308,-1.1589209e-22,5.3818698,-1.22639,0.001
194,-0.053960733,3.6963005e-20,-1.0048921e-19,0.017239209,5.4532223,-1.22631,0.050000001,1.0719901,0.34751534,-6.199437e-23,5.4532199,-1.22631,0.001
194,-0.048446693,3.4677928e-20,-9.830776e-20,0.012024112,5.5245776,-1.2262321,0.050000001,1.054975,0.34532121,-4.7540775e-23,5.52458,-1.22623,0.001
194,-0.043272045,9.5315473e-20,-2.8893776e-19,0.0084231356,5.595932,-1.2261558,0.050000001,1.0385052,0.34242243,-1.0588427e-22,5.5959301,-1.22616,0.001
194,-0.038434416,9.6585964e-20,-2.8535213e-19,0.0059675355,5.6672897,-1.2260795,0.050000001,1.0225825,0.33894545,-1.0187728e-22,5.6672902,-1.2260799,0.001
194,-0.033926059,3.6605356e-20,-9.3507043e-20,0.0042998758,5.7386498,-1.2260083,0.050000001,1.0071958,0.33498967,-4.1033017e-23,5.7386498,-1.22601,0.001
194,-0.029735994,-2.5967269e-20,9.2366916e-20,0.0031665515,5.8100095,-1.2259315,0.050000001,0.99230862,0.33063683,1.2678951e-23,5.81001,-1.22593,0.001
194,-0.025850395,-5.777328e-20,1.8249633e-19,0.0024153374,5.8813758,-1.2258614,0.050000001,0.97788507,0.32594746,3.6652895e-23,5.8813801,-1.22586,0.001
194,-0.022255002,-2.854453e-20,9.0843308e-20,0.0019101552,5.9527397,-1.2257982,0.050000001,0.96388316,0.32097119,1.6852077e-23,5.9527402,-1.2258,0.001
194,-0.018934418,1.4482334e-22,1.3896921e-23,0.0015684492,6.0241055,-1.225728,0.050000001,0.95025319,0.31574491,-2.0249828e-26,6.0241098,-1.2257299,0.001
194,-0.015872704,1.5548438e-22,2.7348908e-23,0.001345977,6.09547,-1.2256597,0.050000001,0.93694931,0.31029209,9.5608647e-27,6.09547,-1.22566,0.001
194,-0.013054211,-2.6704623e-20,8.576321e-20,0.0012032603,6.1668377,-1.2255958,0.050000001,0.92392278,0.30462787,7.0042408e-24,6.1668401,-1.2256,0.001
194,-0.010464369,-2.666176e-20,8.5833734e-20,0.0011194296,6.2382078,-1.2255294,0.050000001,0.91112667,0.29876059,6.9969895e-24,6.2382102,-1.22553,0.001
194,-0.0080886837,2.828388e-20,-8.2074373e-20,0.0010795868,6.3095779,-1.2254697,0.050000001,0.89851719,0.29268852,-8.7517657e-24,6.3095798,-1.2254699,0.001
194,-0.0059140767,3.2505649e-21,1.3900847e-22,0.0010758577,6.38095,-1.2254097,0.050000001,0.886051,0.28640577,-7.4208327e-24,6.38095,-1.22541,0.001
194,-0.0039283531,-2.4968033e-20,8.2240048e-20,0.001097225,6.4523196,-1.2253503,0.050000001,0.87368762,0.27989951,1.331496e-24,6.4523201,-1.22535,0.001
194,-0.0021203731,2.4071631e-20,-7.913666e-20,0.0011386711,6.5236955,-1.2252898,0.050000001,0.86138994,0.27315,1.0836696e-24,6.5237002,-1.2252899,0.001
194,-0.00048020988,7.6842922e-23,7.4985268e-23,0.0012342543,6.5950718,-1.2252315,0.050000001,0.84912431,0.26613325,-1.4978183e-27,6.5950699,-1.22523,0.001
194,0.0010009133,-6.5530398e-23,3.0213038e-21,0.0014736002,6.6664481,-1.225178,0.050000001,0.83685923,0.25882185,-6.4480169e-25,6.66645,-1.22518,0.001
194,0.0023297179,4.8693389e-20,-1.4912549e-19,0.0021261938,6.7378221,-1.225122,0.050000001,0.82456309,0.25119466,-2.5831885e-24,6.7378201,-1.2251199,0.001
194,0.0035122235,2.4078911e-20,-7.2082948e-20,0.0037397887,6.8091998,-1.2250677,0.050000001,0.81219482,0.24324369,-2.1963868e-24,6.8091998,-1.22507,0.001
194,0.0045516114,1.8810035e-20,-7.120794e-20,0.0070910626,6.8805823,-1.2250162,0.050000001,0.79969651,0.23499604,7.8100038e-24,6.8805799,-1.2250201,0.001
194,0.0054483977,-2.9888958e-21,1.4842794e-21,0.012980064,6.9519596,-1.224962,0.050000001,0.78698504,0.22652058,4.8343376e-24,6.9519601,-1.22496,0.001
194,0.0062006107,-2.1953821e-20,7.6132928e-20,0.021665774,7.0233397,-1.2249098,0.050000001,0.77395862,0.21791252,-5.3132788e-24,7.0233402,-1.22491,0.001
194,0.0068022972,1.7750533e-20,-6.6310507e-20,0.032136478,7.0947247,-1.2248597,0.050000001,0.7605207,0.20925257,5.1885748e-24,7.0947199,-1.22486,0.001
194,0.0072455001,-2.0124005e-20,7.0148535e-20,0.041645169,7.1661081,-1.2248098,0.050000001,0.74663967,0.20052418,-3.8654176e-24,7.16611,-1.22481,0.001
194,0.0075226943,-3.714934e-20,1.3856303e-19,0.045793887,7.2374902,-1.2247617,0.050000001,0.73241848,0.1915274,-1.2191718e-23,7.2374902,-1.2247601,0.001
194,0.0076304795,-1.5069958e-20,6.6050275e-20,0.039440814,7.3088722,-1.2247181,0.050000001,0.71814722,0.18182299,-8.6325641e-24,7.3088698,-1.22472,0.001
194,0.0075731962,-6.8805828e-21,3.3037632e-20,0.018262208,7.3802576,-1.2246697,0.050000001,0.70432341,0.17075063,-5.3093613e-24,7.38026,-1.2246701,0.001
194,0.0073675681,-1.056766e-20,6.2099428e-20,-0.019639723,7.4516439,-1.2246258,0.050000001,0.691607,0.15752725,-8.0633394e-24,7.4516401,-1.22463,0.001
194,0.0070421249,1.8405391e-20,-9.4316471e-20,-0.072758019,7.5230322,-1.2245817,0.050000001,0.68070954,0.14141367,8.6354245e-24,7.5230298,-1.22458,0.001
194,0.006636051,3.5568569e-20,-1.8745e-19,-0.13631867,7.59442,-1.2245381,0.050000001,0.67227596,0.12189025,1.456354e-23,7.59442,-1.22454,0.001
194,0.0061922418,-4.2558834e-21,1.8771059e-21,-0.20351726,7.6658077,-1.2244915,0.050000001,0.66676843,0.098785073,-5.8286234e-24,7.6658101,-1.22449,0.001
194,0.0057511269,-1.3341185e-20,1.226037e-19,-0.26719147,7.7371974,-1.2244493,0.050000001,0.66440529,0.072310738,-4.6138471e-24,7.7371998,-1.22445,0.001
194,0.005342633,-7.4750131e-21,1.2292925e-19,-0.32142863,7.8085876,-1.2244096,0.050000001,0.66515881,0.043016065,-3.9179672e-24,7.8085899,-1.2244101,0.001
194,0.0049828179,6.3599676e-21,1.0017449e-21,-0.36248603,7.8799753,-1.2243702,0.050000001,0.66880566,0.0116748,5.3499339e-25,7.8799801,-1.22437,0.001
194,0.0046726381,7.6330535e-22,-6.171413e-20,-0.38893226,7.9513679,-1.2243302,0.050000001,0.67499346,-0.02084088,1.6321126e-24,7.9513698,-1.2243299,0.001
194,0.0044867834,-1.3935389e-21,-6.215936e-20,-0.39729917,7.9999986,-1.2243026,0.050000001,0.68065983,-0.043204676,1.4698497e-24,8,-1.2243028,0.001
194,-0.27427137,9.2319412e-20,-1.0736136e-18,0.56915164,0.99999946,-1.1570672,0.050000001,1.1713122,0.11699912,-2.4169563e-21,1,-1.1570636,0.001
194,-0.26846275,-3.387483e-20,-6.2377619e-20,0.56501842,1.0343703,-1.1568803,0.050000001,1.1637731,0.12314281,-2.7746651e-22,1.0343699,-1.15688,0.001
194,-0.25474381,-1.9703168e-19,1.7203617e-18,0.55476373,1.1055223,-1.1565226,0.050000001,1.1467079,0.13438618,3.4661634e-21,1.10552,-1.15652,0.001
194,-0.23945251,1.0728606e-19,-7.9135971e-19,0.54356527,1.1766874,-1.1561928,0.050000001,1.1282873,0.14388542,-1.6549594e-21,1.17669,-1.15619,0.001
194,-0.22276425,1.6794919e-19,-1.2260586e-18,0.53229171,1.2478509,-1.1558896,0.050000001,1.1086535,0.15140271,-2.3866982e-21,1.2478499,-1.15589,0.001
194,-0.20488895,8.1951413e-20,-3.8323733e-19,0.52173477,1.3190247,-1.1555996,0.050000001,1.0879807,0.15674822,-8.7470644e-22,1.31903,-1.1556,0.001
194,-0.18606541,-4.2169881e-20,4.1727054e-19,0.51260889,1.3902098,-1.1553198,0.050000001,1.0664834,0.15977904,4.4973649e-22,1.39021,-1.15532,0.001
194,-0.16655037,-1.3555623e-19,9.9167106e-19,0.50572234,1.4613976,-1.1550518,0.050000001,1.0443881,0.16040482,1.2954587e-21,1.4614,-1.15505,0.001
194,-0.14660774,2.325068e-20,6.5184521e-20,0.5017308,1.5325854,-1.1547921,0.050000001,1.0219259,0.15858833,-1.2462876e-23,1.53259,-1.15479,0.001
194,-0.12649897,1.2838146e-19,-4.9970203e-19,0.50125962,1.6037773,-1.1545383,0.050000001,0.99932534,0.15434657,-8.0541335e-22,1.60378,-1.1545399,0.001
194,-0.10647727,2.9153076e-20,2.9801266e-20,0.50501597,1.6749774,-1.1542902,0.050000001,0.9767983,0.14774555,-4.2071631e-23,1.67498,-1.15429,0.001
194,-0.086782426,-3.6110974e-21,-1.9525768e-20,0.51364493,1.746182,-1.1540506,0.050000001,0.95453274,0.13889235,1.5098015e-23,1.7461801,-1.15405,0.001
194,-0.067635961,-7.3789753e-21,-2.0254081e-20,0.52788627,1.81739,-1.1538128,0.050000001,0.93268597,0.12793517,9.6470668e-24,1.81739,-1.15381,0.001
194,-0.049241062,-3.0216543e-20,3.5189243e-19,0.54851973,1.8886025,-1.153581,0.050000001,0.91138309,0.11505847,1.3199804e-22,1.8886,-1.15358,0.001
194,-0.031780586,-4.3403605e-20,5.2305866e-19,0.57635087,1.9598185,-1.1533506,0.050000001,0.89070261,0.10047857,1.6037643e-22,1.95982,-1.15335,0.001
194,-0.015418122,-2.8539605e-20,3.1625206e-19,0.61222047,2.0310342,-1.1531221,0.050000001,0.87069011,0.084437877,2.7264099e-23,2.0310299,-1.15312,0.001
194,-0.00029537716,-3.4508524e-20,4.7347436e-19,0.65674633,2.1022558,-1.1529,0.050000001,0.85135269,0.067198955,-1.2330973e-23,2.1022601,-1.1529,0.001
194,0.013464564,-1.8639229e-20,3.2442634e-19,0.71010619,2.17348,-1.1526858,0.050000001,0.83267123,0.049039397,-1.4498965e-23,2.17348,-1.1526901,0.001
194,0.025775412,-5.9396874e-22,1.6479503e-19,0.77175367,2.2447121,-1.1524761,0.050000001,0.81462973,0.030223601,-4.3860187e-23,2.24471,-1.15248,0.001
194,0.036458634,2.6357286e-21,3.2675656e-19,0.84010863,2.3159504,-1.1522681,0.050000001,0.79720414,0.011012637,-1.0344555e-22,2.3159499,-1.15227,0.001
194,0.045425527,7.5146709e-21,3.1998854e-19,0.91245657,2.3871858,-1.1520617,0.050000001,0.7804141,-0.0083655631,-1.3235756e-22,2.3871901,-1.15206,0.001
194,0.052797437,2.4908882e-21,3.9213686e-20,0.98499268,2.4584258,-1.1518618,0.050000001,0.76446402,-0.02778157,2.8220353e-23,2.4584301,-1.15186,0.001
194,0.058489084,-2.2050858e-21,-1.1985788e-19,1.0533055,2.52967,-1.1516678,0.050000001,0.74972177,-0.04720166,1.0228874e-22,2.52967,-1.15167,0.001
194,0.062374949,-7.2602906e-22,1.4103182e-21,1.1134323,2.6009176,-1.1514778,0.050000001,0.73662454,-0.066599257,0,2.60092,-1.15148,0.001
194,0.064496994,2.0406261e-20,1.5507075e-19,1.1626716,2.6721759,-1.1512922,0.050000001,0.72568429,-0.085938185,-9.8955078e-23,2.6721799,-1.1512901,0.001
194,0.064886227,1.9692673e-20,1.518108e-19,1.2000343,2.7434347,-1.1511083,0.050000001,0.71748191,-0.10517894,-9.8734759e-23,2.7434299,-1.1511101,0.001
194,0.063570008,-5.1919332e-20,-2.31756e-19,1.2262765,2.8146944,-1.1509283,0.050000001,0.71256101,-0.12420548,2.1770678e-22,2.8146901,-1.15093,0.001
194,0.060585979,-5.4626581e-20,-2.2908764e-19,1.2434916,2.885956,-1.1507498,0.050000001,0.71137571,-0.14279126,2.1016892e-22,2.8859601,-1.15075,0.001
194,0.055982463,-8.8228789e-21,3.5487383e-20,1.2545741,2.957217,-1.1505778,0.050000001,0.71425819,-0.16059387,-4.5164586e-24,2.9572201,-1.15058,0.001
194,0.049815044,6.3603869e-20,2.9331408e-19,1.2624923,3.0284896,-1.1504099,0.050000001,0.72137672,-0.17717415,-1.481397e-22,3.0284901,-1.1504101,0.001
194,0.04215043,7.404915e-20,2.4852685e-19,1.2698004,3.0997705,-1.1502463,0.050000001,0.73275399,-0.19202016,-1.455047e-22,3.0997701,-1.15025,0.001
194,0.033071246,5.1702153e-21,-1.0412877e-20,1.2783988,3.1710482,-1.150084,0.050000001,0.74828279,-0.2045795,6.4764826e-24,3.1710501,-1.15008,0.001
194,0.022672513,8.2278344e-20,2.943013e-19,1.2894,3.2423258,-1.1499286,0.050000001,0.76775098,-0.21429677,-3.726773e-23,3.2423301,-1.14993,0.001
194,0.011072684,8.6069629e-21,-3.3802923e-20,1.3030462,3.3136077,-1.1497723,0.050000001,0.79082119,-0.22065121,-1.5188393e-23,3.3136101,-1.14977,0.001
194,-0.0015810925,8.3294496e-20,3.233539e-19,1.3189629,3.3848979,-1.149618,0.050000001,0.81710899,-0.22317633,9.3705669e-23,3.3849001,-1.1496201,0.001
194,-0.015112107,7.149534e-20,3.4260653e-19,1.3361574,3.4561882,-1.1494697,0.050000001,0.84614027,-0.22149451,4.4450274e-23,3.4561901,-1.14947,0.001
194,-0.029308045,-1.1774194e-19,-4.8559881e-19,1.3532492,3.527478,-1.1493305,0.050000001,0.8773939,-0.2153343,-6.3181075e-23,3.5274799,-1.14933,0.001
194,-0.043922514,-7.0656566e-20,-3.457647e-19,1.3686786,3.5987718,-1.1491908,0.050000001,0.91030163,-0.20454951,-1.3594157e-22,3.5987699,-1.1491899,0.001
194,-0.058679741,-1.1734207e-20,2.7500899e-20,1.380706,3.6700675,-1.1490507,0.050000001,0.94427389,-0.18912554,4.7852291e-24,3.6700699,-1.14905,0.001
194,-0.073278859,-9.6820618e-21,2.6289131e-20,1.3877269,3.7413697,-1.1489094,0.050000001,0.97870207,-0.16918491,-3.8434367e-23,3.74137,-1.14891,0.001
194,-0.087405697,-4.3623321e-20,-1.4797272e-19,1.3881263,3.8126776,-1.1487752,0.050000001,1.0129896,-0.14497748,-1.7082378e-22,3.81268,-1.14878,0.001
194,-0.10074531,-5.5626533e-20,-5.8379843e-19,1.3805434,3.8839853,-1.148648,0.050000001,1.0465437,-0.11688088,-5.6873176e-22,3.88399,-1.1486501,0.001
194,-0.1129953,-2.1607977e-20,-2.0031892e-19,1.3637594,3.9552956,-1.1485198,0.050000001,1.0788065,-0.08537326,-1.4570895e-22,3.9553001,-1.14852,0.001
194,-0.12388294,2.1150474e-20,1.9358792e-19,1.3366833,4.026608,-1.1483955,0.050000001,1.1092546,-0.05101639,1.9513906e-22,4.0266099,-1.1483999,0.001
194,-0.13316602,-7.553609e-21,-2.1096273e-19,1.2983584,4.0979218,-1.1482757,0.050000001,1.1373968,-0.014449063,-1.9887945e-22,4.0979199,-1.14828,0.001
194,-0.14065789,9.8710916e-23,-1.3937318e-21,1.2478832,4.16924,-1.1481557,0.050000001,1.1627744,0.023627533,0,4.16924,-1.14816,0.001
194,-0.14623609,3.4781402e-21,5.8487362e-24,1.1849333,4.2405601,-1.1480397,0.050000001,1.1849563,0.062463477,0,4.2405601,-1.1480401,0.001
194,-0.14983594,-1.2944129e-21,1.9431809e-21,1.1098267,4.3118796,-1.1479282,0.050000001,1.2035593,0.10128476,0,4.3118801,-1.14793,0.001
194,-0.15146413,2.2800351e-20,-2.1923884e-19,1.0234936,4.3832021,-1.1478137,0.050000001,1.2182657,0.13931209,-2.7746202e-22,4.3832002,-1.14781,0.001
194,-0.15119153,-9.4346339e-21,1.2752588e-20,0.9276278,4.4545279,-1.1477083,0.050000001,1.2288443,0.17579156,-5.4167765e-23,4.4545298,-1.14771,0.001
194,-0.14915368,7.7610471e-21,1.3656248e-20,0.8249079,4.5258574,-1.1476003,0.050000001,1.2351542,0.21001796,-6.5132048e-23,4.5258598,-1.1476001,0.001
194,-0.14553568,-4.1532448e-21,6.7703917e-21,0.71866643,4.5971904,-1.1474918,0.050000001,1.2372015,0.24138726,-5.2690825e-23,4.5971899,-1.14749,0.001
194,-0.14056334,-2.1947333e-20,1.1510939e-19,0.6126402,4.6685224,-1.14739,0.050000001,1.2351317,0.26942769,1.2734425e-22,4.66852,-1.14739,0.001
194,-0.13448904,5.2235334e-20,-2.269021e-19,0.51063168,4.7398582,-1.14729,0.050000001,1.2292318,0.29382983,-2.2763108e-22,4.7398601,-1.14729,0.001
194,-0.12757458,2.6452129e-20,-1.1564748e-19,0.41597053,4.811192,-1.1471918,0.050000001,1.2199219,0.31445667,-1.2358937e-22,4.8111901,-1.14719,0.001
194,-0.12007204,3.3612366e-22,-6.229966e-22,0.3311893,4.8825297,-1.1470983,0.050000001,1.2077173,0.33134314,-2.2901945e-23,4.8825302,-1.1471,0.001
194,-0.11221565,9.7910274e-20,-3.2928419e-19,0.25788009,4.9538722,-1.1470038,0.050000001,1.1931847,0.3446694,-2.9425973e-22,4.9538698,-1.147,0.001
194,-0.10420969,6.3704184e-20,-2.2414377e-19,0.19656073,5.025218,-1.146912,0.050000001,1.1769022,0.35472423,-2.0236456e-22,5.0252199,-1.14691,0.001
194,-0.09622471,3.1244234e-20,-1.0701068e-19,0.14684705,5.0965624,-1.1468195,0.050000001,1.1594149,0.36186773,-6.8313392e-23,5.09656,-1.1468199,0.001
194,-0.088394627,9.7327615e-20,-3.2100349e-19,0.10769396,5.1679082,-1.1467315,0.050000001,1.1412022,0.3664895,-2.063992e-22,5.1679101,-1.1467299,0.001
194,-0.080821395,-5.2620335e-21,-3.9121556e-21,0.077683106,5.239254,-1.1466483,0.050000001,1.1226703,0.36897904,8.1581889e-24,5.2392502,-1.14665,0.001
194,-0.073576443,-9.2691798e-22,2.1782032e-21,0.055263862,5.3106041,-1.146562,0.050000001,1.1041402,0.36970294,6.4157517e-24,5.3105998,-1.14656,0.001
194,-0.066706121,4.1349347e-20,-1.0009685e-19,0.038870752,5.3819542,-1.14648,0.050000001,1.0858477,0.36898533,-7.5456382e-23,5.3819499,-1.14648,0.001
194,-0.06023778,4.3632473e-21,-3.5832968e-22,0.027076054,5.4533057,-1.1464022,0.050000001,1.0679524,0.36710963,-1.1214627e-23,5.45331,-1.1464,0.001
194,-0.054183599,-6.6820522e-20,1.9286269e-19,0.018784264,5.5246596,-1.1463248,0.050000001,1.0505626,0.36431143,8.533511e-23,5.5246601,-1.14632,0.001
194,-0.048543371,-6.3362365e-20,1.9482357e-19,0.013019417,5.5960178,-1.1462442,0.050000001,1.0337324,0.3607825,7.6728954e-23,5.5960202,-1.14624,0.001
194,-0.043309361,-2.704251e-20,9.5548137e-20,0.0090551348,5.6673722,-1.1461678,0.050000001,1.0174751,0.35667804,2.1398305e-23,5.6673698,-1.14617,0.001
194,-0.038468201,-2.7239348e-20,9.5775243e-20,0.0063855606,5.73873,-1.1460919,0.050000001,1.0017817,0.35212171,2.2563142e-23,5.73873,-1.14609,0.001
194,-0.034002554,3.6814155e-20,-8.8756079e-20,0.0045728483,5.8100896,-1.1460201,0.050000001,0.98662233,0.34720659,-3.7539041e-23,5.8100901,-1.1460201,0.001
194,-0.02989332,3.3333317e-20,-9.0588271e-20,0.0033608389,5.8814559,-1.1459503,0.050000001,0.97195488,0.34200469,-3.011474e-23,5.8814602,-1.14595,0.001
194,-0.026120709,1.2346947e-22,-3.1219788e-22,0.0025573142,5.9528198,-1.1458802,0.050000001,0.95773202,0.33657077,0,5.9528198,-1.14588,0.001
194,-0.02266418,-2.8623606e-20,8.7520659e-20,0.0020157311,6.0241823,-1.14581,0.050000001,0.94389957,0.33094382,1.4462952e-23,6.0241799,-1.14581,0.001
194,-0.019503403,-2.8744542e-20,8.7634325e-20,0.0016647012,6.0955477,-1.1457419,0.050000001,0.93040347,0.32514787,1.4448303e-23,6.0955501,-1.14574,0.001
194,-0.016618963,-2.9518622e-22,1.0096239e-22,0.001436983,6.1669116,-1.145676,0.050000001,0.91718924,0.31919742,0,6.1669102,-1.14568,0.001
194,-0.013992617,-7.3273465e-23,-4.0713408e-23,0.0012939899,6.2382798,-1.1456093,0.050000001,0.90420222,0.31309867,0,6.2382798,-1.14561,0.001
194,-0.011607123,-2.6832668e-20,8.2754108e-20,0.0012226795,6.3096495,-1.14555,0.050000001,0.89139259,0.30684781,5.8014164e-24,6.3096499,-1.14555,0.001
194,-0.0094468184,-2.5301177e-20,8.4599865e-20,0.0011968965,6.3810196,-1.145488,0.050000001,0.87870985,0.30043644,2.0802193e-24,6.3810201,-1.1454901,0.001
194,-0.0074971295,-2.4547126e-20,8.3318885e-20,0.0012098775,6.4523892,-1.1454258,0.050000001,0.86610723,0.29384792,1.8821316e-25,6.4523902,-1.14543,0.001
194,-0.0057452298,6.9359786e-22,4.9557323e-21,0.0012574471,6.5237656,-1.1453682,0.050000001,0.85354173,0.28705981,-2.2163495e-24,6.5237699,-1.14537,0.001
194,-0.0041799662,-2.5627571e-20,7.7290121e-20,0.0013908442,6.5951419,-1.1453103,0.050000001,0.84097368,0.28004527,2.9508772e-24,6.59514,-1.14531,0.001
194,-0.0027912727,-1.4295065e-21,2.5243072e-21,0.0018141165,6.6665182,-1.1452522,0.050000001,0.8283636,0.27277595,2.0907993e-24,6.6665201,-1.14525,0.001
194,-0.0015713059,7.3774261e-20,-2.2563869e-19,0.0029483617,6.7378922,-1.1451962,0.050000001,0.81566852,0.26523754,-4.8599567e-24,6.7378898,-1.1452,0.001
194,-0.0005143935,-2.7638342e-21,1.5468032e-21,0.0055281497,6.8092675,-1.1451392,0.050000001,0.80282873,0.25744161,5.184795e-24,6.8092699,-1.1451401,0.001
194,0.00038275999,-2.9733819e-21,5.023522e-21,0.010403479,6.8806477,-1.145088,0.050000001,0.78976429,0.24944058,2.742e-24,6.88065,-1.14509,0.001
194,0.0011194528,-4.4799927e-20,1.439179e-19,0.018078385,6.9520283,-1.1450318,0.050000001,0.77636862,0.24132727,-1.5877589e-24,6.9520302,-1.14503,0.001
194,0.0016922485,-3.0089284e-21,5.2418185e-21,0.028006086,7.0234079,-1.14498,0.050000001,0.76253271,0.23319188,1.6425149e-24,7.0234098,-1.14498,0.001
194,0.0020939435,4.1686526e-20,-1.3889916e-19,0.037868626,7.0947905,-1.1449298,0.050000001,0.74819046,0.22505344,3.5617157e-24,7.09479,-1.14493,0.001
194,0.0023166835,-2.1721732e-20,7.2988479e-20,0.043475669,7.1661701,-1.1448798,0.050000001,0.73339176,0.21675675,-3.8468747e-24,7.1661701,-1.1448801,0.001
194,0.0023556065,-2.7933592e-20,1.02222e-19,0.039437078,7.2375517,-1.14483,0.050000001,0.7183699,0.20789436,-7.3515849e-24,7.2375498,-1.14483,0.001
194,0.0022140031,-2.8695419e-20,9.9596565e-20,0.02069285,7.308938,-1.1447817,0.050000001,0.70357579,0.19779366,-2.8862042e-24,7.3089399,-1.14478,0.001
194,0.0019077254,-1.6317353e-20,6.2173344e-20,-0.01564377,7.3803196,-1.1447381,0.050000001,0.68965286,0.18560186,1.3971626e-24,7.3803201,-1.14474,0.001
194,0.0014669584,-2.8047087e-20,1.2386858e-19,-0.068979137,7.4517059,-1.1446919,0.050000001,0.67733943,0.17045265,-1.5818659e-24,7.4517102,-1.14469,0.001
194,0.00093597156,1.6362574e-20,-6.2235764e-20,-0.13503475,7.5230942,-1.1446481,0.050000001,0.66734153,0.15166542,-1.3946583e-24,7.5230899,-1.14465,0.001
194,0.00036615724,3.7444049e-20,-1.8520887e-19,-0.20689769,7.5944824,-1.1446022,0.050000001,0.66020405,0.1289086,4.2620222e-24,7.59448,-1.1446,0.001
194,-0.00019043346,2.036508e-22,-6.7944688e-22,-0.27679759,7.6658678,-1.1445577,0.050000001,0.6562354,0.10227764,5.7298825e-24,7.6658702,-1.14456,0.001
194,-0.00069154403,-1.3220159e-20,1.2283765e-19,-0.33795568,7.7372556,-1.1445135,0.050000001,0.6554817,0.072265781,-4.6173232e-24,7.7372599,-1.14452,0.001
194,-0.0011100178,-1.0048251e-21,6.2355531e-20,-0.38578832,7.8086414,-1.1444695,0.050000001,0.65777153,0.039653771,-7.3723446e-24,7.80864,-1.14447,0.001
194,-0.0014356077,9.3081875e-21,6.2916779e-20,-0.41822177,7.8800316,-1.14443,0.050000001,0.66278708,0.0053677652,4.7690902e-24,7.8800302,-1.14443,0.001
194,-0.0016759253,7.6972604e-22,-6.1664447e-20,-0.43533459,7.9514284,-1.14439,0.050000001,0.67013323,-0.029644374,1.6408433e-24,7.9514298,-1.14439,0.001
194,-0.0017957311,-3.5198664e-21,-1.0430529e-19,-0.43757772,7.9999981,-1.1443628,0.050000001,0.67643493,-0.053362016,-1.4068056e-24,8,-1.1443628,0.001
194,-0.29715347,8.6080473e-20,-6.4786967e-19,0.95366782,0.99999899,-1.0773923,0.050000001,1.1279191,0.1346861,-1.3757151e-21,1,-1.0773892,0.001
194,-0.29092163,1.2923467e-19,-1.2396733e-18,0.94109303,1.0346093,-1.0771823,0.050000001,1.120151,0.14173576,-2.917674e-21,1.03461,-1.07718,0.001
194,-0.27612948,-4.0269779e-20,-5.953336e-21,0.91318381,1.1057462,-1.0767946,0.050000001,1.1025507,0.15468611,-9.3396688e-23,1.10575,-1.07679,0.001
194,-0.25949985,1.8488101e-20,-1.0227356e-20,0.88446397,1.1768968,-1.0764433,0.050000001,1.0833691,0.16576758,1.8625011e-22,1.1769,-1.07644,0.001
194,-0.24124412,1.2803412e-19,-5.8000152e-19,0.85611385,1.2480547,-1.0761198,0.050000001,1.0627077,0.17469262,-1.2264593e-21,1.24806,-1.07612,0.001
194,-0.22161891,1.692404e-19,-7.1873765e-19,0.82931924,1.3192191,-1.0758134,0.050000001,1.0407255,0.18122765,-1.6077258e-21,1.3192199,-1.07581,0.001
194,-0.20091082,1.50987e-19,-7.366458e-19,0.80515862,1.3903953,-1.0755258,0.050000001,1.0176295,0.18519862,-1.4658859e-21,1.3904001,-1.0755301,0.001
194,-0.17943315,-3.7577413e-20,1.7319477e-19,0.78470027,1.4615754,-1.0752476,0.050000001,0.99363166,0.18650416,2.5373303e-22,1.46158,-1.07525,0.001
194,-0.15750061,-4.7228449e-20,1.5179754e-19,0.7688787,1.5327595,-1.0749803,0.050000001,0.96897209,0.18510652,3.8836842e-22,1.53276,-1.07498,0.001
194,-0.13542204,-6.3457154e-20,3.2837579e-19,0.75856799,1.6039498,-1.0747201,0.050000001,0.94387937,0.18103489,4.8837023e-22,1.60395,-1.07472,0.001
194,-0.11349439,-1.4268581e-19,9.0678579e-19,0.75464272,1.6751457,-1.074468,0.050000001,0.91856021,0.17437871,1.0231347e-21,1.67515,-1.07447,0.001
194,-0.0919955,-1.0700568e-19,7.1140335e-19,0.75794852,1.746346,-1.0742224,0.050000001,0.89319271,0.1652817,6.2423253e-22,1.74635,-1.0742199,0.001
194,-0.07117667,-4.951793e-20,3.4075157e-19,0.76933581,1.817548,-1.0739806,0.050000001,0.86791867,0.15393329,2.3265088e-22,1.8175499,-1.07398,0.001
194,-0.051263303,-3.5454842e-20,3.2772764e-19,0.7896567,1.8887582,-1.0737424,0.050000001,0.84283,0.14056627,7.2967879e-23,1.88876,-1.07374,0.001
194,-0.032456465,-1.1436564e-19,7.297559e-19,0.81961489,1.9599682,-1.0735105,0.050000001,0.81797707,0.12544627,1.9117744e-22,1.95997,-1.0735101,0.001
194,-0.014930429,-1.1637233e-19,6.6288786e-19,0.8596375,2.0311797,-1.0732801,0.050000001,0.79336381,0.1088626,9.0808644e-23,2.0311799,-1.07328,0.001
194,0.0011674447,-3.6722548e-20,2.785645e-19,0.90941769,2.1023996,-1.0730557,0.050000001,0.76897377,0.091109551,4.289129e-24,2.1024001,-1.07306,0.001
194,0.015711283,1.7523868e-20,-1.0733532e-19,0.9674949,2.1736257,-1.0728376,0.050000001,0.74479389,0.07247027,4.9835877e-23,2.17363,-1.07284,0.001
194,0.028597932,-4.4709023e-21,-9.7390395e-21,1.030929,2.2448521,-1.0726255,0.050000001,0.72088498,0.053175259,1.165604e-23,2.2448499,-1.07263,0.001
194,0.039740305,-2.0039494e-20,-2.6379463e-20,1.0952709,2.3160861,-1.0724159,0.050000001,0.69739902,0.03336744,4.8244644e-23,2.3160901,-1.07242,0.001
194,0.049063317,-5.0377198e-22,1.2708322e-19,1.1551828,2.3873222,-1.072208,0.050000001,0.67462468,0.013117251,-9.1592317e-23,2.38732,-1.07221,0.001
194,0.056556642,-7.5174085e-21,5.3804496e-21,1.2055049,2.4585598,-1.0720086,0.050000001,0.65301383,-0.0075784316,2.2459047e-23,2.45856,-1.07201,0.001
194,0.062218525,-7.3945892e-21,-1.5454125e-19,1.2423041,2.5298018,-1.07181,0.050000001,0.63323492,-0.028832607,9.2387906e-23,2.5297999,-1.07181,0.001
194,0.066029534,2.7334282e-21,1.0604614e-19,1.2637943,2.6010501,-1.071618,0.050000001,0.61609322,-0.050780628,-1.0774746e-22,2.6010499,-1.07162,0.001
194,0.068020128,-1.5777467e-20,-9.873589e-20,1.2707684,2.6723022,-1.0714307,0.050000001,0.60229242,-0.073446766,1.1726292e-22,2.6723001,-1.07143,0.001
194,0.068245992,-1.4985896e-21,-1.0160898e-20,1.266199,2.7435603,-1.0712397,0.050000001,0.59243411,-0.096724331,2.0525668e-24,2.7435601,-1.0712399,0.001
194,0.066754848,6.8949454e-21,6.237853e-20,1.2543014,2.8148205,-1.0710574,0.050000001,0.58701003,-0.1203552,-1.2344354e-22,2.8148201,-1.0710599,0.001
194,0.063594639,-1.0393995e-20,-2.3352052e-20,1.2396533,2.8860803,-1.0708821,0.050000001,0.58632457,-0.14392889,-1.6703871e-23,2.88608,-1.0708801,0.001
194,0.058817819,6.0005711e-20,2.2202164e-19,1.2264171,2.9573417,-1.0707105,0.050000001,0.59051234,-0.16691002,-2.0143053e-22,2.95734,-1.0707099,0.001
194,0.052477539,1.7430139e-19,5.699169e-19,1.2178293,3.0286119,-1.0705402,0.050000001,0.59954441,-0.18867993,-4.3289354e-22,3.02861,-1.07054,0.001
194,0.044630453,-9.9260082e-21,2.3639024e-20,1.2160164,3.0998883,-1.0703717,0.050000001,0.61327875,-0.20857359,-2.1746374e-23,3.09989,-1.07037,0.001
194,0.035339456,-2.1647729e-19,-5.3234966e-19,1.2220961,3.1711645,-1.0702101,0.050000001,0.63148427,-0.22591296,3.0940503e-22,3.17116,-1.07021,0.001
194,0.024676019,-5.3964446e-20,-7.5506584e-20,1.2361654,3.2424397,-1.0700504,0.050000001,0.65384847,-0.24004757,5.0858134e-23,3.24244,-1.07005,0.001
194,0.012732605,5.5585241e-21,-3.8200593e-20,1.2574484,3.3137193,-1.0698919,0.050000001,0.68000424,-0.25037327,-3.3930959e-23,3.31372,-1.06989,0.001
194,-0.00037223502,-8.5220981e-20,-3.0560539e-19,1.2846063,3.38501,-1.0697374,0.050000001,0.70953929,-0.25635627,-6.3660602e-24,3.38501,-1.0697401,0.001
194,-0.014485329,5.2804906e-20,1.3279878e-19,1.3157207,3.4563003,-1.0695895,0.050000001,0.74198174,-0.25755912,8.5149009e-23,3.4563,-1.06959,0.001
194,-0.029414443,1.0079766e-19,2.7809497e-19,1.3486314,3.52759,-1.0694488,0.050000001,0.77681679,-0.25366211,1.259252e-22,3.52759,-1.06945,0.001
194,-0.044924878,-5.0829409e-20,-1.3894352e-19,1.3810405,3.5988798,-1.0693043,0.050000001,0.81347203,-0.24448559,-9.1052471e-23,3.5988801,-1.0693001,0.001
194,-0.06073872,1.2088862e-19,4.9271065e-19,1.410576,3.6701753,-1.0691643,0.050000001,0.85137022,-0.22998668,3.1595179e-22,3.6701801,-1.06916,0.001
194,-0.07654471,1.421824e-19,4.6173672e-19,1.4351583,3.7414775,-1.0690261,0.050000001,0.88989377,-0.21028537,2.8357315e-22,3.7414801,-1.06903,0.001
194,-0.092005864,9.4335554e-21,-8.7666621e-21,1.4529189,3.8127818,-1.0688895,0.050000001,0.9284215,-0.18565068,-2.524617e-23,3.8127799,-1.06889,0.001
194,-0.1067742,1.0158311e-19,5.3345844e-19,1.4622641,3.8840873,-1.0687599,0.050000001,0.96636122,-0.15648042,4.665754e-22,3.8840899,-1.06876,0.001
194,-0.12050647,6.8380624e-20,3.5691264e-19,1.4619671,3.9553974,-1.0686296,0.050000001,1.003145,-0.12329395,3.3876202e-22,3.9554,-1.06863,0.001
194,-0.13288184,4.4542872e-21,-7.3317299e-21,1.4510434,4.0267096,-1.0685059,0.050000001,1.0382491,-0.086698532,-2.9372548e-24,4.02671,-1.0685101,0.001
194,-0.14361654,4.8781487e-22,-1.9814793e-23,1.428591,4.098022,-1.0683814,0.050000001,1.0711855,-0.047372214,0,4.0980201,-1.06838,0.001
194,-0.15247318,-1.8564898e-21,-1.0028769e-21,1.3935508,4.1693406,-1.0682615,0.050000001,1.1015309,-0.0060400069,0,4.1693401,-1.06826,0.001
194,-0.15927643,-7.1860031e-21,1.0444314e-19,1.3451025,4.2406578,-1.0681485,0.050000001,1.1288675,0.036512963,1.4259684e-22,4.2406602,-1.06815,0.001
194,-0.16392061,-4.8451257e-24,3.3793785e-21,1.2827246,4.3119779,-1.0680299,0.050000001,1.1527891,0.079465844,4.9601094e-25,4.3119798,-1.06803,0.001
194,-0.16637127,1.7807483e-20,-2.0056381e-19,1.206352,4.3833022,-1.0679154,0.050000001,1.1729468,0.12198313,-3.1776531e-22,4.3832998,-1.06792,0.001
194,-0.16667135,-8.5330829e-21,1.926941e-20,1.1166931,4.4546256,-1.0678078,0.050000001,1.1890318,0.16322111,-6.8385506e-23,4.4546299,-1.0678101,0.001
194,-0.16493598,-3.1279748e-20,2.2286471e-19,1.0153862,4.5259495,-1.0676999,0.050000001,1.2007965,0.20235594,2.6234409e-22,4.52595,-1.0677,0.001
194,-0.16134487,-3.8430543e-20,2.2952352e-19,0.90521771,4.59728,-1.0675919,0.050000001,1.2081014,0.23863657,2.5469706e-22,4.59728,-1.06759,0.001
194,-0.15613405,-2.7674468e-21,1.1711056e-20,0.78990895,4.6686144,-1.0674902,0.050000001,1.2109418,0.2714206,-3.9050003e-23,4.6686101,-1.06749,0.001
194,-0.14958219,2.7716945e-20,-1.0813228e-19,0.67379415,4.7399507,-1.0673904,0.050000001,1.2094643,0.30022568,-1.6029242e-22,4.7399502,-1.06739,0.001
194,-0.14198992,-2.7496262e-20,1.1074329e-19,0.56139904,4.8112817,-1.0672902,0.050000001,1.203982,0.32476282,1.0125173e-22,4.8112798,-1.0672899,0.001
194,-0.13365698,-6.1500523e-20,2.2127405e-19,0.45671365,4.8826199,-1.0671921,0.050000001,1.1949469,0.34495723,2.2373958e-22,4.8826199,-1.0671901,0.001
194,-0.12486788,3.5063482e-20,-1.06648e-19,0.36283836,4.9539623,-1.0671003,0.050000001,1.1829146,0.36092597,-8.9686076e-23,4.9539599,-1.0671,0.001
194,-0.11587858,1.061334e-19,-3.2414895e-19,0.28169534,5.0253043,-1.0670085,0.050000001,1.1684999,0.37295312,-2.9862538e-22,5.0253,-1.06701,0.001
194,-0.10690314,7.5449638e-20,-2.1239655e-19,0.2139359,5.0966482,-1.0669113,0.050000001,1.1523196,0.38143963,-1.8049337e-22,5.0966501,-1.06691,0.001
194,-0.098111287,1.6321331e-22,-8.5922063e-22,0.15916096,5.1679897,-1.0668262,0.050000001,1.1349525,0.38684732,9.0010047e-24,5.1679902,-1.06683,0.001
194,-0.089631967,7.2432284e-20,-2.0311483e-19,0.1161912,5.2393351,-1.0667408,0.050000001,1.1169,0.38966501,-1.4182395e-22,5.2393398,-1.06674,0.001
194,-0.081554234,3.8120405e-20,-1.0920794e-19,0.083418705,5.310688,-1.0666521,0.050000001,1.0985798,0.3903569,-9.7587073e-23,5.3106899,-1.06665,0.001
194,-0.073934622,-6.6836794e-20,2.0081965e-19,0.059041902,5.38204,-1.0665702,0.050000001,1.0803174,0.38934326,1.1055839e-22,5.38204,-1.06657,0.001
194,-0.066804029,-3.0703694e-20,9.8816004e-20,0.041281492,5.4533901,-1.0664903,0.050000001,1.0623425,0.38699275,3.5587731e-23,5.4533901,-1.0664901,0.001
194,-0.060173407,-3.482842e-20,9.8679183e-20,0.028614903,5.5247421,-1.0664104,0.050000001,1.0448052,0.38361177,4.7419836e-23,5.5247402,-1.0664099,0.001
194,-0.054038987,1.2138384e-21,1.6092449e-21,0.019764779,5.5960979,-1.0663304,0.050000001,1.0277975,0.37944797,-4.3102354e-24,5.5960999,-1.06633,0.001
194,-0.048387568,-3.1203802e-20,9.6081752e-20,0.013639755,5.6674519,-1.0662525,0.050000001,1.0113618,0.37469789,3.4099702e-23,5.66745,-1.06625,0.001
194,-0.043198735,-1.0080988e-19,2.7938149e-19,0.0094503174,5.7388101,-1.0661784,0.050000001,0.99549735,0.36951312,1.0625098e-22,5.7388101,-1.06618,0.001
194,-0.038449246,-3.2666406e-20,9.5863551e-20,0.0066279951,5.8101697,-1.0661043,0.050000001,0.98018152,0.36400977,3.7812262e-23,5.8101702,-1.0661,0.001
194,-0.034113113,-5.6663452e-22,3.1636659e-22,0.0047398405,5.8815322,-1.0660323,0.050000001,0.9653756,0.35827166,3.4047572e-24,5.8815298,-1.06603,0.001
194,-0.03016408,-3.5820927e-20,9.0456717e-20,0.0034805646,5.9528942,-1.0659577,0.050000001,0.95102769,0.35236108,3.663305e-23,5.9528899,-1.06596,0.001
194,-0.026576014,-9.8724038e-20,2.5880276e-19,0.0026471929,6.0242558,-1.0658875,0.050000001,0.93707991,0.34632051,7.1953587e-23,6.02426,-1.06589,0.001
194,-0.023324102,-6.5964345e-20,1.7328928e-19,0.0020998903,6.0956197,-1.0658199,0.050000001,0.92347306,0.34017634,4.7914111e-23,6.0956202,-1.06582,0.001
194,-0.020384248,6.451864e-20,-1.6818908e-19,0.0017413577,6.1669879,-1.0657519,0.050000001,0.91014516,0.33394188,-4.0196407e-23,6.1669898,-1.06575,0.001
194,-0.017734272,1.8393478e-21,-1.7870387e-21,0.0015173667,6.2383561,-1.0656899,0.050000001,0.89703757,0.32762045,-4.7071571e-24,6.2383599,-1.06569,0.001
194,-0.015354203,1.5088665e-21,1.8440394e-21,0.0013932558,6.3097219,-1.0656283,0.050000001,0.88409269,0.32120842,-3.9068952e-24,6.30972,-1.06563,0.001
194,-0.01322536,2.9117216e-20,-7.9686386e-20,0.0013384392,6.3810897,-1.0655618,0.050000001,0.87125295,0.31469342,-1.1054929e-23,6.3810902,-1.06556,0.001
194,-0.011330753,-3.1821418e-20,8.0928275e-20,0.0013333503,6.4524593,-1.0654994,0.050000001,0.8584668,0.30805415,1.7492448e-23,6.4524598,-1.0655,0.001
194,-0.0096558398,-1.1485853e-21,3.4782242e-21,0.0013919206,6.5238357,-1.0654422,0.050000001,0.84568435,0.30126521,1.6545732e-24,6.52384,-1.0654401,0.001
194,-0.0081880717,2.3106824e-21,1.6802704e-21,0.0016228468,6.5952101,-1.0653847,0.050000001,0.83285898,0.29429877,-6.9700444e-24,6.5952101,-1.06538,0.001
194,-0.0069164303,1.4017976e-20,-3.434283e-20,0.0023708483,6.666584,-1.0653242,0.050000001,0.81994188,0.28713071,-6.1185874e-24,6.6665802,-1.06532,0.001
194,-0.0058322158,1.4198166e-20,-3.6338555e-20,0.0042373673,6.7379599,-1.0652683,0.050000001,0.80687362,0.27975884,-5.9595929e-24,6.7379599,-1.0652699,0.001
194,-0.004930133,-7.4858469e-20,2.2211979e-19,0.0080831889,6.8093357,-1.0652117,0.050000001,0.79357487,0.27221981,9.410018e-24,6.80934,-1.06521,0.001
194,-0.0042075841,-5.1559476e-20,1.4386418e-19,0.014636764,6.8807116,-1.0651559,0.050000001,0.77994156,0.26459312,1.3974567e-23,6.8807101,-1.06516,0.001
194,-0.0036666289,-3.5232786e-20,1.0404509e-19,0.023771772,6.9520898,-1.0650991,0.050000001,0.7658518,0.25697938,6.3009235e-24,6.9520898,-1.0651,0.001
194,-0.0033123835,1.0718609e-20,-3.3257895e-20,0.033766784,7.0234694,-1.0650499,0.050000001,0.75121087,0.24942799,-8.4251607e-25,7.0234699,-1.06505,0.001
194,-0.0031527025,2.2361151e-20,-7.0123467e-20,0.040820308,7.0948501,-1.0650003,0.050000001,0.73601437,0.24184164,-5.739816e-25,7.0948501,-1.0650001,0.001
194,-0.0031937386,1.0009255e-20,-2.9641597e-20,0.039516818,7.1662297,-1.0649507,0.050000001,0.72042674,0.23386937,-4.0009936e-24,7.1662302,-1.06495,0.001
194,-0.0034347319,1.1561212e-20,-3.2457469e-20,0.024174683,7.2376142,-1.0649004,0.050000001,0.70483178,0.22486232,-4.013068e-24,7.2376099,-1.0649,0.001
194,-0.0038621803,-1.1273767e-20,3.4866115e-20,-0.009216547,7.309,-1.06485,0.050000001,0.68983066,0.21392587,-1.6010872e-24,7.309,-1.06485,0.001
194,-0.0044457437,-2.6731484e-20,9.3204049e-20,-0.061278533,7.3803816,-1.0648021,0.050000001,0.67616773,0.20007646,6.0490548e-24,7.3803802,-1.0648,0.001
194,-0.0051380484,-4.1059084e-20,1.5464576e-19,-0.128599,7.4517679,-1.0647583,0.050000001,0.66459793,0.18245827,7.9982931e-24,7.4517698,-1.06476,0.001
194,-0.0058799153,1.6918346e-21,-1.2302543e-21,-0.20448548,7.5231519,-1.0647125,0.050000001,0.65575171,0.16055055,3.9473282e-24,7.52315,-1.06471,0.001
194,-0.0066075069,7.245334e-21,-3.1524648e-20,-0.2807171,7.5945401,-1.0646638,0.050000001,0.65003473,0.13427733,3.9308063e-24,7.5945401,-1.06466,0.001
194,-0.0072630765,-1.3001622e-20,1.203169e-19,-0.34958804,7.6659279,-1.0646197,0.050000001,0.64758885,0.10402454,1.3213451e-23,7.6659298,-1.06462,0.001
194,-0.0078047663,-1.3277504e-23,2.3887685e-22,-0.40549058,7.7373118,-1.0645784,0.050000001,0.64831346,0.07054016,-7.0629082e-27,7.7373099,-1.06458,0.001
194,-0.0082101896,1.3552388e-20,-1.5038282e-19,-0.44548917,7.8087001,-1.0645319,0.050000001,0.65193713,0.034781318,-2.0055305e-23,7.8087001,-1.06453,0.001
194,-0.0084764604,2.3612018e-21,1.1614384e-21,-0.4690704,7.8800921,-1.0644896,0.050000001,0.65809286,-0.0022246554,-9.4513614e-24,7.8800902,-1.06449,0.001
194,-0.0086198691,-1.4365842e-21,-3.0645029e-20,-0.47744054,7.9514847,-1.0644498,0.050000001,0.66637886,-0.039499089,-6.8602232e-24,7.9514799,-1.06445,0.001
194,-0.0086539676,-2.6418628e-21,-5.1972449e-20,-0.47424051,8.0000029,-1.0644228,0.050000001,0.6731891,-0.064429067,-5.0719197e-24,8,-1.0644228,0.001
194,-0.32128662,6.3891056e-20,-5.5577794e-20,1.4196299,0.99999833,-0.99769753,0.050000001,1.0513216,0.15179625,-7.8617873e-22,1,-0.99768925,0.001
194,-0.31473574,2.7634988e-19,-1.4090308e-18,1.3957905,1.0348276,-0.99746555,0.050000001,1.0441666,0.15985803,-4.3552323e-21,1.03483,-0.99745899,0.001
194,-0.29905343,2.5003403e-19,-1.5590143e-18,1.3451232,1.1059481,-0.99704701,0.050000001,1.027684,0.17479236,-4.18952e-21,1.10595,-0.99704301,0.001
194,-0.28123531,-1.6639016e-19,9.2689972e-19,1.2939379,1.1770864,-0.99667197,0.050000001,1.0092971,0.18779299,2.2588776e-21,1.17709,-0.99667001,0.001
194,-0.26153123,-2.3165661e-19,1.3116245e-18,1.2436908,1.2482369,-0.99632972,0.050000001,0.9890551,0.19850047,2.9161324e-21,1.24824,-0.99632901,0.001
194,-0.2402484,-1.1995062e-19,7.7665342e-19,1.195897,1.3193971,-0.99601269,0.050000001,0.96708208,0.20662208,1.565232e-21,1.3194,-0.99601197,0.001
194,-0.21773526,-2.4267531e-20,1.8690443e-19,1.152035,1.3905652,-0.99571288,0.050000001,0.94355983,0.21194428,3.5154209e-22,1.39057,-0.995713,0.001
194,-0.19436426,-4.408513e-20,1.6985e-19,1.1134361,1.4617398,-0.99542594,0.050000001,0.91869873,0.21434195,3.8349704e-22,1.46174,-0.99542803,0.001
194,-0.17051019,-3.5478804e-20,2.0024066e-19,1.0813967,1.5329223,-0.99515265,0.050000001,0.89272767,0.2137765,2.2879841e-22,1.53292,-0.99515402,0.001
194,-0.14653976,-1.426781e-19,6.9701899e-19,1.0570922,1.6041104,-0.99488848,0.050000001,0.86587149,0.21029161,9.0837457e-22,1.60411,-0.99488902,0.001
194,-0.12280098,-1.9852265e-19,7.8719801e-19,1.0416071,1.6753002,-0.99463069,0.050000001,0.83833343,0.20400694,1.0653281e-21,1.6753,-0.99463099,0.001
194,-0.099612512,-8.6763226e-20,2.7361447e-19,1.0359492,1.7464918,-0.99437928,0.050000001,0.8102805,0.1951091,4.1330329e-22,1.74649,-0.99437898,0.001
194,-0.077258386,-1.1311913e-19,3.7770902e-19,1.0409726,1.8176894,-0.99413371,0.050000001,0.78183168,0.18384057,3.5362953e-22,1.81769,-0.99413401,0.001
194,-0.05598975,-5.801094e-21,1.7117643e-20,1.0572623,1.8888979,-0.99389297,0.050000001,0.75305742,0.17048848,7.349263e-23,1.8889,-0.99389398,0.001
194,-0.036024842,5.6342878e-20,-1.0407689e-19,1.0847729,1.960108,-0.99365705,0.050000001,0.72398919,0.15536904,-2.2240778e-22,1.9601099,-0.99365801,0.001
194,-0.017547114,1.5901211e-20,-1.5750911e-19,1.1223501,2.0313177,-0.99342632,0.050000001,0.69463974,0.13880086,-2.4642868e-23,2.0313201,-0.99342799,0.001
194,-0.00070740661,8.9017591e-20,-5.5024799e-19,1.1672778,2.1025355,-0.99319994,0.050000001,0.66505289,0.12106699,-8.162884e-23,2.10254,-0.99320197,0.001
194,0.014372812,1.2850391e-20,-1.5862697e-19,1.2150024,2.1737578,-0.99297875,0.050000001,0.63536888,0.1023724,7.7049993e-24,2.1737599,-0.99298102,0.001
194,0.027604112,-1.1115126e-20,-3.3824514e-20,1.2594987,2.2449818,-0.9927628,0.050000001,0.60589129,0.082800053,2.231525e-23,2.2449801,-0.99276501,0.001
194,0.038931083,-8.2629753e-21,-5.0798955e-21,1.2942851,2.3162122,-0.99255151,0.050000001,0.57712692,0.06228492,3.3339575e-23,2.31621,-0.992553,0.001
194,0.048346199,-8.903411e-21,2.2982396e-19,1.313897,2.3874505,-0.9923448,0.050000001,0.54978657,0.040648434,-1.676056e-22,2.38745,-0.99234498,0.001
194,0.055760667,3.325982e-22,5.6164265e-20,1.3153253,2.4586883,-0.99214226,0.050000001,0.52468884,0.017681511,8.776072e-24,2.4586899,-0.99214101,0.001
194,0.061204202,8.9063974e-21,-6.0202147e-20,1.2987765,2.5299282,-0.99194223,0.050000001,0.50268388,-0.0067546354,8.517222e-23,2.5299301,-0.99194199,0.001
194,0.064818256,3.525075e-21,1.0576093e-19,1.2674395,2.6011746,-0.99174696,0.050000001,0.48460051,-0.032741249,-1.0750916e-22,2.6011701,-0.99174702,0.001
194,0.066634417,-1.8013212e-20,-9.9749561e-20,1.2265086,2.6724246,-0.99155629,0.050000001,0.4710919,-0.06021221,1.1752422e-22,2.67242,-0.99155599,0.001
194,0.066712134,-2.0161015e-20,-9.4432735e-20,1.1819593,2.7436783,-0.99136734,0.050000001,0.46257433,-0.088844039,1.1482955e-22,2.74368,-0.99136901,0.001
194,0.06512408,4.3812855e-20,2.0878033e-19,1.1394354,2.8149343,-0.9911834,0.050000001,0.4592616,-0.11813741,-2.2834403e-22,2.81493,-0.99118602,0.001
194,0.061933197,1.4096085e-20,1.3880768e-19,1.1035931,2.8861959,-0.99100631,0.050000001,0.4611873,-0.1474711,-1.3678616e-22,2.8862,-0.99100697,0.001
194,0.057196271,-3.5397375e-20,-3.1988322e-20,1.0778396,2.9574602,-0.99083304,0.050000001,0.46824592,-0.17613663,7.7545595e-23,2.9574599,-0.99083197,0.001
194,0.050961435,1.2078058e-19,2.9549102e-19,1.0642782,3.0287306,-0.99066144,0.050000001,0.48023593,-0.20338951,-2.412474e-22,3.0287299,-0.99066001,0.001
194,0.043269768,-2.4913319e-21,-4.0810865e-20,1.0638921,3.1000004,-0.99049264,0.050000001,0.49689972,-0.22847734,-1.5208654e-23,3.0999999,-0.990493,0.001
194,0.034158897,-1.7497309e-19,-4.1176971e-19,1.0766917,3.1712744,-0.99032772,0.050000001,0.51794213,-0.25066507,2.5720089e-22,3.1712699,-0.99032801,0.001
194,0.02367021,-1.05769e-19,-2.1025553e-19,1.1018063,3.2425525,-0.99016702,0.050000001,0.54304725,-0.26925391,3.9871286e-23,3.2425499,-0.99016702,0.001
194,0.011859622,6.0846701e-20,7.3239689e-20,1.1376882,3.313832,-0.99000835,0.050000001,0.57187796,-0.28359523,-3.3895744e-23,3.3138299,-0.99001002,0.001
194,-0.0011947544,8.3430818e-21,-6.4045629e-20,1.1822382,3.385118,-0.98985338,0.050000001,0.60406709,-0.29311073,-8.3572082e-23,3.3851199,-0.989856,0.001
194,-0.015378521,9.8210669e-20,2.7660659e-19,1.2328742,3.4564042,-0.98970485,0.050000001,0.63920617,-0.29731169,8.6499703e-23,3.4563999,-0.98970503,0.001
194,-0.030535221,-1.0420895e-20,-1.7170864e-21,1.2866969,3.5276945,-0.98955894,0.050000001,0.67684156,-0.29582623,-1.2301973e-22,3.5276899,-0.98955798,0.001
194,-0.046456575,-2.6279037e-19,-6.7861965e-19,1.3406631,3.5989883,-0.98941398,0.050000001,0.71645916,-0.28842241,-3.9324221e-22,3.59899,-0.98941398,0.001
194,-0.062877603,1.0168622e-19,2.6723683e-19,1.3918071,3.6702819,-0.98927277,0.050000001,0.75749558,-0.27502644,1.8355631e-22,3.67028,-0.98927301,0.001
194,-0.079489037,2.5403332e-19,7.0607051e-19,1.4373927,3.7415798,-0.98913354,0.050000001,0.79934949,-0.25573778,6.0322464e-22,3.74158,-0.98913401,0.001
194,-0.095940053,1.053976e-19,2.8187852e-19,1.4751136,3.812886,-0.98899806,0.050000001,0.84139794,-0.2308272,2.726252e-22,3.8128901,-0.98899901,0.001
194,-0.11185428,7.0428872e-20,4.3966356e-19,1.5031562,3.8841898,-0.98886675,0.050000001,0.88302052,-0.20072451,4.6644378e-22,3.8841901,-0.98886698,0.001
194,-0.12685156,7.1593794e-20,4.4468816e-19,1.5202566,3.9554977,-0.98873723,0.050000001,0.92363065,-0.16599101,4.9515469e-22,3.9554999,-0.988738,0.001
194,-0.14056559,-1.4916571e-20,-7.7674709e-20,1.5256069,4.0268083,-0.98861116,0.050000001,0.96268427,-0.12729137,-1.0871528e-22,4.0268102,-0.98861098,0.001
194,-0.15266301,-1.3824705e-20,-8.4613856e-20,1.5186719,4.0981178,-0.98848623,0.050000001,0.99969709,-0.085357718,-1.2093104e-22,4.0981202,-0.98848701,0.001
194,-0.16285765,-1.1262911e-20,-1.8208312e-19,1.498965,4.1694341,-0.98836529,0.050000001,1.0342531,-0.040962383,-2.9647016e-22,4.1694298,-0.98836601,0.001
194,-0.17092352,-1.661417e-20,-8.0069086e-20,1.4657851,4.2407522,-0.98824811,0.050000001,1.0659665,0.0050861062,-1.5411534e-22,4.2407498,-0.98824698,0.001
194,-0.17670654,2.394608e-24,-3.2881393e-21,1.4183073,4.3120723,-0.98812979,0.050000001,1.0944717,0.051946137,8.1491187e-26,4.3120699,-0.98813099,0.001
194,-0.18012756,-2.7895904e-20,2.1746364e-19,1.3558881,4.3833942,-0.98801523,0.050000001,1.119429,0.098754361,2.9323257e-22,4.3833899,-0.98801702,0.001
194,-0.18118662,-5.9677062e-21,1.0807019e-19,1.2782295,4.4547181,-0.98790431,0.050000001,1.1405144,0.14462778,1.3593713e-22,4.45472,-0.98790598,0.001
194,-0.17996764,-8.8116074e-20,4.3352352e-19,1.1857436,4.526042,-0.9877947,0.050000001,1.1574316,0.18867034,5.7580707e-22,4.5260401,-0.98779702,0.001
194,-0.17662919,-1.2111845e-19,6.5696137e-19,1.0799785,4.5973701,-0.98768866,0.050000001,1.1699392,0.2300186,8.7143801e-22,4.5973701,-0.98768997,0.001
194,-0.17140129,2.0033851e-20,-1.0440892e-19,0.96376055,4.6687021,-0.98758626,0.050000001,1.1778916,0.2678771,-1.3979054e-22,4.6687002,-0.98758602,0.001
194,-0.16457197,-2.4995752e-21,-4.4415104e-21,0.84111792,4.7400384,-0.98748451,0.050000001,1.1812842,0.30158347,-5.3905733e-24,4.7400398,-0.98748302,0.001
194,-0.15646733,-9.1329929e-20,3.2212062e-19,0.71701962,4.8113699,-0.98738438,0.050000001,1.1802694,0.33066341,4.031086e-22,4.8113699,-0.98738301,0.001
194,-0.14742886,-1.3198356e-19,4.351441e-19,0.59653503,4.8827076,-0.98728508,0.050000001,1.1751767,0.35487744,4.9894213e-22,4.88271,-0.98728502,0.001
194,-0.1377916,-3.118794e-20,1.1694147e-19,0.48419327,4.9540505,-0.98718917,0.050000001,1.1664844,0.37422431,9.5989176e-23,4.9540501,-0.98718899,0.001
194,-0.12786436,-1.663487e-22,-6.1288474e-22,0.38353917,5.0253906,-0.98709708,0.050000001,1.1547769,0.38892543,-2.0686866e-24,5.0253901,-0.98709601,0.001
194,-0.11791291,-3.5566291e-20,1.0618746e-19,0.29671875,5.0967302,-0.98700356,0.050000001,1.1406996,0.39937878,1.3693583e-22,5.0967302,-0.98700398,0.001
194,-0.10815171,-3.2127265e-20,1.0961252e-19,0.22446872,5.1680717,-0.98691356,0.050000001,1.12489,0.40609899,7.7378577e-23,5.1680698,-0.98691398,0.001
194,-0.098743163,8.0808366e-20,-2.006323e-19,0.16627702,5.2394199,-0.98682636,0.050000001,1.1079373,0.40965718,-1.5698948e-22,5.2394199,-0.98682499,0.001
194,-0.089802243,5.4029732e-22,-7.329771e-21,0.12082651,5.31077,-0.98673832,0.050000001,1.0903548,0.41062301,-1.9908924e-23,5.31077,-0.98673898,0.001
194,-0.081401475,-1.1206125e-19,3.0084171e-19,0.086344324,5.3821201,-0.98665363,0.050000001,1.0725549,0.40952799,2.0024386e-22,5.3821201,-0.986655,0.001
194,-0.0735787,-3.7510657e-20,9.7079061e-20,0.060826141,5.4534726,-0.98657161,0.050000001,1.05485,0.40684202,5.1444166e-23,5.4534702,-0.98657203,0.001
194,-0.066346325,3.5467866e-20,-9.5038813e-20,0.042350199,5.5248222,-0.98649043,0.050000001,1.0374575,0.40295991,-4.7276232e-23,5.5248199,-0.98649102,0.001
194,-0.059698038,7.4763582e-20,-1.9146611e-19,0.029248202,5.5961719,-0.98641068,0.050000001,1.0205127,0.39820215,-1.0480884e-22,5.5961699,-0.98641098,0.001
194,-0.053614773,-1.4910522e-21,1.7984411e-21,0.020116681,5.6675301,-0.98633438,0.050000001,1.0040945,0.39282036,8.9493453e-24,5.6675301,-0.98633301,0.001
194,-0.048070032,-3.4814714e-20,9.6173976e-20,0.013833878,5.7388878,-0.98625851,0.050000001,0.98822939,0.38700736,4.3232944e-23,5.7388902,-0.98625702,0.001
194,-0.043033049,-1.0411689e-19,2.745155e-19,0.0095673548,5.8102479,-0.9861834,0.050000001,0.97290486,0.3809073,1.0944761e-22,5.8102498,-0.98618197,0.001
194,-0.03847095,-3.6457885e-20,9.4812754e-20,0.0066998405,5.8816104,-0.98610926,0.050000001,0.9580884,0.37462378,4.4840356e-23,5.8816099,-0.98610902,0.001
194,-0.034350485,3.4471321e-20,-8.505875e-20,0.0047859587,5.9529676,-0.98603535,0.050000001,0.94373041,0.3682293,-2.7470898e-23,5.95297,-0.98603803,0.001
194,-0.03063949,-6.7551795e-20,1.7319329e-19,0.0035230799,6.0243254,-0.98596501,0.050000001,0.92977166,0.36177233,5.1030409e-23,6.0243301,-0.98596698,0.001
194,-0.027307501,-6.8675611e-20,1.7175729e-19,0.002693315,6.0956893,-0.98589587,0.050000001,0.91614884,0.35528207,5.4159309e-23,6.0956898,-0.98589802,0.001
194,-0.024325721,-3.4430104e-20,8.3063131e-20,0.0021548655,6.1670599,-0.98582947,0.050000001,0.90279531,0.34877226,2.8235149e-23,6.1670599,-0.98583102,0.001
194,-0.021668157,-6.3016215e-20,1.6559118e-19,0.0018163078,6.2384276,-0.98576605,0.050000001,0.88964719,0.34224573,3.6423219e-23,6.23843,-0.98576498,0.001
194,-0.01931124,2.9804335e-20,-8.0157349e-20,0.0016127343,6.309792,-0.98570096,0.050000001,0.87664109,0.33569556,-1.2698373e-23,6.3097901,-0.98570001,0.001
194,-0.017233294,6.062472e-20,-1.6122323e-19,0.0015068067,6.3811603,-0.98563641,0.050000001,0.86371374,0.32910576,-2.802755e-23,6.3811598,-0.985636,0.001
194,-0.015415377,-2.582028e-20,7.9559388e-20,0.0014764308,6.4525299,-0.9855749,0.050000001,0.85080779,0.32245278,2.8356785e-24,6.4525299,-0.98557401,0.001
194,-0.013840955,6.4451412e-20,-1.5120531e-19,0.0015717057,6.5239019,-0.9855144,0.050000001,0.83786738,0.3157078,-3.8985298e-23,6.5239,-0.98551297,0.001
194,-0.012495917,1.1737655e-19,-3.0525648e-19,0.0020005456,6.5952783,-0.98545462,0.050000001,0.82483673,0.30884385,-4.9518389e-23,6.5952802,-0.98545301,0.001
194,-0.011368719,-5.7125914e-20,1.4937993e-19,0.0032560378,6.6666522,-0.98539478,0.050000001,0.81165534,0.30184701,2.3080314e-23,6.6666498,-0.985394,0.001
194,-0.010450411,-2.7441827e-20,7.8328136e-20,0.0061302851,6.7380257,-0.98533791,0.050000001,0.79824537,0.29473472,6.3912197e-24,6.73803,-0.98533702,0.001
194,-0.0097359521,3.2995839e-21,-3.3364088e-21,0.011472886,6.8093996,-0.98528183,0.050000001,0.78450507,0.28757074,-5.546311e-24,6.8094001,-0.98527998,0.001
194,-0.0092242975,-7.9743869e-20,2.1164999e-19,0.019581962,6.8807778,-0.98522455,0.050000001,0.77030826,0.28045359,2.9783008e-23,6.8807802,-0.98522502,0.001
194,-0.0089189587,-2.8755761e-20,6.6490606e-20,0.029354006,6.9521556,-0.98516935,0.050000001,0.7555359,0.27346408,1.9019765e-23,6.9521599,-0.98517102,0.001
194,-0.0088268071,-1.5288057e-20,3.143485e-20,0.0376307,7.0235319,-0.98511773,0.050000001,0.74013448,0.26656401,1.345906e-23,7.02353,-0.98511797,0.001
194,-0.0089549683,-1.3073671e-20,3.3494207e-20,0.039225232,7.0949097,-0.98506641,0.050000001,0.72419208,0.25948083,6.3149858e-24,7.0949101,-0.98506498,0.001
194,-0.0093054809,-2.3012707e-20,6.3578601e-20,0.028017811,7.1662922,-0.98501593,0.050000001,0.7080099,0.25162455,1.1136826e-23,7.1662898,-0.98501402,0.001
194,-0.0098686982,-1.1716092e-20,3.1470225e-20,-0.0011024837,7.2376781,-0.9849655,0.050000001,0.6921221,0.24209949,7.3524069e-24,7.23768,-0.98496401,0.001
194,-0.010617109,4.1466196e-20,-1.2511807e-19,-0.050202854,7.3090601,-0.98491549,0.050000001,0.67724812,0.22983545,-1.822651e-23,7.3090601,-0.984914,0.001
194,-0.011502713,8.4980206e-22,-8.5766533e-22,-0.1171545,7.3804421,-0.98486626,0.050000001,0.66417348,0.2138052,5.3115794e-25,7.3804402,-0.98486602,0.001
194,-0.012460115,-4.4988063e-20,1.5177682e-19,-0.19591129,7.451828,-0.98481983,0.050000001,0.65360653,0.19326359,2.9618319e-23,7.4518299,-0.98481899,0.001
194,-0.013414386,7.3288598e-21,-2.9120028e-20,-0.27807954,7.52321,-0.98477376,0.050000001,0.64605761,0.16792309,-9.38821e-24,7.52321,-0.98477203,0.001
194,-0.014292091,1.7317973e-20,-5.9856618e-20,-0.35510692,7.5945954,-0.98472559,0.050000001,0.64177483,0.13800061,-1.4288186e-23,7.5946002,-0.98472601,0.001
194,-0.015032466,-1.2273287e-20,8.9270876e-20,-0.4202005,7.6659842,-0.98468071,0.050000001,0.64075089,0.1041564,1.956231e-23,7.6659799,-0.98468101,0.001
194,-0.015595304,1.2506636e-22,-3.0059317e-20,-0.46932,7.73737,-0.98463875,0.050000001,0.64277864,0.06734217,-6.6804094e-24,7.73737,-0.98463702,0.001
194,-0.015964098,4.6275295e-21,-3.0432624e-20,-0.50112444,7.8087578,-0.98459435,0.050000001,0.64753067,0.028641753,5.2476142e-25,7.8087602,-0.98459399,0.001
194,-0.016145106,3.1813284e-21,1.2135501e-19,-0.51632154,7.8801503,-0.98455077,0.050000001,0.65462726,-0.010868434,3.3985283e-23,7.8801498,-0.98455203,0.001
194,-0.016162898,3.2459696e-24,3.4556028e-22,-0.51681775,7.9515405,-0.98450965,0.050000001,0.66368079,-0.050208408,3.8747288e-26,7.95154,-0.98451,0.001
194,-0.016089659,2.2764484e-22,-2.03439e-20,-0.50881082,7.999999,-0.98448199,0.050000001,0.67090333,-0.076228082,-4.6992973e-24,8,-0.98448217,0.001
194,-0.3453463,4.4941275e-20,-2.1071368e-19,1.8745202,0.99999875,-0.91797405,0.050000001,0.93800682,0.16604173,-5.6662372e-22,1,-0.91796678,0.001
194,-0.33866817,8.0289252e-20,-2.2427498e-19,1.8416705,1.0350188,-0.91772103,0.050000001,0.93246663,0.17527163,-5.8295165e-22,1.03502,-0.91771501,0.001
194,-0.32246411,5.8900339e-20,5.9475336e-22,1.7727004,1.1061282,-0.91727376,0.050000001,0.91898984,0.19259264,1.9875016e-23,1.10613,-0.91727,0.001
194,-0.3038049,-8.6241342e-21,3.7019992e-21,1.7028069,1.1772566,-0.91687715,0.050000001,0.90317309,0.20798673,-1.063497e-22,1.17726,-0.916875,0.001
194,-0.28297678,-1.923362e-19,6.3331729e-19,1.6335927,1.2483991,-0.91651893,0.050000001,0.88500971,0.22100076,1.8297136e-21,1.2484,-0.91651797,0.001
194,-0.26033822,-1.3978532e-19,5.1691313e-19,1.5668257,1.3195555,-0.91618907,0.050000001,0.86458009,0.23126671,1.3459624e-21,1.3195601,-0.91618901,0.001
194,-0.23630172,-6.8819101e-20,4.0782266e-19,1.5043635,1.3907177,-0.91588056,0.050000001,0.84203744,0.2385169,6.6238255e-22,1.39072,-0.91588098,0.001
194,-0.21130539,1.1167538e-20,6.214312e-20,1.4479876,1.4618878,-0.9155882,0.050000001,0.81757885,0.24259497,-2.5359636e-23,1.46189,-0.91558897,0.001
194,-0.18579242,1.1562517e-19,-4.9607893e-19,1.3994342,1.5330659,-0.91530842,0.050000001,0.79142261,0.24345432,-9.633216e-22,1.53307,-0.91531003,0.001
194,-0.16019376,1.1260604e-19,-4.562006e-19,1.3602781,1.6042504,-0.91503817,0.050000001,0.7637856,0.24115531,-7.7105491e-22,1.60425,-0.91504002,0.001
194,-0.13491127,8.0990953e-20,-2.6133502e-19,1.3318518,1.6754409,-0.91477633,0.050000001,0.73486042,0.23585324,-4.804641e-22,1.67544,-0.91477799,0.001
194,-0.11031102,-1.4759373e-19,3.2941517e-19,1.3151695,1.7466305,-0.91452199,0.050000001,0.70480442,0.22778332,6.1591932e-22,1.74663,-0.91452402,0.001
194,-0.086714193,-4.9432258e-20,1.6163166e-19,1.310645,1.8178259,-0.91427362,0.050000001,0.67372906,0.21724308,2.604257e-22,1.81783,-0.91427499,0.001
194,-0.064399108,-3.3719678e-20,8.7063913e-20,1.3176786,1.8890282,-0.91403085,0.050000001,0.64171976,0.20456541,5.2307406e-24,1.88903,-0.91403198,0.001
194,-0.04360006,-2.9704011e-20,-7.581215e-20,1.3341299,1.9602343,-0.91379344,0.050000001,0.60886616,0.19007941,1.388351e-22,1.96023,-0.91379499,0.001
194,-0.024506832,1.7456254e-19,-7.0681653e-19,1.3558738,2.031446,-0.91356105,0.050000001,0.57531667,0.17405768,-2.2182251e-22,2.03145,-0.913562,0.001
194,-0.0072710579,4.1737466e-20,-2.7814762e-19,1.3768622,2.1026602,-0.91333342,0.050000001,0.5413667,0.15665926,-1.3250296e-23,2.1026599,-0.91333503,0.001
194,0.007999042,-1.1273731e-19,3.2015617e-19,1.3899354,2.1738801,-0.91311055,0.050000001,0.50750488,0.13787906,-3.1993078e-23,2.1738801,-0.91311198,0.001
194,0.021235429,-4.7901958e-20,1.9548984e-20,1.3883662,2.2451062,-0.91289234,0.050000001,0.47444928,0.11754395,4.9727927e-23,2.24511,-0.912893,0.001
194,0.032410778,4.8543459e-20,-2.7488494e-19,1.3675976,2.3163323,-0.91267878,0.050000001,0.44310945,0.095360219,1.6428018e-22,2.31633,-0.91267997,0.001
194,0.041537784,6.578666e-21,4.1539501e-20,1.3264104,2.3875661,-0.91246909,0.050000001,0.41447711,0.071003072,-1.5646163e-23,2.3875699,-0.91246998,0.001
194,0.048645753,-2.1127905e-20,6.8483213e-20,1.2671641,2.4588046,-0.91226405,0.050000001,0.38952658,0.044236835,-5.1447303e-23,2.4588001,-0.912265,0.001
194,0.053814881,-1.3780583e-20,9.0612547e-21,1.1950762,2.5300448,-0.91206396,0.050000001,0.369041,0.015025605,-4.4520713e-23,2.53004,-0.91206503,0.001
194,0.057159614,1.2804639e-21,5.363053e-20,1.1169068,2.6012907,-0.9118675,0.050000001,0.35354257,-0.016443852,-8.7528213e-23,2.60129,-0.91186798,0.001
194,0.058777757,9.6356654e-21,6.5826694e-21,1.0395138,2.6725409,-0.91167533,0.050000001,0.34336323,-0.049800064,-1.7109114e-23,2.6725399,-0.91167599,0.001
194,0.05876283,-5.0181694e-20,-1.9194177e-19,0.96883619,2.7437906,-0.91148728,0.050000001,0.33862817,-0.084484465,2.9276938e-22,2.7437899,-0.911488,0.001
194,0.057203818,-3.2643281e-20,-1.3486204e-19,0.90949339,2.8150444,-0.91130304,0.050000001,0.33925802,-0.11979637,2.0466072e-22,2.8150401,-0.911304,0.001
194,0.054178238,2.2350281e-20,5.2150054e-20,0.86474216,2.8863044,-0.91112292,0.050000001,0.34504858,-0.1549665,-8.8444573e-23,2.8863001,-0.91112399,0.001
194,0.049744885,-1.1860054e-19,-2.2672757e-19,0.83662206,2.9575679,-0.91094625,0.050000001,0.35572171,-0.18919668,2.423365e-22,2.9575701,-0.91094702,0.001
194,0.043944038,1.0795163e-20,-2.6740944e-21,0.82612783,3.0288346,-0.91077363,0.050000001,0.37096781,-0.22169083,2.2293872e-23,3.0288301,-0.91077501,0.001
194,0.036797546,1.2689557e-19,2.3253065e-19,0.83338439,3.1001046,-0.91060507,0.050000001,0.39047551,-0.25168231,-2.1606004e-22,3.1001,-0.91060603,0.001
194,0.028315162,4.7155676e-20,1.0948158e-19,0.85776341,3.1713805,-0.91043943,0.050000001,0.41395199,-0.27843311,-4.5619583e-23,3.17138,-0.91044003,0.001
194,0.01850279,-3.9155842e-20,-3.8067689e-20,0.8979575,3.242661,-0.91027743,0.050000001,0.44112697,-0.30123863,-2.8053976e-23,3.24266,-0.91027802,0.001
194,0.0073707635,6.8193674e-20,7.4889359e-20,0.95207196,3.313941,-0.91011947,0.050000001,0.47174314,-0.31943887,1.1330867e-23,3.31394,-0.91012001,0.001
194,-0.0050528818,9.6203109e-20,1.0096648e-19,1.0176085,3.3852203,-0.9099645,0.050000001,0.50553995,-0.3324267,-3.7703449e-23,3.3852201,-0.90996498,0.001
194,-0.018707572,-7.4207184e-22,4.5245644e-22,1.0915228,3.456506,-0.90981263,0.050000001,0.54223055,-0.33966649,1.5148511e-26,3.4565101,-0.90981299,0.001
194,-0.033485223,-1.8435861e-20,-9.0665826e-20,1.1703082,3.5277944,-0.90966451,0.050000001,0.58147514,-0.34072077,-7.4125883e-23,3.5277901,-0.90966499,0.001
194,-0.049221754,-4.1559968e-20,-1.437327e-19,1.250205,3.5990882,-0.90951949,0.050000001,0.62286544,-0.33528662,-5.8605303e-23,3.5990901,-0.90951997,0.001
194,-0.065684974,-1.4782448e-19,-3.2557454e-19,1.3274413,3.6703823,-0.9093768,0.050000001,0.66590559,-0.32322776,-3.4961709e-22,3.6703801,-0.90937698,0.001
194,-0.082580388,-6.888713e-20,-1.2158115e-19,1.3984392,3.7416801,-0.90923738,0.050000001,0.7100383,-0.30459484,-9.7652195e-23,3.7416799,-0.90923798,0.001
194,-0.099555776,1.4105179e-20,-2.7073746e-20,1.4601622,3.8129823,-0.90910143,0.050000001,0.75464928,-0.2796388,-6.7704839e-23,3.8129799,-0.90910202,0.001
194,-0.11621802,-1.0781298e-19,-2.8287488e-19,1.5102808,3.8842881,-0.90896845,0.050000001,0.7991001,-0.24880101,-3.6645679e-22,3.88429,-0.90896899,0.001
194,-0.13215199,8.4601884e-21,8.0232041e-20,1.5472158,3.9555919,-0.90883803,0.050000001,0.84276271,-0.21268719,1.2057778e-22,3.95559,-0.90883797,0.001
194,-0.14694828,5.4187965e-20,2.2972052e-19,1.5701691,4.0268998,-0.90871066,0.050000001,0.88505805,-0.17202112,4.0917763e-22,4.0268998,-0.90871102,0.001
194,-0.16022199,1.3433954e-20,-1.3715139e-20,1.5789596,4.0982099,-0.90858585,0.050000001,0.92546487,-0.12760893,2.8412401e-25,4.0982099,-0.90858603,0.001
194,-0.17163464,-7.1909452e-21,-8.3984572e-20,1.5737547,4.1695256,-0.90846366,0.050000001,0.96354073,-0.080293536,-1.378001e-22,4.1695299,-0.90846401,0.001
194,-0.18090799,1.5147207e-20,8.5542696e-20,1.5545526,4.2408447,-0.90834385,0.050000001,0.99890804,-0.030935625,1.4833562e-22,4.24084,-0.90834397,0.001
194,-0.18783553,-2.1062266e-21,-2.1873897e-21,1.5210375,4.3121624,-0.90822661,0.050000001,1.0312407,0.019600926,0,4.31216,-0.90822703,0.001
194,-0.19228983,-3.8076652e-20,3.116953e-19,1.4726557,4.383482,-0.90811205,0.050000001,1.0602365,0.070438676,4.5986032e-22,4.3834801,-0.90811199,0.001
194,-0.19422884,-2.2397416e-20,2.129506e-19,1.4086993,4.4548082,-0.90799981,0.050000001,1.0856045,0.12068662,3.02372e-22,4.4548101,-0.90799999,0.001
194,-0.19369438,-9.2418022e-21,2.3527478e-23,1.328683,4.5261321,-0.90788978,0.050000001,1.1070517,0.16942604,7.6367991e-24,4.5261302,-0.90789002,0.001
194,-0.19081117,-3.1767522e-20,1.1146873e-19,1.2328204,4.5974603,-0.90778267,0.050000001,1.1242993,0.21573459,1.4432942e-22,4.5974598,-0.90778297,0.001
194,-0.18578723,4.3831735e-20,-1.9727977e-19,1.1225423,4.6687903,-0.90767723,0.050000001,1.1371192,0.25871104,-3.3641219e-22,4.6687899,-0.90767699,0.001
194,-0.17890278,2.5263117e-20,-1.0080784e-19,1.0008303,4.7401223,-0.90757382,0.050000001,1.1453792,0.29753929,-1.7452239e-22,4.7401199,-0.907574,0.001
194,-0.17049371,2.5136147e-21,2.7864886e-23,0.87210727,4.8114581,-0.90747285,0.050000001,1.1490718,0.331561,5.2243994e-24,4.81146,-0.90747303,0.001
194,-0.16093042,-4.2558262e-20,1.0759905e-19,0.74176043,4.882792,-0.90737402,0.050000001,1.1483667,0.36033911,1.1139891e-22,4.8827901,-0.90737402,0.001
194,-0.15058984,7.4248714e-20,-2.0825701e-19,0.61529297,4.9541297,-0.90727741,0.050000001,1.1436144,0.38370559,-2.3117956e-22,4.9541302,-0.907278,0.001
194,-0.13983113,7.2324692e-20,-2.1216265e-19,0.49764383,5.0254698,-0.90718257,0.050000001,1.1353095,0.40175995,-2.5852433e-22,5.0254698,-0.90718299,0.001
194,-0.12897389,-7.1661771e-20,2.1153284e-19,0.39263552,5.0968099,-0.90708977,0.050000001,1.1240571,0.41484159,2.2180686e-22,5.0968099,-0.90709001,0.001
194,-0.11828323,-1.1778161e-19,3.0645398e-19,0.3024604,5.1681542,-0.90699905,0.050000001,1.1105072,0.42347142,2.8020029e-22,5.1681499,-0.90699899,0.001
194,-0.1079635,-1.1874064e-19,3.0742946e-19,0.22776836,5.2395024,-0.90690982,0.050000001,1.0953046,0.42827761,2.7941935e-22,5.2395,-0.90691,0.001
194,-0.09816277,1.4297964e-21,4.5501659e-21,0.16795252,5.3108478,-0.90682286,0.050000001,1.0790372,0.42992446,-6.6188404e-24,5.3108501,-0.90682298,0.001
194,-0.088975444,8.8416601e-22,2.5462029e-21,0.12150505,5.382194,-0.90673786,0.050000001,1.0621976,0.42905623,-6.1236779e-24,5.3821902,-0.90673798,0.001
194,-0.08045096,9.8815236e-22,6.1216222e-22,0.086452477,5.4535484,-0.906654,0.050000001,1.0451797,0.42625597,-5.1234378e-24,5.4535499,-0.906654,0.001
194,-0.072607592,-3.8316767e-20,9.2749862e-20,0.060662318,5.5248981,-0.90657175,0.050000001,1.0282773,0.42202377,5.6496268e-23,5.5249,-0.90657198,0.001
194,-0.065438285,-4.0122318e-20,9.2118303e-20,0.042074099,5.5962477,-0.90649134,0.050000001,1.0116885,0.4167693,6.1271754e-23,5.5962501,-0.90649199,0.001
194,-0.058919713,3.5545356e-20,-9.2226121e-20,0.028943794,5.6676059,-0.90641278,0.050000001,0.99553424,0.4108153,-4.2612919e-23,5.6676102,-0.90641302,0.001
194,-0.053019416,-3.4970563e-21,-1.9879719e-21,0.019848086,5.7389622,-0.90633601,0.050000001,0.97987354,0.40440843,7.9493356e-24,5.7389598,-0.90633601,0.001
194,-0.047698777,-1.1382571e-19,2.6846625e-19,0.013622302,5.8103223,-0.90626085,0.050000001,0.96471626,0.39773056,1.2918169e-22,5.8103199,-0.90626103,0.001
194,-0.042917673,-7.6089734e-20,1.7702101e-19,0.0094142938,5.8816824,-0.90618688,0.050000001,0.95004201,0.39091229,8.2698087e-23,5.88168,-0.906187,0.001
194,-0.038635869,3.3309478e-20,-8.6895188e-20,0.0065959194,5.9530401,-0.90611398,0.050000001,0.93580824,0.3840428,-2.6858969e-23,5.9530401,-0.90611398,0.001
194,-0.034814663,6.6791765e-20,-1.7176806e-19,0.0047234418,6.0243998,-0.90604299,0.050000001,0.92195851,0.37717956,-4.8433157e-23,6.0244002,-0.90604299,0.001
194,-0.031417649,-5.0836634e-21,-2.0749301e-21,0.0034961896,6.0957618,-0.90597367,0.050000001,0.90842813,0.37035683,1.3120701e-23,6.0957599,-0.90597397,0.001
194,-0.028411133,-1.7067423e-19,4.1346874e-19,0.002699302,6.16713,-0.90590525,0.050000001,0.89514792,0.3635903,1.211451e-22,6.16713,-0.90590501,0.001
194,-0.025764899,-1.3353961e-19,3.2963752e-19,0.0021972258,6.2384958,-0.90583819,0.050000001,0.8820501,0.35688195,8.8416767e-23,6.2385001,-0.90583801,0.001
194,-0.023451738,3.2450234e-20,-8.0481068e-20,0.0018889457,6.3098598,-0.90577281,0.050000001,0.86906683,0.35022298,-2.064948e-23,6.3098602,-0.90577298,0.001
194,-0.021447182,3.1143544e-20,-8.028511e-20,0.0017075976,6.3812299,-0.90570867,0.050000001,0.8561303,0.34359446,-1.6341987e-23,6.3812299,-0.90570903,0.001
194,-0.019730091,-6.1597807e-20,1.5502303e-19,0.0016514772,6.4526,-0.90564519,0.050000001,0.84317678,0.33697027,3.1678792e-23,6.4526,-0.90564501,0.001
194,-0.018282143,-3.2757299e-20,7.7378539e-20,0.0018293597,6.5239697,-0.90558362,0.050000001,0.83014452,0.33032078,2.2247083e-23,6.5239701,-0.90558398,0.001
194,-0.017087977,2.7285706e-20,-7.6495259e-20,0.0025905557,6.5953417,-0.90552306,0.050000001,0.81696838,0.32362381,-6.0742416e-24,6.5953398,-0.905523,0.001
194,-0.016135428,-8.5395445e-20,2.2445923e-19,0.0045988648,6.6667156,-0.9054637,0.050000001,0.8035717,0.31688043,3.2195342e-23,6.6667199,-0.90546399,0.001
194,-0.015416076,-5.626677e-20,1.4973914e-19,0.0087291319,6.7380877,-0.90540498,0.050000001,0.78985703,0.31013495,2.0506141e-23,6.73809,-0.90540498,0.001
194,-0.014925626,2.8037994e-20,-7.3466996e-20,0.015608569,6.8094616,-0.90534776,0.050000001,0.7756992,0.30347574,-1.0743604e-23,6.8094602,-0.905348,0.001
194,-0.014664836,-3.511645e-21,-1.8246578e-21,0.024780551,6.8808398,-0.9052918,0.050000001,0.76096284,0.29700074,9.7066124e-24,6.8808398,-0.90529197,0.001
194,-0.014639127,3.6445791e-20,-1.0335734e-19,0.033844315,6.95222,-0.90523696,0.050000001,0.74555159,0.29073086,-9.0770122e-24,6.95222,-0.90523702,0.001
194,-0.014856121,4.0182728e-20,-1.0075298e-19,0.038149521,7.0235982,-0.9051832,0.050000001,0.7294814,0.28448489,-2.1967348e-23,7.0236001,-0.90518302,0.001
194,-0.015320631,4.9545514e-22,8.1895056e-22,0.031483099,7.0949721,-0.90513027,0.050000001,0.71296012,0.27776685,-3.1585204e-24,7.0949702,-0.90513003,0.001
194,-0.016027655,-5.9457555e-20,1.5869708e-19,0.0077881003,7.1663523,-0.90507823,0.050000001,0.69643104,0.26972744,3.2535104e-23,7.1663499,-0.90507799,0.001
194,-0.016954904,-1.1321293e-20,3.2995437e-20,-0.0365959,7.2377386,-0.90502745,0.050000001,0.68055695,0.25925255,3.9929003e-24,7.23774,-0.90502697,0.001
194,-0.018057333,7.0077779e-20,-1.8745057e-19,-0.10121419,7.3091202,-0.90497792,0.050000001,0.66612613,0.24516784,-4.456563e-23,7.3091202,-0.90497798,0.001
194,-0.019267179,2.1842883e-20,-6.1722259e-20,-0.18114412,7.3804998,-0.90492845,0.050000001,0.65390688,0.22649883,-1.5995277e-23,7.3804998,-0.90492803,0.001
194,-0.020500071,-2.5000369e-20,8.8770981e-20,-0.2682339,7.4518819,-0.90488023,0.050000001,0.64451194,0.20269708,2.7310134e-23,7.45188,-0.90487999,0.001
194,-0.021666965,-1.8694017e-21,-5.0433913e-23,-0.3533127,7.5232677,-0.90483302,0.050000001,0.63830733,0.17375195,6.7629953e-24,7.5232701,-0.90483302,0.001
194,-0.0226868,2.8452687e-20,-1.1839563e-19,-0.42836723,7.5946522,-0.90478659,0.050000001,0.63539338,0.140172,-3.4176285e-23,7.5946498,-0.904787,0.001
194,-0.023497501,5.5616708e-21,-2.9240838e-20,-0.48801199,7.6660399,-0.90474099,0.050000001,0.63564742,0.10284879,-1.3675039e-23,7.6660399,-0.90474099,0.001
194,-0.024062419,4.0016894e-21,-1.1970251e-19,-0.5298034,7.7374282,-0.90469664,0.050000001,0.63879746,0.062888175,-4.132131e-23,7.7374301,-0.904697,0.001
194,-0.024371851,-4.8240372e-22,2.9528364e-20,-0.55372089,7.8088117,-0.90465283,0.050000001,0.64449537,0.021450076,6.8380861e-24,7.8088102,-0.90465301,0.001
194,-0.024440005,-4.4646985e-21,1.8053389e-19,-0.56128693,7.8801999,-0.90460986,0.050000001,0.65237141,-0.020374754,4.7917355e-23,7.8801999,-0.90460998,0.001
194,-0.024300002,-3.0902985e-21,1.0069812e-23,-0.55475533,7.9515901,-0.90456742,0.050000001,0.66206169,-0.061618857,-7.0430598e-24,7.9515901,-0.904567,0.001
194,-0.02409517,-7.4026849e-21,-4.2337091e-20,-0.54243231,8,-0.90453923,0.050000001,0.6696282,-0.088640071,-1.6031381e-23,8,-0.90453917,0.001
194,-0.36753133,-1.7506479e-19,6.9475215e-19,2.2129831,1.0000004,-0.83821827,0.050000001,0.79390931,0.17532195,2.9805929e-21,1,-0.83821028,0.001
194,-0.3609882,-3.1961142e-19,1.2890614e-18,2.1795139,1.0351819,-0.83794576,0.050000001,0.79059273,0.18595222,5.3256481e-21,1.03518,-0.83793902,0.001
194,-0.34479985,-3.6226592e-19,1.2871271e-18,2.1075702,1.1062846,-0.83747226,0.050000001,0.78124982,0.20619375,5.3277544e-21,1.10629,-0.83746803,0.001
194,-0.32584393,-1.0949538e-19,2.4389922e-19,2.0323913,1.177405,-0.83705717,0.050000001,0.76910025,0.22457166,1.1756659e-21,1.17741,-0.83705503,0.001
194,-0.30443418,7.6822545e-20,-3.0393966e-19,1.9556496,1.2485416,-0.83668494,0.050000001,0.75409031,0.24052759,-9.1600802e-22,1.24854,-0.83668399,0.001
194,-0.28097367,1.7377103e-19,-6.0952142e-19,1.8794104,1.3196921,-0.83634484,0.050000001,0.73626173,0.25360671,-1.8699504e-21,1.31969,-0.83634502,0.001
194,-0.25593314,-4.6234275e-20,1.2538585e-19,1.8059981,1.3908497,-0.8360287,0.050000001,0.71573246,0.26347688,3.7336986e-22,1.3908499,-0.83602899,0.001
194,-0.22981815,-4.1633567e-20,1.5444714e-19,1.7378026,1.4620154,-0.83573103,0.050000001,0.6926741,0.26994354,4.1773956e-22,1.46202,-0.83573198,0.001
194,-0.20314151,1.2151334e-19,-1.8906008e-19,1.6771048,1.5331899,-0.8354466,0.050000001,0.66728085,0.27295125,-7.9137855e-22,1.53319,-0.83544803,0.001
194,-0.17639776,2.1855099e-19,-4.1836061e-19,1.6258497,1.6043723,-0.83517253,0.050000001,0.63974893,0.27257603,-1.2143957e-21,1.60437,-0.83517402,0.001
194,-0.15004796,1.83127e-19,-5.2657806e-19,1.5853895,1.6755604,-0.83490819,0.050000001,0.61026186,0.26900649,-8.938258e-22,1.67556,-0.83490998,0.001
194,-0.12450852,9.2547552e-20,-1.9860498e-19,1.5561413,1.7467502,-0.83465123,0.050000001,0.57898557,0.2625179,-3.4380477e-22,1.74675,-0.83465302,0.001
194,-0.10013986,1.8768426e-19,-3.9423994e-19,1.5370685,1.8179443,-0.83440059,0.050000001,0.54608172,0.25343263,-6.1883207e-22,1.81794,-0.83440202,0.001
194,-0.077245936,-3.2769733e-20,8.5005319e-20,1.5251806,1.8891462,-0.8341558,0.050000001,0.51174992,0.24206457,1.20998e-23,1.88915,-0.83415699,0.001
194,-0.056078982,-1.2275279e-19,3.142553e-19,1.5153548,1.9603503,-0.8339166,0.050000001,0.47629976,0.22865222,3.2405353e-22,1.96035,-0.83391798,0.001
194,-0.036832277,7.2106756e-20,-1.8720931e-19,1.5007733,2.0315604,-0.83368284,0.050000001,0.44020909,0.21328731,-1.0234336e-22,2.0315599,-0.83368403,0.001
194,-0.019647099,4.8490911e-21,2.5436649e-20,1.4741691,2.1027722,-0.83345377,0.050000001,0.4041791,0.19587709,-2.6213592e-23,2.1027701,-0.83345503,0.001
194,-0.0046085659,-3.3784748e-20,8.7999454e-20,1.4295932,2.1739898,-0.83322984,0.050000001,0.36912081,0.17615208,2.0252374e-23,2.17399,-0.83323097,0.001
194,0.0082511604,4.6310621e-20,-1.3061373e-19,1.364044,2.2452161,-0.8330102,0.050000001,0.3360877,0.15374096,6.4619882e-23,2.2452199,-0.83301097,0.001
194,0.018950295,3.5285234e-20,-1.4961329e-19,1.2782828,2.3164423,-0.8327952,0.050000001,0.30615872,0.12828712,1.0924122e-22,2.3164401,-0.83279598,0.001
194,0.027555605,-1.5937305e-20,-1.3897783e-20,1.176494,2.3876722,-0.83258498,0.050000001,0.28029862,0.099559046,5.6407751e-23,2.38767,-0.83258599,0.001
194,0.034169625,-1.3684942e-20,1.0210681e-19,1.0651135,2.4589102,-0.83237892,0.050000001,0.2592656,0.067543343,-1.0088252e-22,2.45891,-0.83238,0.001
194,0.038930126,-1.5525926e-20,1.3013452e-19,0.95138943,2.5301504,-0.8321771,0.050000001,0.24355213,0.032467995,-1.6302114e-22,2.5301499,-0.832178,0.001
194,0.041972954,-3.0424474e-21,6.1511748e-20,0.84219301,2.6013947,-0.83197993,0.050000001,0.23336032,-0.0051770345,-1.0759858e-22,2.6013899,-0.831981,0.001
194,0.043432098,2.3739378e-20,5.1054996e-20,0.74332678,2.6726449,-0.83178717,0.050000001,0.22866242,-0.044737514,-9.27896e-23,2.6726401,-0.831788,0.001
194,0.043439887,-2.0066017e-20,-8.0994592e-20,0.65927607,2.7438948,-0.8315981,0.050000001,0.22929372,-0.085469291,1.4373376e-22,2.74389,-0.831599,0.001
194,0.042098586,-3.2836783e-20,-6.8163011e-20,0.59323287,2.8151481,-0.83141267,0.050000001,0.23496649,-0.12653975,1.1686649e-22,2.81515,-0.83141398,0.001
194,0.039490782,5.5390444e-20,1.185815e-19,0.54723346,2.8864059,-0.83123124,0.050000001,0.24530026,-0.16709808,-1.7766645e-22,2.88641,-0.83123201,0.001
194,0.035672884,3.6064299e-21,2.2654058e-20,0.52233785,2.9576681,-0.83105403,0.050000001,0.25988778,-0.20631789,-4.8905429e-23,2.95767,-0.83105499,0.001
194,0.030671848,-5.3500132e-20,-4.0675618e-20,0.51882356,3.0289345,-0.83088034,0.050000001,0.27833885,-0.2434182,1.5561171e-23,3.0289299,-0.830881,0.001
194,0.024488332,-9.3372511e-21,1.8628668e-20,0.53632975,3.1002045,-0.83071107,0.050000001,0.30031627,-0.27766964,-5.070932e-23,3.1001999,-0.83071202,0.001
194,0.017101789,5.01288e-23,-3.8007147e-22,0.57397789,3.1714783,-0.83054465,0.050000001,0.32554895,-0.30838311,0,3.1714799,-0.83054501,0.001
194,0.0084788557,-3.1261029e-20,-3.927185e-20,0.63041174,3.2427545,-0.83038205,0.050000001,0.35383779,-0.3348991,3.484853e-24,3.2427499,-0.830383,0.001
194,-0.0014187139,-1.3590279e-19,-1.5177053e-19,0.70373267,3.3140347,-0.83022326,0.050000001,0.38504496,-0.35658649,-2.9612399e-23,3.3140299,-0.83022398,0.001
194,-0.012617396,-1.823388e-19,-1.811866e-19,0.79140979,3.3853142,-0.83006752,0.050000001,0.41906351,-0.3728328,-8.23651e-23,3.3853099,-0.83006799,0.001
194,-0.025116662,-7.8912197e-20,-6.9900471e-20,0.89022624,3.4566,-0.82991463,0.050000001,0.45578328,-0.38306105,-4.9264859e-23,3.4566,-0.82991499,0.001
194,-0.038871154,1.3413567e-19,2.100467e-19,0.99634463,3.5278902,-0.82976568,0.050000001,0.49504316,-0.38676035,1.6024137e-22,3.52789,-0.82976598,0.001
194,-0.05377467,1.2968863e-19,2.3036517e-19,1.1053822,3.59918,-0.82961994,0.050000001,0.53659606,-0.38353109,1.8301346e-22,3.59918,-0.82962,0.001
194,-0.069646433,-1.6820387e-19,-2.6754632e-19,1.21267,3.670476,-0.82947665,0.050000001,0.58008629,-0.3731319,-2.8049869e-22,3.67048,-0.82947701,0.001
194,-0.086224705,-1.8294624e-19,-3.7156612e-19,1.3136859,3.7417748,-0.8293364,0.050000001,0.62503946,-0.35552603,-3.638586e-22,3.74177,-0.829337,0.001
194,-0.10317373,-5.5262134e-20,-1.3744401e-19,1.4043508,3.8130746,-0.82919943,0.050000001,0.67088848,-0.33090094,-1.5296819e-22,3.8130701,-0.82920003,0.001
194,-0.12009463,-5.8466431e-20,-1.2034708e-19,1.4813727,3.8843782,-0.82906544,0.050000001,0.71699715,-0.29967341,-1.9019045e-22,3.8843801,-0.82906598,0.001
194,-0.13654754,-8.3134876e-20,-1.9384974e-19,1.5425423,3.955682,-0.82893419,0.050000001,0.76270062,-0.26247019,-3.5139414e-22,3.9556799,-0.82893503,0.001
194,-0.15208235,-7.1292791e-20,-1.1866504e-19,1.5867083,4.0269899,-0.8288058,0.050000001,0.80736238,-0.22007161,-2.5736879e-22,4.0269899,-0.82880598,0.001
194,-0.16626279,-1.4589941e-20,-9.4003874e-20,1.6136715,4.0982995,-0.82868046,0.050000001,0.85039812,-0.17336492,-1.4864362e-22,4.0983,-0.82868099,0.001
194,-0.17869447,5.0389995e-20,4.0847435e-19,1.6239922,4.1696119,-0.82855749,0.050000001,0.89130366,-0.12328618,7.8347469e-22,4.16961,-0.82855803,0.001
194,-0.18904407,4.3081909e-20,4.3259928e-19,1.6184901,4.2409301,-0.82843709,0.050000001,0.92966914,-0.07077273,7.6423052e-22,4.2409301,-0.82843697,0.001
194,-0.19704686,-6.6087955e-21,-1.6618503e-19,1.5977826,4.3122482,-0.82831883,0.050000001,0.96516031,-0.01674775,-3.3614085e-22,4.3122501,-0.82831901,0.001
194,-0.20252411,3.045321e-21,-9.6153917e-20,1.5620428,4.3835678,-0.82820344,0.050000001,0.99749529,0.037882138,-1.7709658e-22,4.3835702,-0.82820398,0.001
194,-0.20539531,-2.7264996e-21,8.6995063e-20,1.5109779,4.4548922,-0.82809067,0.050000001,1.0264205,0.09222123,1.7324009e-22,4.4548898,-0.82809103,0.001
194,-0.20565584,-5.5874281e-21,8.9006288e-20,1.443887,4.5262184,-0.8279798,0.050000001,1.0516846,0.14536053,1.9409049e-22,4.5262198,-0.82797998,0.001
194,-0.20338443,4.894344e-20,-2.9561913e-19,1.3601086,4.5975423,-0.82787168,0.050000001,1.0730242,0.1963599,-4.9735022e-22,4.5975399,-0.82787198,0.001
194,-0.19875717,1.0959222e-19,-5.0457811e-19,1.2597907,4.6688724,-0.82776564,0.050000001,1.0901895,0.24427469,-8.3495704e-22,4.66887,-0.827766,0.001
194,-0.19203354,-2.5116502e-20,9.2444801e-20,1.1445049,4.7402043,-0.82766163,0.050000001,1.1029717,0.28818589,1.5941193e-22,4.7402,-0.82766199,0.001
194,-0.18354391,-2.2475103e-20,9.2270046e-20,1.0174752,4.8115382,-0.82755983,0.050000001,1.1112444,0.32728133,1.9477765e-22,4.8115401,-0.82756001,0.001
194,-0.17366958,-1.094551e-20,-7.1273985e-21,0.88349354,4.8828721,-0.82746023,0.050000001,1.1150244,0.36093405,-4.7696814e-24,4.8828702,-0.82745999,0.001
194,-0.16281632,5.6655478e-21,-4.2933893e-21,0.74833894,4.9542103,-0.8273629,0.050000001,1.1145093,0.38878062,3.7558804e-23,4.9542098,-0.82736301,0.001
194,-0.15138583,7.9738583e-20,-2.129577e-19,0.61789769,5.0255504,-0.82726699,0.050000001,1.1100668,0.41075251,-2.1298257e-22,5.0255499,-0.82726699,0.001
194,-0.13974752,3.9013885e-21,-1.0099716e-21,0.497338,5.0968904,-0.82717341,0.050000001,1.1022021,0.4270753,2.0622933e-23,5.09689,-0.82717401,0.001
194,-0.12821889,-8.1539245e-20,2.0776608e-19,0.39040038,5.1682324,-0.8270818,0.050000001,1.0915246,0.43822086,1.7915604e-22,5.1682301,-0.82708198,0.001
194,-0.11705232,1.6329415e-21,7.1808648e-21,0.29918924,5.2395778,-0.82699203,0.050000001,1.0786821,0.44483182,-5.936284e-24,5.2395802,-0.82699198,0.001
194,-0.10643442,8.422638e-20,-1.9847254e-19,0.22418025,5.3109221,-0.826904,0.050000001,1.0643023,0.44763908,-1.9257787e-22,5.3109198,-0.826904,0.001
194,-0.096487008,4.1534451e-20,-9.6033937e-20,0.16451097,5.3822699,-0.82681805,0.050000001,1.0489447,0.44738773,-7.4950312e-23,5.3822699,-0.82681799,0.001
194,-0.087278649,4.0154106e-20,-9.659907e-20,0.11848338,5.45362,-0.82673389,0.050000001,1.0330747,0.444776,-6.2850839e-23,5.45362,-0.82673401,0.001
194,-0.07883665,-8.164135e-20,1.8727038e-19,0.083938487,5.5249701,-0.82665104,0.050000001,1.0170574,0.440418,1.3196328e-22,5.5249701,-0.82665098,0.001
194,-0.071156554,-1.2298618e-19,2.7850874e-19,0.058654092,5.5963221,-0.8265698,0.050000001,1.001158,0.43482658,1.7860082e-22,5.5963202,-0.82656997,0.001
194,-0.064212888,7.5202104e-20,-1.8158937e-19,0.040542558,5.6676779,-0.8264904,0.050000001,0.9855513,0.42841098,-9.2746168e-23,5.6676798,-0.826491,0.001
194,-0.057968214,7.9471759e-20,-1.8192625e-19,0.027821602,5.7390318,-0.8264128,0.050000001,0.97033405,0.42148536,-1.055076e-22,5.7390299,-0.82641298,0.001
194,-0.05237693,-7.9726136e-20,1.7672429e-19,0.019032704,5.8103924,-0.82633686,0.050000001,0.95554769,0.41428131,9.5575478e-23,5.81039,-0.82633698,0.001
194,-0.047391597,-3.7072322e-20,8.8871245e-20,0.013049152,5.8817525,-0.826262,0.050000001,0.94119173,0.40696481,3.8216802e-23,5.8817501,-0.826262,0.001
194,-0.042964887,3.7116172e-20,-8.493729e-20,0.0090218605,5.9531097,-0.82618886,0.050000001,0.92723596,0.39964902,-3.49753e-23,5.9531102,-0.82618898,0.001
194,-0.039051533,-7.8278299e-20,1.6493475e-19,0.0063373037,6.0244722,-0.82611704,0.050000001,0.9136312,0.39240578,7.9613326e-23,6.0244699,-0.82611698,0.001
194,-0.035609152,-5.1533546e-21,3.8355206e-21,0.0045707854,6.0958347,-0.82604688,0.050000001,0.90031528,0.38527736,1.5442531e-23,6.09583,-0.826047,0.001
194,-0.03259901,1.4299568e-19,-3.2885509e-19,0.0034191206,6.1671982,-0.82597786,0.050000001,0.88721937,0.37828299,-1.2122448e-22,6.1672001,-0.82597798,0.001
194,-0.029986631,3.7789349e-20,-8.1053218e-20,0.0026860342,6.2385621,-0.82591003,0.050000001,0.87427354,0.37142554,-3.5913035e-23,6.2385602,-0.82590997,0.001
194,-0.027741008,1.0151002e-19,-2.3815008e-19,0.0022290852,6.3099303,-0.82584381,0.050000001,0.86140621,0.36469522,-6.9767168e-23,6.3099298,-0.82584399,0.001
194,-0.025835093,6.8530473e-20,-1.5882935e-19,0.0019593772,6.3812981,-0.82577884,0.050000001,0.84854716,0.35807094,-4.8523639e-23,6.3813,-0.82577902,0.001
194,-0.024245571,-9.515635e-20,2.3494543e-19,0.001897417,6.4526682,-0.82571501,0.050000001,0.83562714,0.35152492,5.2705286e-23,6.4526701,-0.82571501,0.001
194,-0.022952614,-9.3533887e-20,2.3226991e-19,0.0022388061,6.5240407,-0.8256529,0.050000001,0.82257742,0.3450304,4.8921184e-23,6.5240402,-0.82565302,0.001
194,-0.021939965,-3.0692999e-20,7.6826454e-20,0.0034949838,6.5954103,-0.82559121,0.050000001,0.80932117,0.33857474,1.4719154e-23,6.5954099,-0.82559103,0.001
194,-0.021195289,3.1624637e-20,-7.2464395e-20,0.0064867721,6.6667776,-0.82553101,0.050000001,0.79576468,0.33218125,-2.2041252e-23,6.66678,-0.82553101,0.001
194,-0.020710833,-2.7912114e-20,7.1104355e-20,0.01201825,6.7381496,-0.82547224,0.050000001,0.78178811,0.32592142,1.2603524e-23,6.7381501,-0.825472,0.001
194,-0.020484021,-1.0091281e-21,2.9933118e-21,0.020200172,6.8095284,-0.82541418,0.050000001,0.76724964,0.31989837,1.0878995e-25,6.8095298,-0.825414,0.001
194,-0.0205178,5.539025e-20,-1.4273901e-19,0.029491771,6.8809023,-0.82535762,0.050000001,0.75202239,0.31417999,-2.4144511e-23,6.8808999,-0.82535797,0.001
194,-0.020819208,2.1740961e-20,-7.1107631e-20,0.036039427,6.95228,-0.825302,0.050000001,0.73605549,0.30867797,3.776601e-24,6.95228,-0.825302,0.001
194,-0.021395255,3.9963632e-20,-1.0172824e-19,0.033890851,7.0236583,-0.82524765,0.050000001,0.71946067,0.30301538,-1.8630425e-23,7.0236602,-0.825248,0.001
194,-0.022246275,1.4980609e-20,-3.2905684e-20,0.016367162,7.0950322,-0.82519382,0.050000001,0.7025764,0.29644051,-1.2013491e-23,7.0950298,-0.825194,0.001
194,-0.02335698,-3.8770692e-20,9.3370887e-20,-0.021685833,7.16641,-0.82514101,0.050000001,0.68597925,0.28785396,3.0887454e-23,7.16641,-0.82514101,0.001
194,-0.024688618,-2.6927496e-20,6.0615905e-20,-0.081749193,7.237792,-0.82508987,0.050000001,0.67042273,0.27597931,3.1709678e-23,7.2377901,-0.82508999,0.001
194,-0.026175752,2.5498947e-20,-6.287405e-20,-0.16060802,7.3091741,-0.82503945,0.050000001,0.65670878,0.25962573,-1.6895141e-23,7.3091698,-0.82503903,0.001
194,-0.027729344,1.4573749e-20,-3.0934445e-20,-0.25092304,7.380558,-0.82498986,0.050000001,0.64553857,0.2379581,-1.3603346e-23,7.3805599,-0.82498997,0.001
194,-0.02924672,-4.9577429e-21,2.8086087e-20,-0.34323502,7.4519401,-0.8249408,0.050000001,0.63739914,0.21068411,2.2125737e-23,7.4519401,-0.82494098,0.001
194,-0.030625997,3.3148952e-21,3.4895324e-22,-0.4284443,7.5233221,-0.82489306,0.050000001,0.63251317,0.17808564,-2.4728172e-24,7.5233202,-0.824893,0.001
194,-0.03178037,1.8590012e-20,-8.789375e-20,-0.49968502,7.594708,-0.82484603,0.050000001,0.63085866,0.14092688,-4.407558e-23,7.5947099,-0.82484603,0.001
194,-0.032647748,3.1652884e-22,-5.7324884e-22,-0.55312395,7.6660919,-0.82479978,0.050000001,0.63223636,0.10028636,8.0536269e-24,7.66609,-0.82480001,0.001
194,-0.033195898,-4.9605896e-21,-3.0763752e-20,-0.58771932,7.7374802,-0.82475477,0.050000001,0.63634491,0.057368774,-2.9842456e-24,7.7374802,-0.82475501,0.001
194,-0.03342212,2.0635985e-21,-2.9481883e-20,-0.60437906,7.8088679,-0.82471037,0.050000001,0.64283973,0.013370633,-1.0262704e-23,7.8088698,-0.82471001,0.001
194,-0.033348262,-1.6039955e-20,-6.3029747e-20,-0.6050722,7.8802519,-0.82466686,0.050000001,0.65137064,-0.030611727,-3.1542853e-23,7.88025,-0.82466698,0.001
194,-0.033015694,-4.6407502e-21,-3.1299597e-20,-0.59217364,7.9516397,-0.82462406,0.050000001,0.66159892,-0.073628053,-1.7820238e-23,7.9516401,-0.824624,0.001
194,-0.032652553,-3.6274447e-21,9.4202155e-21,-0.57585877,8,-0.82459545,0.050000001,0.66945577,-0.10157304,1.5309883e-24,8,-0.82459551,0.001
194,-0.3860403,-5.7772717e-20,1.1635729e-19,2.3804677,1.0000041,-0.75841558,0.050000001,0.63263863,0.1791635,6.296867e-22,1,-0.75841123,0.001
194,-0.37990335,-8.8426725e-20,1.3495662e-19,2.3564262,1.0353152,-0.75812757,0.050000001,0.63130778,0.19143952,6.3592332e-22,1.03531,-0.75812501,0.001
194,-0.36433068,1.8393682e-19,-5.5672223e-19,2.2995341,1.1064129,-0.75763339,0.050000001,0.62570083,0.21511163,-3.8262431e-21,1.10641,-0.75763297,0.001
194,-0.34572947,1.2596636e-19,-3.5205644e-19,2.235018,1.1775336,-0.7572034,0.050000001,0.61697716,0.23701221,-2.6400826e-21,1.1775301,-0.75720501,0.001
194,-0.32442591,-4.8789465e-20,-4.1824239e-20,2.1646354,1.2486683,-0.75682056,0.050000001,0.60504544,0.25648248,6.5108303e-22,1.24866,-0.756823,0.001
194,-0.30085412,-7.2185667e-20,-8.1737335e-20,2.0908108,1.3198142,-0.75647336,0.050000001,0.58990306,0.27298257,6.4272716e-22,1.31981,-0.756477,0.001
194,-0.27553123,-1.3046684e-19,2.3699877e-19,2.0163767,1.3909696,-0.75615203,0.050000001,0.57161903,0.28611693,8.9933162e-22,1.39097,-0.75615603,0.001
194,-0.24901962,-1.0196374e-19,2.6514334e-19,1.9442377,1.462134,-0.75585032,0.050000001,0.55031765,0.29565352,8.1963249e-22,1.46213,-0.75585502,0.001
194,-0.22189176,-5.4340991e-20,9.3535386e-20,1.8769966,1.5333061,-0.75556296,0.050000001,0.52615136,0.3015233,4.3997532e-22,1.5333,-0.75556803,0.001
194,-0.19470295,1.223239e-20,-2.3977189e-20,1.8165336,1.6044838,-0.75528669,0.050000001,0.49929678,0.30380324,3.6998533e-23,1.60448,-0.755292,0.001
194,-0.16797066,1.2115885e-20,1.0299906e-22,1.7635103,1.6756697,-0.75502014,0.050000001,0.46995372,0.30268657,1.542668e-24,1.67567,-0.75502503,0.001
194,-0.14215893,-1.7264786e-20,-8.5144046e-20,1.7168204,1.7468599,-0.75476176,0.050000001,0.43836364,0.29843321,9.6709424e-23,1.74686,-0.754767,0.001
194,-0.11766616,-1.6125837e-19,1.4485113e-19,1.6732602,1.8180542,-0.75450975,0.050000001,0.4048495,0.29129755,6.1454688e-22,1.81805,-0.75451499,0.001
194,-0.094821498,-7.1496587e-20,4.5944852e-20,1.6276046,1.8892543,-0.7542637,0.050000001,0.36987513,0.28145042,2.9331025e-22,1.88925,-0.754269,0.001
194,-0.073886923,-2.0255101e-20,-8.9595305e-20,1.5733521,1.9604561,-0.75402325,0.050000001,0.33410141,0.26891249,3.4842623e-23,1.9604501,-0.75402802,0.001
194,-0.055051554,5.2573063e-20,-2.1801046e-21,1.5041829,2.0316637,-0.75378823,0.050000001,0.29840034,0.25351766,-9.8090202e-23,2.0316601,-0.753793,0.001
194,-0.038434569,1.9766781e-19,-1.3571604e-19,1.4156628,2.1028776,-0.75355846,0.050000001,0.26381907,0.23494208,-4.5045129e-22,2.10288,-0.75356299,0.001
194,-0.024085689,1.5391797e-19,-1.7789446e-19,1.3065097,2.1740935,-0.75333369,0.050000001,0.23149289,0.21279097,-1.8545567e-22,2.1740899,-0.75333798,0.001
194,-0.011985991,1.2955269e-19,-2.0748758e-19,1.1789031,2.2453175,-0.75311345,0.050000001,0.20251472,0.18671097,-3.529004e-23,2.2453201,-0.75311798,0.001
194,-0.0020598725,-3.0971807e-20,1.0933989e-20,1.037956,2.3165438,-0.75289786,0.050000001,0.17783131,0.15651013,4.5529404e-23,2.31654,-0.75290197,0.001
194,0.0058215489,-5.7074073e-20,5.5598867e-20,0.89045894,2.3877738,-0.75268704,0.050000001,0.15815486,0.12222277,2.7913638e-23,2.3877699,-0.75269097,0.001
194,0.011823426,9.1249008e-21,-3.4588564e-20,0.74364269,2.4590094,-0.75248039,0.050000001,0.14393365,0.084142253,5.0919987e-23,2.4590099,-0.75248498,0.001
194,0.016132461,3.6513501e-21,-4.3331517e-20,0.60423082,2.530252,-0.75227773,0.050000001,0.13535817,0.042803735,7.0449444e-23,2.5302501,-0.75228202,0.001
194,0.018932641,2.8937087e-22,3.3880158e-20,0.47798145,2.6014962,-0.75207996,0.050000001,0.13233447,-0.0010455541,-5.4830194e-23,2.60149,-0.75208402,0.001
194,0.02038811,6.7412001e-21,4.2398218e-20,0.36945087,2.6727443,-0.75188655,0.050000001,0.1345436,-0.046565726,-7.4427127e-23,2.67274,-0.75189102,0.001
194,0.020638799,2.3879837e-22,-6.8074662e-22,0.28186724,2.7439942,-0.75169671,0.050000001,0.14159334,-0.092863865,1.4560202e-25,2.7439899,-0.751701,0.001
194,0.019793656,1.791618e-20,6.4684312e-21,0.21720314,2.8152435,-0.75151068,0.050000001,0.15301451,-0.13900609,1.6649383e-23,2.8152399,-0.75151497,0.001
194,0.017929209,-1.9705341e-21,-4.9702064e-21,0.17633688,2.8865013,-0.75132906,0.050000001,0.16826761,-0.18411168,2.2731581e-23,2.8864999,-0.751333,0.001
194,0.01508721,2.4266051e-20,1.7348356e-20,0.15933041,2.9577661,-0.7511518,0.050000001,0.18682837,-0.22737563,7.181521e-25,2.9577601,-0.75115597,0.001
194,0.011273073,1.0339465e-19,6.7190356e-20,0.16570912,3.0290346,-0.75097728,0.050000001,0.20823817,-0.26808506,1.1314872e-24,3.0290301,-0.75098097,0.001
194,0.0064613274,-6.4529749e-20,-3.7159939e-20,0.19472153,3.1003046,-0.75080717,0.050000001,0.23213899,-0.30560407,-3.0830189e-23,3.1003001,-0.75081098,0.001
194,0.00060090888,-1.2410068e-19,-7.584295e-20,0.2454205,3.1715741,-0.75064033,0.050000001,0.2582908,-0.33935297,-3.7549129e-23,3.1715701,-0.75064403,0.001
194,-0.0063774558,-2.3661376e-21,-2.3818828e-22,0.31667432,3.2428458,-0.75047684,0.050000001,0.28658086,-0.36877832,0,3.2428401,-0.75048101,0.001
194,-0.014553747,-6.7777176e-20,-8.1435492e-20,0.40702942,3.314126,-0.75031728,0.050000001,0.31701168,-0.39332581,-4.3678708e-24,3.3141201,-0.75032097,0.001
194,-0.024004657,1.4515798e-20,-1.3924899e-20,0.51448935,3.3854098,-0.75016117,0.050000001,0.3496621,-0.41241622,4.3659579e-23,3.3854101,-0.75016499,0.001
194,-0.034787804,-8.8555733e-20,-7.0216771e-20,0.63626677,3.4566939,-0.75000769,0.050000001,0.38463855,-0.42545065,-1.0751188e-22,3.4566901,-0.75001103,0.001
194,-0.046924822,-1.3428694e-19,-9.3376749e-20,0.76864833,3.5279818,-0.74985808,0.050000001,0.42202133,-0.43184328,-1.2716776e-22,3.5279801,-0.74986202,0.001
194,-0.060378052,1.6798268e-19,1.6320288e-19,0.90696716,3.5992715,-0.74971151,0.050000001,0.46179473,-0.43107191,2.3934653e-22,3.5992701,-0.74971497,0.001
194,-0.075031377,1.5024748e-19,2.0257873e-19,1.0458418,3.6705658,-0.74956787,0.050000001,0.50380623,-0.42274722,2.8512972e-22,3.6705599,-0.74957103,0.001
194,-0.090677798,-1.5377229e-19,-1.9565014e-19,1.179649,3.741864,-0.7494275,0.050000001,0.5477398,-0.40668377,-3.4341218e-22,3.7418599,-0.74943101,0.001
194,-0.10701562,-7.5690277e-20,-1.0062674e-19,1.303041,3.8131642,-0.74928969,0.050000001,0.59312004,-0.38294989,-1.5465358e-22,3.8131599,-0.74929303,0.001
194,-0.12365793,1.6656962e-19,2.9566602e-19,1.4114929,3.8844662,-0.74915463,0.050000001,0.63934618,-0.35188702,4.8796361e-22,3.88446,-0.74915802,0.001
194,-0.14015575,1.0305422e-19,1.8671446e-19,1.5017068,3.9557717,-0.74902284,0.050000001,0.68574238,-0.31409582,3.7343183e-22,3.95577,-0.749026,0.001
194,-0.15602505,-1.355529e-19,-4.1497247e-19,1.5717224,4.0270796,-0.7488941,0.050000001,0.73161256,-0.27039009,-8.059157e-22,4.0270801,-0.74889702,0.001
194,-0.17078124,-1.4959374e-19,-4.1537063e-19,1.620948,4.0983896,-0.74876791,0.050000001,0.77629447,-0.22173038,-8.1380138e-22,4.0983901,-0.74877101,0.001
194,-0.18397318,-9.4105463e-21,2.5296435e-21,1.6499586,4.1697021,-0.74864405,0.050000001,0.81919974,-0.16915095,-2.8379991e-23,4.1697001,-0.74864697,0.001
194,-0.19520554,-2.5385643e-20,-1.6111202e-19,1.6600267,4.2410159,-0.74852312,0.050000001,0.85983992,-0.11369464,-3.4985216e-22,4.2410102,-0.74852598,0.001
194,-0.20415534,2.2836112e-20,-2.0797792e-20,1.6526371,4.3123336,-0.7484045,0.050000001,0.89782822,-0.056372318,-3.4101301e-24,4.3123298,-0.74840802,0.001
194,-0.21057889,3.980355e-20,-1.0629572e-19,1.6289576,4.3836536,-0.74828804,0.050000001,0.93286073,0.0018455351,-1.9488131e-22,4.3836498,-0.74829102,0.001
194,-0.21437466,-2.9718558e-21,8.5676505e-20,1.5895631,4.4549761,-0.74817473,0.050000001,0.96468925,0.060029522,1.7193038e-22,4.4549699,-0.74817801,0.001
194,-0.21549147,-1.9164188e-20,1.9365967e-19,1.5343572,4.5263019,-0.74806327,0.050000001,0.99309152,0.11727046,3.4406462e-22,4.5263,-0.74806601,0.001
194,-0.21393353,6.339096e-20,-3.6047619e-19,1.462643,4.5976257,-0.74795425,0.050000001,1.0178469,0.17264348,-7.324028e-22,4.59762,-0.74795699,0.001
194,-0.20985107,1.4803195e-20,-1.0665498e-19,1.3737754,4.6689539,-0.74784768,0.050000001,1.0387275,0.22519994,-1.7686886e-22,4.6689501,-0.74785101,0.001
194,-0.20347545,-1.2235448e-19,4.9209006e-19,1.2680266,4.7402859,-0.74774307,0.050000001,1.0555022,0.27397323,8.3522533e-22,4.7402802,-0.74774599,0.001
194,-0.19511805,-8.3825829e-21,1.1487491e-19,1.1471878,4.8116183,-0.74764073,0.050000001,1.0679773,0.31804731,1.5452456e-22,4.8116102,-0.74764401,0.001
194,-0.1851555,2.5462786e-20,-9.9498628e-20,1.0148947,4.8829541,-0.74754024,0.050000001,1.0760599,0.35664278,-1.6691849e-22,4.8829498,-0.74754298,0.001
194,-0.1740067,-4.0083844e-21,-9.3427611e-21,0.8764649,4.9542918,-0.74744207,0.050000001,1.0797999,0.38920435,2.7024964e-23,4.9542899,-0.74744499,0.001
194,-0.16210325,-1.1820968e-19,2.9124642e-19,0.73804814,5.0256281,-0.74734586,0.050000001,1.079415,0.41547513,3.9254067e-22,5.02562,-0.74734902,0.001
194,-0.14985605,-1.1888436e-19,3.0533516e-19,0.60565859,5.0969682,-0.74725145,0.050000001,1.0752875,0.4355256,3.7801311e-22,5.0969601,-0.74725401,0.001
194,-0.1376306,7.9519496e-20,-1.9336011e-19,0.48441425,5.1683116,-0.747159,0.050000001,1.0679374,0.44972506,-2.4671338e-22,5.1683102,-0.74716198,0.001
194,-0.12572868,-3.6272876e-21,-1.1297406e-20,0.37786424,5.2396564,-0.74706864,0.050000001,1.057965,0.45868087,9.430328e-24,5.2396498,-0.74707198,0.001
194,-0.11437777,-3.7735802e-20,9.5213872e-20,0.28781492,5.3109999,-0.74697977,0.050000001,1.045995,0.46315229,9.7415556e-23,5.3109999,-0.74698299,0.001
194,-0.10373454,4.8336881e-20,-9.2801438e-20,0.21439867,5.3823438,-0.74689299,0.050000001,1.0326203,0.46395814,-8.9258286e-23,5.38234,-0.74689603,0.001
194,-0.093890972,-4.9211875e-22,-1.0491951e-21,0.15644836,5.4536939,-0.74680823,0.050000001,1.0183603,0.46190074,1.2495915e-25,5.4536901,-0.74681097,0.001
194,-0.084888272,-4.3690039e-20,9.5657092e-20,0.11206391,5.525044,-0.74672502,0.050000001,1.0036433,0.45770779,7.5090477e-23,5.5250401,-0.746728,0.001
194,-0.076728545,3.5801285e-20,-8.9599008e-20,0.078994818,5.596396,-0.74664325,0.050000001,0.98879337,0.4520022,-6.0087434e-23,5.5963898,-0.74664599,0.001
194,-0.069386937,7.9714685e-20,-1.8157089e-19,0.054947857,5.6677518,-0.74656302,0.050000001,0.97404194,0.44529083,-1.0636106e-22,5.6677499,-0.746566,0.001
194,-0.06282264,1.1747005e-19,-2.6668897e-19,0.037816085,5.7391038,-0.74648434,0.050000001,0.95953411,0.43796846,-1.3604483e-22,5.7391,-0.74648702,0.001
194,-0.056984603,-6.6602778e-21,-2.5014174e-21,0.025841907,5.8104615,-0.74640763,0.050000001,0.94534695,0.43032843,8.2541183e-24,5.8104601,-0.74641103,0.001
194,-0.051818796,-8.4697472e-20,1.7303548e-19,0.01761288,5.8818245,-0.74633193,0.050000001,0.93150645,0.42258188,1.090254e-22,5.8818202,-0.74633503,0.001
194,-0.04727111,7.2431805e-20,-1.6875445e-19,0.012029185,5.9531817,-0.74625814,0.050000001,0.9180007,0.4148739,-6.0942673e-23,5.9531798,-0.746261,0.001
194,-0.043289896,-3.793469e-20,8.1941752e-20,0.0082850819,6.0245419,-0.74618602,0.050000001,0.90479195,0.40729663,2.8883779e-23,6.0245399,-0.746189,0.001
194,-0.039827034,3.6604568e-20,-7.8817019e-20,0.005809376,6.0959044,-0.74611503,0.050000001,0.8918252,0.39990467,-2.9472579e-23,6.0959001,-0.74611801,0.001
194,-0.036838837,1.8431431e-19,-4.1253862e-19,0.0041903295,6.1672659,-0.74604517,0.050000001,0.87903535,0.39272445,-1.5251755e-22,6.1672602,-0.74604797,0.001
194,-0.034286361,3.5524134e-20,-8.2485371e-20,0.0031454565,6.2386322,-0.74597722,0.050000001,0.8663519,0.38576132,-2.5971595e-23,6.2386298,-0.74598002,0.001
194,-0.032135475,3.7254092e-20,-7.8941536e-20,0.0024834685,6.3099961,-0.74591047,0.050000001,0.85370386,0.37900624,-2.5946634e-23,6.3099899,-0.74591303,0.001
194,-0.030356372,-4.8454831e-22,-3.1523435e-21,0.0021053792,6.3813639,-0.7458446,0.050000001,0.84101731,0.37243664,3.8477006e-24,6.3813601,-0.74584699,0.001
194,-0.028923856,-3.5795417e-20,7.5506164e-20,0.00206689,6.4527364,-0.74578041,0.050000001,0.82821929,0.36602613,2.530263e-23,6.4527302,-0.74578297,0.001
194,-0.027816892,3.2539117e-20,-7.7531587e-20,0.0026892093,6.5241089,-0.74571747,0.050000001,0.81523335,0.35975435,-2.0130509e-23,6.5240998,-0.74572003,0.001
194,-0.02701878,9.8111453e-20,-2.2368755e-19,0.0046373457,6.5954785,-0.74565518,0.050000001,0.80196935,0.35362557,-6.8465787e-23,6.59547,-0.74565798,0.001
194,-0.026517622,3.3519468e-20,-7.491588e-20,0.0087865656,6.6668463,-0.74559438,0.050000001,0.78831434,0.34768981,-2.4815303e-23,6.6668401,-0.745597,0.001
194,-0.026306842,-3.3176654e-20,7.278359e-20,0.015670251,6.7382159,-0.74553508,0.050000001,0.77412921,0.34204209,2.4517728e-23,6.7382102,-0.745538,0.001
194,-0.026386224,-1.4044394e-22,1.5864702e-22,0.024565158,6.8095922,-0.74547613,0.050000001,0.75926727,0.33677968,-4.2322166e-26,6.8095899,-0.74547899,0.001
194,-0.0267611,2.9003463e-20,-6.8994573e-20,0.032604102,6.8809662,-0.74541897,0.050000001,0.74362797,0.33189946,-1.7246868e-23,6.88096,-0.74542201,0.001
194,-0.02743951,-2.6464754e-22,-2.9796086e-21,0.034516294,6.952342,-0.74536276,0.050000001,0.7272318,0.32715398,3.5357373e-24,6.9523401,-0.74536598,0.001
194,-0.028426355,-2.9225538e-20,6.5785067e-20,0.023467047,7.0237155,-0.74530733,0.050000001,0.71030307,0.32192907,1.8245524e-23,7.0237098,-0.74531001,0.001
194,-0.029714493,-2.9112538e-20,6.1955039e-20,-0.0069464669,7.0950937,-0.74525315,0.050000001,0.69330812,0.31520694,2.7154476e-23,7.0950899,-0.74525601,0.001
194,-0.031274788,-2.5790692e-20,6.1339481e-20,-0.060239214,7.1664715,-0.74519992,0.050000001,0.67693096,0.3056756,3.1434075e-23,7.1664701,-0.74520302,0.001
194,-0.033049036,3.8705606e-21,-1.2324347e-21,-0.13532963,7.2378521,-0.74514818,0.050000001,0.66196841,0.29197118,-4.1577395e-24,7.2378502,-0.74515098,0.001
194,-0.034949005,3.9347192e-20,-8.968426e-20,-0.22637166,7.3092341,-0.74509746,0.050000001,0.64918709,0.27297544,-5.5176592e-23,7.3092299,-0.74510002,0.001
194,-0.036863782,2.6864411e-20,-6.0017996e-20,-0.32424876,7.3806162,-0.74504721,0.050000001,0.63918638,0.2480635,-4.2577859e-23,7.38061,-0.74505001,0.001
194,-0.038673431,-2.9238612e-20,8.744629e-20,-0.41905752,7.452002,-0.74499732,0.050000001,0.63231772,0.21722189,5.3055168e-23,7.4520001,-0.745,0.001
194,-0.040264718,-6.1042592e-22,4.8825004e-24,-0.50242609,7.5233817,-0.74494898,0.050000001,0.62867868,0.18101227,1.653268e-23,7.5233798,-0.74495202,0.001
194,-0.041546308,2.0535274e-20,-8.7666004e-20,-0.568896,7.5947638,-0.7449016,0.050000001,0.6281594,0.14041241,-4.7782943e-23,7.5947599,-0.74490398,0.001
194,-0.042456817,-5.7926606e-21,2.8565115e-20,-0.61607391,7.6661496,-0.74485499,0.050000001,0.63051814,0.096629947,1.3707908e-23,7.6661501,-0.74485803,0.001
194,-0.042967811,-1.0203488e-20,8.8095989e-20,-0.64397401,7.7375336,-0.74480915,0.050000001,0.63544828,0.05093661,5.4310347e-23,7.7375302,-0.74481201,0.001
194,-0.043083172,-1.0037661e-21,3.0550371e-20,-0.6540888,7.8089242,-0.74476439,0.050000001,0.64262259,0.0045401761,2.2658204e-23,7.8089199,-0.74476701,0.001
194,-0.042833477,-1.6032455e-20,-1.230929e-19,-0.64857244,7.8803096,-0.74472016,0.050000001,0.65171438,-0.041467588,-7.1556778e-23,7.8803101,-0.74472302,0.001
194,-0.042269144,1.7434565e-20,9.230712e-20,-0.62977254,7.9516935,-0.74467677,0.050000001,0.66240472,-0.086143099,5.2604047e-23,7.9516902,-0.74467897,0.001
194,-0.041717995,2.3937825e-20,1.5572189e-19,-0.60964614,8.0000038,-0.74464798,0.050000001,0.67050844,-0.11494362,8.396703e-23,8,-0.7446506,0.001
194,-0.39953408,1.2588477e-20,9.3517996e-20,2.3913014,1.0001065,-0.67845225,0.050000001,0.46868226,0.17909567,6.4343958e-22,1,-0.67853814,0.001
194,-0.39400911,4.2237471e-20,-3.1948812e-19,2.382313,1.0355363,-0.67815417,0.050000001,0.46837193,0.19313198,-2.1769514e-21,1.03543,-0.67824101,0.001
194,-0.37957206,4.0714224e-20,-8.4026645e-19,2.3508766,1.1066326,-0.67764848,0.050000001,0.46483192,0.2204455,-4.4296354e-21,1.10653,-0.677737,0.001
194,-0.36195087,2.9162105e-19,-7.7161977e-19,2.3067703,1.1777511,-0.67721039,0.050000001,0.45817354,0.24610257,-5.6894985e-21,1.17765,-0.67729998,0.001
194,-0.34146595,-5.3535139e-20,2.1820851e-19,2.2517457,1.2488831,-0.67682242,0.050000001,0.44827074,0.26936638,1.5042706e-21,1.24878,-0.67691302,0.001
194,-0.3185634,3.0633207e-19,-5.4979917e-20,2.1883278,1.3200291,-0.67647195,0.050000001,0.43506661,0.28962615,-1.0622332e-21,1.31993,-0.67656302,0.001
194,-0.29378653,4.2059782e-19,-5.5714202e-19,2.1194854,1.3911833,-0.67614853,0.050000001,0.4185698,0.30642864,-4.27647e-21,1.39108,-0.67623901,0.001
194,-0.26773202,-1.0474936e-19,-2.7659915e-20,2.0480871,1.4623495,-0.6758455,0.050000001,0.39884794,0.31949887,1.4615004e-24,1.46225,-0.67593598,0.001
194,-0.24101907,7.4025905e-20,6.5494332e-20,1.9763759,1.5335196,-0.67555767,0.050000001,0.37602293,0.32872781,-3.6593213e-22,1.53342,-0.67564797,0.001
194,-0.2142497,-3.0578277e-19,3.2299648e-19,1.9053909,1.6046952,-0.67528141,0.050000001,0.35028654,0.33414853,1.7477204e-21,1.6046,-0.67537099,0.001
194,-0.18798585,-1.9874945e-19,1.2429637e-19,1.8344575,1.6758772,-0.67501473,0.050000001,0.32192189,0.33588263,1.0998737e-21,1.6757801,-0.67510402,0.001
194,-0.16272874,-5.9194479e-20,7.8985868e-20,1.7609273,1.7470651,-0.67475599,0.050000001,0.29133555,0.3340672,1.3886157e-22,1.7469701,-0.67484403,0.001
194,-0.138906,-3.1525934e-19,3.7937116e-19,1.6804646,1.8182595,-0.67450428,0.050000001,0.25910699,0.32877231,1.8028672e-21,1.8181601,-0.67459202,0.001
194,-0.1168621,1.7854077e-19,-6.1894759e-20,1.5879127,1.8894598,-0.67425859,0.050000001,0.226009,0.31993797,-5.9201888e-22,1.88936,-0.67434603,0.001
194,-0.096858442,5.0979128e-20,-7.0165692e-20,1.478615,1.9606612,-0.67401844,0.050000001,0.19300996,0.30734834,-2.3855414e-22,1.96057,-0.67410499,0.001
194,-0.079067744,-6.0416277e-20,5.9135478e-20,1.3498274,2.0318649,-0.67378378,0.050000001,0.16121902,0.29066122,1.9428699e-22,2.03177,-0.67387003,0.001
194,-0.063572109,1.4166406e-19,2.2028741e-20,1.2015833,2.1030815,-0.67355448,0.050000001,0.13178417,0.26948771,-5.8512113e-22,2.1029899,-0.67364001,0.001
194,-0.050372504,1.9822285e-19,-3.5345735e-21,1.0369135,2.1742976,-0.67333001,0.050000001,0.10579567,0.24350487,-5.6671909e-22,2.1742001,-0.67341501,0.001
194,-0.03938961,1.234348e-19,-3.3882413e-20,0.86121511,2.2455192,-0.67310989,0.050000001,0.084177591,0.21254952,-2.0933913e-22,2.24543,-0.67319399,0.001
194,-0.030480422,6.1681269e-20,-1.2180078e-20,0.68136489,2.3167436,-0.67289501,0.050000001,0.067625321,0.17669885,-1.5451345e-22,2.3166499,-0.672979,0.001
194,-0.023449251,-7.2354183e-21,7.3655637e-22,0.50467777,2.3879709,-0.67268431,0.050000001,0.056565795,0.13629183,-9.8285203e-23,2.3878801,-0.67276698,0.001
194,-0.018066909,-8.1733458e-20,1.1186848e-20,0.33812529,2.4592071,-0.67247826,0.050000001,0.051154345,0.091926768,1.7763295e-22,2.45912,-0.67256099,0.001
194,-0.014097748,2.0386558e-20,1.5455601e-21,0.18776865,2.5304496,-0.67227614,0.050000001,0.051312916,0.044429671,0,2.53036,-0.67235798,0.001
194,-0.011340449,3.9154893e-21,2.287784e-20,0.058382578,2.601692,-0.67207873,0.050000001,0.056669943,-0.0052816919,-3.4627908e-23,2.6015999,-0.67216003,0.001
194,-0.0096223084,7.5744929e-20,4.6519878e-20,-0.046814498,2.6729376,-0.67188519,0.050000001,0.066628337,-0.056199636,2.4893742e-22,2.6728499,-0.67196602,0.001
194,-0.0087984158,3.5422543e-20,-4.3976484e-21,-0.12619457,2.7441878,-0.67169571,0.050000001,0.080608279,-0.10725112,1.8631242e-22,2.7441001,-0.671776,0.001
194,-0.0087781819,-6.1412751e-20,-1.8407161e-20,-0.17952611,2.8154373,-0.67151022,0.050000001,0.097996555,-0.15745708,-1.7934895e-22,2.8153501,-0.67158997,0.001
194,-0.0095132347,-2.9937054e-19,-1.3844872e-19,-0.20757347,2.8866954,-0.67132878,0.050000001,0.11812644,-0.2059585,-2.3768947e-22,2.88661,-0.671408,0.001
194,-0.010994635,1.9118236e-19,8.2842093e-20,-0.21158437,2.9579577,-0.67115134,0.050000001,0.14039268,-0.25202468,1.8945335e-22,2.95787,-0.67123002,0.001
194,-0.013249939,1.159945e-19,7.2519021e-20,-0.19289036,3.029222,-0.67097747,0.050000001,0.16429223,-0.29506007,-3.5915515e-23,3.02913,-0.67105597,0.001
194,-0.016335763,1.7711471e-19,1.0984747e-19,-0.1526207,3.1004922,-0.67080718,0.050000001,0.18945727,-0.33458114,8.9454896e-23,3.1004,-0.67088503,0.001
194,-0.020330764,1.9478074e-19,9.0781463e-20,-0.091573738,3.1717639,-0.67064053,0.050000001,0.21567714,-0.37017319,1.8721821e-22,3.17168,-0.67071801,0.001
194,-0.025330467,-4.6605077e-19,-2.2869975e-19,-0.010244533,3.2430358,-0.67047697,0.050000001,0.24290833,-0.40144241,-3.7573604e-22,3.24295,-0.67055398,0.001
194,-0.031442419,-1.7390485e-19,-9.4686932e-20,0.090942845,3.3143137,-0.67031735,0.050000001,0.27127573,-0.42797014,-1.9196307e-22,3.31423,-0.670394,0.001
194,-0.038778108,5.4886742e-19,3.7536975e-19,0.21123467,3.3855937,-0.67016113,0.050000001,0.30103722,-0.44926381,4.2611222e-22,3.38551,-0.670237,0.001
194,-0.047440991,7.6463613e-20,5.845562e-20,0.34909558,3.4568779,-0.6700083,0.050000001,0.33253342,-0.46474355,1.5755726e-23,3.45679,-0.670084,0.001
194,-0.057509899,-1.2221445e-19,-2.2186435e-20,0.50171804,3.5281658,-0.6698584,0.050000001,0.36611825,-0.47376186,5.8546606e-23,3.52808,-0.66993397,0.001
194,-0.069014743,2.6327536e-19,2.3723225e-19,0.66478568,3.5994558,-0.66971177,0.050000001,0.40206781,-0.47565907,3.6473081e-22,3.59937,-0.66978699,0.001
194,-0.081912704,-5.6575747e-19,-4.4002984e-19,0.83259827,3.6707497,-0.66956836,0.050000001,0.44050601,-0.46985656,-8.7888283e-22,3.67067,-0.66964298,0.001
194,-0.096065409,-2.9360217e-20,-1.2896892e-19,0.99853253,3.7420437,-0.66942793,0.050000001,0.48134589,-0.45595899,-1.643431e-22,3.74196,-0.66950202,0.001
194,-0.11122885,4.4936416e-19,3.0846767e-19,1.1558309,3.813344,-0.6692903,0.050000001,0.52428031,-0.43384051,6.6594789e-22,3.8132601,-0.66936398,0.001
194,-0.12705164,1.8381849e-19,3.1328297e-19,1.2983372,3.8846462,-0.66915524,0.050000001,0.56879783,-0.40369701,6.0852306e-22,3.8845601,-0.66922897,0.001
194,-0.143094,1.6631838e-19,4.7516894e-19,1.4211762,3.9559522,-0.66902316,0.050000001,0.61424315,-0.36604705,9.5826521e-22,3.9558699,-0.66909599,0.001
194,-0.1588548,-5.7285527e-20,2.7104654e-20,1.5211747,4.0272574,-0.66889441,0.050000001,0.65988207,-0.32169366,-3.4420081e-23,4.0271802,-0.66896701,0.001
194,-0.17381175,-5.9745756e-20,-2.3686151e-19,1.5969174,4.0985637,-0.66876793,0.050000001,0.70497531,-0.27164596,-5.4839495e-22,4.0984802,-0.66883999,0.001
194,-0.18746141,-3.8906401e-20,-4.3620972e-19,1.6485292,4.169878,-0.66864383,0.050000001,0.74884272,-0.21702282,-9.8096542e-22,4.1697998,-0.66871601,0.001
194,-0.19934645,-8.2364803e-20,-4.560163e-19,1.6773252,4.2411919,-0.66852236,0.050000001,0.79088676,-0.15898716,-9.9719591e-22,4.2411098,-0.668594,0.001
194,-0.20908582,2.6264426e-20,1.3609886e-19,1.6852899,4.3125105,-0.66840351,0.050000001,0.83062768,-0.098662727,3.3358656e-22,4.3124299,-0.66847497,0.001
194,-0.21638559,3.0695406e-20,6.3049728e-19,1.6744444,4.3838282,-0.66828704,0.050000001,0.86769104,-0.037113082,1.4796776e-21,4.38375,-0.66835803,0.001
194,-0.2210498,1.2566015e-22,2.1302098e-20,1.6463765,4.4551454,-0.66817325,0.050000001,0.90179151,0.024661802,8.5237107e-24,4.45507,-0.668244,0.001
194,-0.22297993,-1.2548439e-20,-4.7106525e-19,1.6019986,4.5264702,-0.66806155,0.050000001,0.93270481,0.085719682,-1.1384144e-21,4.5263901,-0.66813201,0.001
194,-0.22217683,-4.1654987e-20,-9.1103346e-20,1.5413247,4.5978007,-0.66795254,0.050000001,0.96023601,0.14514831,-1.819349e-22,4.5977201,-0.66802299,0.001
194,-0.21873876,1.0389631e-19,-7.153886e-19,1.4637289,4.669126,-0.66784549,0.050000001,0.98418564,0.20200758,-1.4470488e-21,4.6690502,-0.66791499,0.001
194,-0.21285661,2.1279205e-20,1.57052e-19,1.3687428,4.7404537,-0.66774064,0.050000001,1.0043428,0.25532818,3.4268506e-22,4.7403798,-0.66781002,0.001
194,-0.20481324,-3.382502e-19,1.4597636e-18,1.2569108,4.8117862,-0.66763783,0.050000001,1.0205014,0.30414486,2.7800888e-21,4.8117099,-0.66770703,0.001
194,-0.19496964,3.3482775e-20,-7.6293039e-20,1.1305299,4.8831205,-0.66753715,0.050000001,1.0325044,0.34757134,-1.3628713e-22,4.88304,-0.667606,0.001
194,-0.18374293,3.0289141e-19,-7.6609379e-19,0.99380136,4.9544587,-0.66743875,0.050000001,1.0402896,0.38489628,-1.2927842e-21,4.95438,-0.66750801,0.001
194,-0.17157999,-8.403713e-20,1.8142554e-19,0.85240251,5.025794,-0.66734231,0.050000001,1.0439395,0.41567606,2.7169021e-22,5.0257201,-0.66741103,0.001
194,-0.15892248,-5.9763127e-20,1.0555402e-20,0.71268642,5.0971317,-0.66724771,0.050000001,1.0436966,0.43980041,-1.2333669e-23,5.0970602,-0.66731602,0.001
194,-0.14617668,8.3538663e-20,-1.9215097e-19,0.58068424,5.1684742,-0.66715485,0.050000001,1.039959,0.45749703,-2.6916646e-22,5.1683998,-0.66722298,0.001
194,-0.13368857,-4.722029e-20,1.8716812e-19,0.4611952,5.2398186,-0.66706395,0.050000001,1.0332437,0.46929067,1.9817712e-22,5.2397399,-0.66713202,0.001
194,-0.12172813,-3.6033588e-19,8.3421997e-19,0.35737225,5.3111606,-0.6669749,0.050000001,1.0241235,0.47592181,8.4712271e-22,5.31108,-0.66704297,0.001
194,-0.11048821,-3.509094e-19,6.4433446e-19,0.27051282,5.3825059,-0.6668877,0.050000001,1.013186,0.47824845,5.8270184e-22,5.3824301,-0.66695499,0.001
194,-0.10008966,-3.4521275e-20,-1.2179247e-20,0.20033929,5.4538565,-0.6668027,0.050000001,1.0009797,0.47715226,-1.3434874e-22,5.4537802,-0.66687,0.001
194,-0.090591758,6.1876866e-21,-1.4011882e-20,0.14545904,5.5252042,-0.66671908,0.050000001,0.98797172,0.47346514,-1.2206649e-22,5.5251298,-0.66678602,0.001
194,-0.082007036,4.6033744e-19,-9.0286164e-19,0.10375985,5.5965519,-0.66663706,0.050000001,0.97454059,0.46792114,-7.3536649e-22,5.5964799,-0.666704,0.001
194,-0.074314393,7.6611711e-20,-1.1766123e-19,0.07290329,5.6679063,-0.66655642,0.050000001,0.96097058,0.46113127,-1.5989412e-22,5.66783,-0.666623,0.001
194,-0.06747143,3.6825286e-20,-7.7685708e-20,0.050587058,5.7392621,-0.66647738,0.050000001,0.94745451,0.45357972,-4.4653986e-23,5.7391901,-0.66654402,0.001
194,-0.061424218,3.9739719e-19,-8.683556e-19,0.034781173,5.810616,-0.66639996,0.050000001,0.93411154,0.44563362,-5.628541e-22,5.8105402,-0.666466,0.001
194,-0.056112695,-1.0448516e-19,1.6694075e-19,0.023794957,5.8819766,-0.66632384,0.050000001,0.92099833,0.43755841,9.7454444e-23,5.8818998,-0.66639,0.001
194,-0.051477004,-9.9346699e-20,1.6905424e-19,0.016275823,5.9533343,-0.66624963,0.050000001,0.90812749,0.42953917,9.8925448e-23,5.9532599,-0.66631597,0.001
194,-0.04745961,2.8166867e-19,-5.6947415e-19,0.011195742,6.0246921,-0.66617703,0.050000001,0.89547747,0.42169586,-2.5682613e-22,6.0246201,-0.66624302,0.001
194,-0.044007149,-2.0846465e-20,7.2776255e-20,0.0078119934,6.0960546,-0.66610533,0.050000001,0.88300449,0.41410086,3.7262877e-23,6.0959802,-0.66617101,0.001
194,-0.041071277,-3.957808e-19,8.1015207e-19,0.0055879992,6.167419,-0.66603529,0.050000001,0.87065065,0.40679133,3.6282263e-22,6.1673398,-0.66610098,0.001
194,-0.038609125,-9.5658947e-20,2.3898786e-19,0.0041384036,6.2387848,-0.66596693,0.050000001,0.85834903,0.39977813,9.1802848e-23,6.2387099,-0.66603202,0.001
194,-0.036583595,-3.599145e-19,7.6852947e-19,0.0032183588,6.3101463,-0.66589999,0.050000001,0.84603006,0.39305437,3.0515381e-22,6.31007,-0.66596502,0.001
194,-0.034962561,-8.394645e-20,1.6114057e-19,0.0027233544,6.3815122,-0.66583419,0.050000001,0.83361888,0.38659963,5.291832e-23,6.3814402,-0.66589898,0.001
194,-0.033719279,2.5532501e-19,-5.3814163e-19,0.0027701955,6.4528823,-0.66576934,0.050000001,0.82103884,0.38039142,-2.2284917e-22,6.4528098,-0.66583401,0.001
194,-0.032831963,1.4137583e-20,-3.4124217e-21,0.0038244247,6.5242524,-0.66570544,0.050000001,0.80820489,0.37442148,-1.4113062e-24,6.5241799,-0.66576999,0.001
194,-0.03228398,1.1569163e-19,-2.2005217e-19,0.0066758497,6.5956225,-0.66564327,0.050000001,0.79501277,0.36871767,-8.1120807e-23,6.5955501,-0.66570801,0.001
194,-0.032064579,2.4145026e-20,-7.4232158e-20,0.012099614,6.6669927,-0.66558206,0.050000001,0.7813307,0.36335731,-3.4047861e-23,6.6669202,-0.66564602,0.001
194,-0.032169323,1.2491474e-21,4.7157001e-21,0.020090526,6.7383623,-0.66552204,0.050000001,0.76700699,0.35844767,-7.5945446e-24,6.7382898,-0.66558599,0.001
194,-0.032600634,3.5078882e-20,-7.1010102e-20,0.028837455,6.8097343,-0.66546297,0.050000001,0.7519049,0.35405022,-3.198026e-23,6.80966,-0.66552699,0.001
194,-0.033366047,-1.346653e-20,1.3494426e-21,0.034050301,6.8811107,-0.66540509,0.050000001,0.73596853,0.35004508,-4.7496654e-25,6.8810401,-0.66546899,0.001
194,-0.034473479,3.0684711e-20,-6.6567961e-20,0.029237028,6.9524846,-0.66534847,0.050000001,0.71930891,0.34598184,-2.2658144e-23,6.9524102,-0.66541201,0.001
194,-0.035923455,2.1804734e-19,-4.3806989e-19,0.0072189989,7.0238605,-0.6652931,0.050000001,0.70226628,0.34098557,-2.4142418e-22,7.0237899,-0.66535699,0.001
194,-0.037698008,1.4889232e-19,-3.0913032e-19,-0.03741762,7.0952382,-0.6652385,0.050000001,0.68542224,0.33379075,-1.8833477e-22,7.09517,-0.66530198,0.001
194,-0.039750416,-2.9460756e-19,6.2391974e-19,-0.10603396,7.1666121,-0.66518486,0.050000001,0.66953135,0.32293159,3.5784874e-22,7.1665401,-0.66524798,0.001
194,-0.042000312,-3.0028908e-21,-4.0241432e-20,-0.1949275,7.2379923,-0.6651327,0.050000001,0.65538847,0.30703697,-5.5400868e-23,7.2379198,-0.665196,0.001
194,-0.044335641,3.440671e-20,-1.2433184e-19,-0.29603952,7.3093748,-0.66508126,0.050000001,0.64368916,0.28513539,-6.7287002e-23,7.3092999,-0.66514403,0.001
194,-0.046623852,-2.0299378e-19,4.4441028e-19,-0.39917564,7.3807545,-0.66503048,0.050000001,0.63491482,0.25685355,3.0945567e-22,7.3806801,-0.665093,0.001
194,-0.048728831,-4.0687564e-21,6.1297903e-20,-0.49463728,7.4521408,-0.66498035,0.050000001,0.62929106,0.22245686,3.4483518e-23,7.4520702,-0.665043,0.001
194,-0.050527915,-1.8550428e-20,5.8444769e-20,-0.57516694,7.5235205,-0.66493154,0.050000001,0.62681532,0.18274809,4.6328633e-23,7.5234499,-0.664994,0.001
194,-0.051926211,-6.2549864e-22,2.5029514e-22,-0.63671088,7.5949025,-0.66488397,0.050000001,0.62732011,0.13887005,8.4276353e-24,7.59483,-0.66494602,0.001
194,-0.052863594,2.7975636e-20,-2.8895949e-20,-0.67805117,7.6662889,-0.66483694,0.050000001,0.63054663,0.092117697,-1.781608e-23,7.6662202,-0.66489899,0.001
194,-0.053315163,-2.2076833e-20,-2.9318919e-20,-0.6999169,7.7376699,-0.66479075,0.050000001,0.63619721,0.043802593,-2.6941575e-23,7.7375998,-0.66485298,0.001
194,-0.053290296,-1.1347616e-22,-2.9495364e-20,-0.7041114,7.8090587,-0.66474533,0.050000001,0.64396483,-0.0048585031,-2.7120476e-23,7.80899,-0.66480702,0.001
194,-0.052827597,-7.6670167e-21,-6.2154093e-20,-0.69283426,7.8804426,-0.66470093,0.050000001,0.65354425,-0.052781194,-3.9836214e-23,7.8803701,-0.66476297,0.001
194,-0.051988203,-2.5399426e-20,9.2917379e-20,-0.66836607,7.951828,-0.66465712,0.050000001,0.66463333,-0.099029697,5.6638869e-23,7.9517598,-0.66471899,0.001
194,-0.051218066,5.1455687e-21,1.1449755e-19,-0.64447927,8.0000677,-0.66462803,0.050000001,0.67293978,-0.12861745,6.8901724e-23,8,-0.66468996,0.001
194,-0.40711102,-6.8437636e-19,1.0479892e-18,2.2909572,1.0007702,-0.5973019,0.050000001,0.31090435,0.17816599,1.203561e-20,1,-0.59807354,0.001
194,-0.40222517,-4.9403026e-20,4.9590858e-19,2.2959952,1.0368451,-0.59700084,0.050000001,0.31044334,0.19414139,6.5037116e-22,1.03608,-0.59777099,0.001
194,-0.38927054,2.227075e-18,-2.319589e-18,2.2885585,1.1079333,-0.59650159,0.050000001,0.30693594,0.22494704,-4.0286846e-20,1.10717,-0.59726799,0.001
194,-0.37312722,1.3444327e-18,-1.5791226e-18,2.2641971,1.1790432,-0.59607142,0.050000001,0.30062759,0.25423205,-1.8973336e-20,1.17829,-0.596834,0.001
194,-0.35409611,-1.4199674e-18,9.499216e-19,2.2243354,1.2501694,-0.59569198,0.050000001,0.29136741,0.28120789,2.0150462e-20,1.24942,-0.59644997,0.001
194,-0.33261383,-2.8053001e-18,2.0428313e-18,2.1710708,1.3213097,-0.59535044,0.050000001,0.279062,0.30520892,3.2430492e-20,1.32057,-0.59610403,0.001
194,-0.30922502,1.8907331e-19,-5.4201268e-20,2.106781,1.3924556,-0.59503579,0.050000001,0.26368016,0.32572567,-2.8183578e-21,1.3917201,-0.59578401,0.001
194,-0.28454065,1.6480017e-18,-1.0571706e-18,2.0335619,1.4636118,-0.59474158,0.050000001,0.24526902,0.34241334,-1.6485876e-20,1.46288,-0.59548497,0.001
194,-0.25919953,4.0302597e-19,-3.2126278e-19,1.952633,1.5347762,-0.59446251,0.050000001,0.22397044,0.35506803,-1.5371197e-21,1.53405,-0.59520102,0.001
194,-0.23382908,1.1816367e-19,6.9206447e-20,1.8639448,1.6059446,-0.59419507,0.050000001,0.20005731,0.36359689,6.7838094e-23,1.60522,-0.59492803,0.001
194,-0.20901482,2.0609259e-18,-3.5895593e-19,1.7659535,1.6771187,-0.59393728,0.050000001,0.17395565,0.36795256,-1.0328251e-20,1.6763999,-0.59466499,0.001
194,-0.1852778,4.1054212e-19,-3.2779751e-19,1.6558737,1.7482984,-0.5936873,0.050000001,0.14627261,0.36805803,-1.5104569e-21,1.7475899,-0.59441,0.001
194,-0.16305691,-4.2236347e-18,5.9434302e-19,1.5304352,1.8194847,-0.59344417,0.050000001,0.11781161,0.3637501,1.8963298e-20,1.8187799,-0.59416199,0.001
194,-0.14269379,-8.6987489e-20,6.2880803e-20,1.3868906,1.8906792,-0.59320652,0.050000001,0.089543946,0.35475835,8.9296259e-23,1.88998,-0.59391898,0.001
194,-0.12443168,3.9238248e-19,-3.2702544e-19,1.2240756,1.9618758,-0.59297454,0.050000001,0.06256073,0.34072626,-1.9505801e-21,1.96118,-0.593683,0.001
194,-0.10840751,-9.9202401e-20,9.4287623e-20,1.0431292,2.0330737,-0.59274757,0.050000001,0.037982631,0.32127881,1.9903977e-22,2.0323801,-0.59345102,0.001
194,-0.094647638,1.8022934e-18,2.2417187e-19,0.84763932,2.1042802,-0.59252608,0.050000001,0.016863599,0.29611248,-6.3637662e-21,2.10359,-0.593225,0.001
194,-0.083084755,-1.0230282e-20,-3.1372288e-20,0.64333093,2.1754897,-0.592309,0.050000001,0.00010237368,0.26509342,1.597903e-22,2.1748099,-0.59300297,0.001
194,-0.073564567,-1.0081269e-18,-2.9604846e-19,0.43737277,2.2467024,-0.59209633,0.050000001,-0.01162734,0.22833143,4.3789314e-21,2.2460201,-0.59278601,0.001
194,-0.065863892,6.4370232e-20,4.7163619e-20,0.2374901,2.3179221,-0.59188849,0.050000001,-0.017924121,0.18621261,-3.7108933e-22,2.31725,-0.592574,0.001
194,-0.059716191,1.0258928e-18,3.0484214e-19,0.05117248,2.3891423,-0.59168482,0.050000001,-0.018664019,0.1394048,-4.7394073e-21,2.3884699,-0.59236598,0.001
194,-0.054839171,-1.0685538e-19,-4.8059523e-20,-0.1152259,2.4603724,-0.59148544,0.050000001,-0.013981213,0.088809311,2.7184553e-22,2.4597099,-0.59216201,0.001
194,-0.050971292,1.8515664e-19,-3.0187126e-20,-0.25691095,2.5316026,-0.59129047,0.050000001,-0.0043052286,0.035493985,3.368337e-21,2.5309401,-0.59196299,0.001
194,-0.047936492,3.6696236e-21,5.0165541e-20,-0.37090015,2.6028364,-0.59109956,0.050000001,0.0097094523,-0.019471286,-5.2613296e-23,2.60218,-0.59176803,0.001
194,-0.045572717,-1.0652403e-19,7.9604747e-20,-0.45619807,2.674077,-0.5909124,0.050000001,0.027398972,-0.074892245,-3.4312853e-21,2.67342,-0.59157699,0.001
194,-0.043741398,-6.8984293e-22,-2.1082761e-20,-0.51362497,2.745321,-0.59072924,0.050000001,0.048077762,-0.12957804,7.8859269e-24,2.7446699,-0.59139001,0.001
194,-0.042406589,-1.2813472e-19,-3.3913248e-20,-0.545147,2.8165669,-0.59054995,0.050000001,0.071002506,-0.18258165,-3.0038705e-22,2.8159201,-0.59120703,0.001
194,-0.041574892,-1.9949679e-18,-8.0552647e-19,-0.55320966,2.8878212,-0.59037399,0.050000001,0.095474236,-0.23311804,-3.3990213e-21,2.8871801,-0.59102702,0.001
194,-0.04129193,1.3580901e-19,5.7285969e-21,-0.54025859,2.9590774,-0.59020209,0.050000001,0.1208708,-0.2805692,-4.1765386e-23,2.9584401,-0.59085202,0.001
194,-0.041632053,1.6847246e-18,6.3064565e-19,-0.5083496,3.0303357,-0.59003383,0.050000001,0.14667584,-0.32448876,3.0024259e-21,3.0297,-0.59068,0.001
194,-0.042687193,1.325137e-20,6.7755256e-20,-0.45887443,3.1015997,-0.5898692,0.050000001,0.17251028,-0.36457142,-4.0157236e-23,3.10097,-0.59051198,0.001
194,-0.044561174,1.6657054e-19,1.1705483e-19,-0.39234662,3.1728644,-0.58970773,0.050000001,0.19815914,-0.40060532,-3.8611965e-24,3.17223,-0.59034699,0.001
194,-0.047366183,-2.9445638e-18,-1.5025608e-18,-0.30837107,3.2441339,-0.58954966,0.050000001,0.22360103,-0.43241286,-3.3798852e-21,3.24351,-0.590186,0.001
194,-0.051220831,-1.1918261e-19,-1.2538331e-19,-0.20593391,3.3154039,-0.58939505,0.050000001,0.2490155,-0.45976925,-3.7571353e-23,3.31478,-0.59002799,0.001
194,-0.056249168,5.9722684e-18,3.23825e-18,-0.083888806,3.3866777,-0.58924371,0.050000001,0.27478278,-0.48233962,7.2142735e-21,3.38606,-0.58987302,0.001
194,-0.062575348,1.6105182e-19,2.0420387e-19,0.058331728,3.4579558,-0.58909529,0.050000001,0.30143836,-0.49962592,1.6760434e-22,3.45734,-0.58972198,0.001
194,-0.07031294,-5.8576456e-18,-3.440634e-18,0.21991493,3.5292401,-0.58894962,0.050000001,0.32960126,-0.5109638,-7.7848294e-21,3.52863,-0.58957303,0.001
194,-0.079543486,-7.482184e-20,-8.9375379e-20,0.39795363,3.6005261,-0.5888077,0.050000001,0.35986945,-0.51556915,-1.265536e-22,3.59992,-0.58942801,0.001
194,-0.090291254,-8.3246893e-19,-1.0931716e-18,0.58724403,3.6718142,-0.58866876,0.050000001,0.39270735,-0.51264697,-2.3953402e-21,3.6712101,-0.58928603,0.001
194,-0.10249467,2.5856059e-18,2.1577106e-18,0.78063238,3.7431045,-0.58853245,0.050000001,0.42834857,-0.50152797,5.5354527e-21,3.7425001,-0.58914697,0.001
194,-0.11598283,6.018964e-18,5.3051845e-18,0.96983719,3.8143985,-0.58839864,0.050000001,0.46674284,-0.48180559,1.2652007e-20,3.8138001,-0.58901,0.001
194,-0.13046402,-3.0098563e-18,-2.3235991e-18,1.1466614,3.8856945,-0.58826798,0.050000001,0.5075497,-0.45343947,-6.1827146e-21,3.8850999,-0.58887702,0.001
194,-0.14553344,-5.0398634e-18,-5.8377349e-18,1.3041593,3.956995,-0.58814007,0.050000001,0.55018955,-0.41679159,-1.5037835e-20,3.9563999,-0.58874601,0.001
194,-0.16069953,-1.7632525e-18,-3.3955896e-18,1.4373447,4.028295,-0.58801502,0.050000001,0.59393007,-0.37259227,-8.5833729e-21,4.0276999,-0.58861798,0.001
194,-0.17542343,2.3361477e-18,3.27099e-18,1.5434257,4.0995989,-0.58789235,0.050000001,0.63797814,-0.32185709,8.8515846e-21,4.09901,-0.58849299,0.001
194,-0.18915875,1.9827304e-18,3.5576137e-18,1.6216513,4.170907,-0.58777159,0.050000001,0.68155545,-0.2657842,9.2595809e-21,4.17032,-0.58837003,0.001
194,-0.20139526,1.063168e-19,5.8628591e-20,1.6729227,4.2422171,-0.58765399,0.050000001,0.72395617,-0.20564692,-1.2035326e-23,4.2416301,-0.58824998,0.001
194,-0.21169303,1.096044e-20,4.9514104e-20,1.6992383,4.3135314,-0.58753872,0.050000001,0.76458395,-0.14270242,1.7183603e-22,4.3129501,-0.58813202,0.001
194,-0.2197054,8.2110431e-21,7.7889203e-19,1.7031516,4.384841,-0.58742589,0.050000001,0.80295521,-0.078142636,1.8697366e-21,4.3842602,-0.58801699,0.001
194,-0.22513849,-1.0874216e-19,8.5737736e-20,1.6871365,4.4561567,-0.58731526,0.050000001,0.83870083,-0.013058509,1.7829496e-22,4.4555802,-0.58790398,0.001
194,-0.22783694,-1.003483e-20,-3.9148794e-19,1.65303,4.5274773,-0.5872066,0.050000001,0.87154877,0.051556993,-1.1306789e-21,4.5268998,-0.58779299,0.001
194,-0.22779343,9.1633652e-19,-4.6771848e-18,1.6018021,4.5988016,-0.58710063,0.050000001,0.90128559,0.11475577,-1.0940565e-20,4.5982299,-0.58768499,0.001
194,-0.22505611,1.3561942e-18,-6.078179e-18,1.5336014,4.6701236,-0.58699685,0.050000001,0.92771614,0.17558101,-1.2799674e-20,4.6695499,-0.58757901,0.001
194,-0.21977502,-8.2767842e-19,4.822999e-18,1.448097,4.741447,-0.58689505,0.050000001,0.95065641,0.23307969,1.1458418e-20,4.74088,-0.587475,0.001
194,-0.21220036,-1.6702454e-18,6.924994e-18,1.3452975,4.8127751,-0.58679527,0.050000001,0.96991724,0.2862815,1.440988e-20,4.8122101,-0.58737302,0.001
194,-0.20266704,3.7710082e-21,4.892361e-20,1.2264304,4.8841057,-0.58669728,0.050000001,0.98532188,0.33424929,1.5362945e-23,4.8835402,-0.587273,0.001
194,-0.19157903,-1.8319052e-18,4.6475573e-18,1.094462,4.9554396,-0.58660126,0.050000001,0.99675012,0.37616611,7.6832655e-21,4.9548802,-0.58717501,0.001
194,-0.17938474,-9.1086431e-21,1.5268345e-19,0.95418566,5.026772,-0.58650756,0.050000001,1.0041866,0.41143504,8.8850931e-23,5.0262098,-0.58707899,0.001
194,-0.16654184,2.2163645e-18,-5.714071e-18,0.81158358,5.0981078,-0.58641535,0.050000001,1.0077472,0.43977401,-9.4973154e-21,5.0975499,-0.58698499,0.001
194,-0.1534858,-7.529721e-22,-1.1535304e-19,0.67297357,5.169446,-0.58632517,0.050000001,1.0077002,0.46125019,-4.6714193e-24,5.16889,-0.58689302,0.001
194,-0.14059952,-2.6474474e-18,5.3533975e-18,0.54402679,5.2407866,-0.58623707,0.050000001,1.0044516,0.47626689,6.4452047e-21,5.2402301,-0.58680302,0.001
194,-0.12819281,-2.9983101e-18,6.2387314e-18,0.42895135,5.3121266,-0.58615029,0.050000001,0.99849391,0.48549935,6.6582122e-21,5.3115702,-0.58671403,0.001
194,-0.11649447,2.3750518e-18,-4.7590116e-18,0.33022934,5.3834705,-0.58606559,0.050000001,0.99036908,0.4898001,-5.9864079e-21,5.3829198,-0.58662802,0.001
194,-0.10565588,2.7322743e-18,-5.560105e-18,0.24860355,5.4548187,-0.58598268,0.050000001,0.98061264,0.49009675,-6.148028e-21,5.4542699,-0.58654302,0.001
194,-0.09575922,-3.5467307e-20,8.1408873e-20,0.18334205,5.5261607,-0.58590144,0.050000001,0.96970969,0.48730263,3.5136041e-23,5.52561,-0.58645999,0.001
194,-0.086830325,-2.3605772e-18,4.5687828e-18,0.13274835,5.597506,-0.58582127,0.050000001,0.9580726,0.48225105,3.5100993e-21,5.5969601,-0.58637798,0.001
194,-0.078855619,-2.7645946e-18,5.3059794e-18,0.094607309,5.6688566,-0.58574277,0.050000001,0.94602644,0.47565565,3.6918125e-21,5.6683102,-0.58629799,0.001
194,-0.071794614,8.1768794e-20,-8.3015375e-20,0.066563472,5.7402086,-0.58566564,0.050000001,0.93380904,0.46809441,-6.8566407e-22,5.7396698,-0.58621901,0.001
194,-0.065591872,3.0618601e-18,-5.9473194e-18,0.046407331,5.8115606,-0.5855906,0.050000001,0.92157996,0.46001625,-4.2261049e-21,5.8110199,-0.58614302,0.001
194,-0.060183689,2.6456818e-18,-5.3256725e-18,0.032199606,5.8829169,-0.58551645,0.050000001,0.90943027,0.45175177,-3.5087754e-21,5.88238,-0.58606702,0.001
194,-0.0555056,2.4370705e-18,-4.87457e-18,0.022361133,5.9542685,-0.58544391,0.050000001,0.89740103,0.44353384,-2.6372214e-21,5.9537301,-0.58599299,0.001
194,-0.0514948,-2.0886815e-18,4.1494717e-18,0.015662059,6.0256243,-0.58537328,0.050000001,0.88549173,0.43551758,2.1999089e-21,6.0250902,-0.58592099,0.001
194,-0.04809339,-2.5682546e-18,5.1795539e-18,0.011165769,6.0969849,-0.5853036,0.050000001,0.87367415,0.42779994,2.8002697e-21,6.0964499,-0.58585,0.001
194,-0.045249116,2.1535827e-18,-4.3038989e-18,0.0081861364,6.168345,-0.58523536,0.050000001,0.86190087,0.42043346,-2.275343e-21,6.16781,-0.58578002,0.001
194,-0.04291581,-2.3305739e-18,4.6536222e-18,0.006242644,6.2397094,-0.58516872,0.050000001,0.85011274,0.41343832,2.1847417e-21,6.2391801,-0.58571202,0.001
194,-0.041053802,-4.0597867e-19,8.2455897e-19,0.0050276131,6.3110714,-0.58510333,0.050000001,0.8382436,0.40681332,3.3223083e-22,6.3105402,-0.58564502,0.001
194,-0.039629262,2.2892436e-18,-4.6931068e-18,0.0044393884,6.382431,-0.5850389,0.050000001,0.8262198,0.40054315,-2.1962948e-21,6.3818998,-0.58557898,0.001
194,-0.038614322,2.9247708e-19,-6.4567227e-19,0.004704142,6.4537969,-0.58497512,0.050000001,0.81396097,0.39461383,-2.4889478e-22,6.45327,-0.58551401,0.001
194,-0.037987098,-2.1894412e-18,4.4456082e-18,0.0064372187,6.5251651,-0.58491313,0.050000001,0.80137295,0.38903657,2.0823064e-21,6.5246401,-0.58545101,0.001
194,-0.037731893,-2.2083328e-18,4.5066491e-18,0.010466737,6.5965333,-0.58485252,0.050000001,0.78833532,0.38386789,2.1397256e-21,6.5960102,-0.58538902,0.001
194,-0.037839752,2.1560955e-18,-4.3843021e-18,0.017255763,6.667901,-0.58479291,0.050000001,0.77469981,0.37921041,-2.0517777e-21,6.6673799,-0.58532798,0.001
194,-0.038309079,1.1030547e-19,-2.7728906e-19,0.025929358,6.7392693,-0.5847345,0.050000001,0.76031131,0.37516609,4.268178e-23,6.73875,-0.58526802,0.001
194,-0.039145112,-3.3612093e-20,1.3245067e-19,0.033323891,6.8106418,-0.5846771,0.050000001,0.74505907,0.37172335,6.1643358e-23,6.8101201,-0.58521003,0.001
194,-0.040357031,2.1025879e-18,-4.1773775e-18,0.033696529,6.8820119,-0.58462042,0.050000001,0.72895551,0.36859986,-2.1633429e-21,6.8814902,-0.58515197,0.001
194,-0.041951239,-1.7644312e-20,1.8694684e-20,0.019672727,6.9533815,-0.58456546,0.050000001,0.71221644,0.36510193,1.9760691e-23,6.9528599,-0.585096,0.001
194,-0.043921422,2.5447625e-19,-5.0149401e-19,-0.01560976,7.0247579,-0.58451098,0.050000001,0.69530189,0.36008382,-2.79471e-22,7.02424,-0.58503997,0.001
194,-0.046235897,2.0886725e-19,-5.1230578e-19,-0.07591147,7.0961337,-0.58445781,0.050000001,0.67888677,0.35206252,-2.9266298e-22,7.0956202,-0.58498597,0.001
194,-0.048827942,-2.0422086e-18,4.1438829e-18,-0.16001843,7.1675057,-0.58440536,0.050000001,0.6637581,0.33948302,3.1661243e-21,7.1669898,-0.58493203,0.001
194,-0.05159286,-6.915522e-20,1.3674151e-19,-0.26160702,7.238884,-0.58435422,0.050000001,0.65066999,0.32104477,2.2560852e-23,7.2383699,-0.58487999,0.001
194,-0.054393765,1.8182456e-18,-3.7115305e-18,-0.37087473,7.3102641,-0.58430386,0.050000001,0.64021564,0.29598415,-2.943397e-21,7.3097501,-0.58482802,0.001
194,-0.057076454,-1.9234157e-19,4.6045391e-19,-0.47720769,7.3816419,-0.58425426,0.050000001,0.63274956,0.26420611,3.5152919e-22,7.3811302,-0.58477801,0.001
194,-0.059489079,-1.0027879e-18,3.5203475e-18,-0.57165998,7.453022,-0.58420539,0.050000001,0.62838191,0.22624533,3.4389206e-21,7.4525099,-0.584728,0.001
194,-0.061499521,-1.837727e-20,9.6074592e-20,-0.64833421,7.5244021,-0.58415806,0.050000001,0.62703145,0.18310648,7.6443253e-23,7.52389,-0.58468002,0.001
194,-0.063008584,5.7260384e-19,-3.3542222e-20,-0.7045238,7.5957847,-0.58411151,0.050000001,0.62849647,0.13606028,9.322158e-23,7.5952702,-0.58463198,0.001
194,-0.063957147,-2.0364265e-19,3.7189656e-18,-0.7399978,7.6671686,-0.58406556,0.050000001,0.63252217,0.086459428,3.6992406e-21,7.6666598,-0.58458501,0.001
194,-0.06432429,4.4655614e-19,-3.5308229e-18,-0.75599104,7.7385483,-0.58402014,0.050000001,0.63883215,0.035625406,-3.5806322e-21,7.73804,-0.584539,0.001
194,-0.064130947,5.8323972e-19,3.3216227e-21,-0.75439119,7.8099303,-0.58397549,0.050000001,0.6471352,-0.015221337,-1.3112957e-22,7.8094201,-0.58449298,0.001
194,-0.063422054,1.6487021e-20,1.8213349e-19,-0.73731738,7.8813162,-0.58393222,0.050000001,0.6571418,-0.064988002,1.3881318e-22,7.8808098,-0.58444899,0.001
194,-0.062263619,-1.3374599e-18,-7.5782739e-18,-0.70702136,7.952702,-0.58388919,0.050000001,0.66856652,-0.11272665,-6.9514457e-21,7.9521999,-0.584405,0.001
194,-0.061248265,-4.5666326e-19,-2.6046129e-18,-0.67944455,8.0005054,-0.58386111,0.050000001,0.6769678,-0.14280796,-2.3460367e-21,8,-0.58437622,0.001
194,-0.40790874,3.2666108e-21,6.3245444e-19,2.1005359,1.0009588,-0.51072633,0.050000001,0.15938602,0.18028951,-1.0241619e-20,1,-0.51302129,0.001
194,-0.40321478,1.4199072e-20,1.3733929e-19,2.1152182,1.0416631,-0.51042217,0.050000001,0.15761381,0.20007819,-7.2033335e-22,1.04071,-0.51270902,0.001
194,-0.39190626,2.8874532e-18,-2.5029778e-18,2.1206169,1.1127225,-0.50998092,0.050000001,0.15250191,0.23404947,-4.4241338e-20,1.11178,-0.51225299,0.001
194,-0.37760273,4.1624858e-18,-2.0400493e-18,2.1057827,1.1838026,-0.50960678,0.050000001,0.14519466,0.26657221,-4.7825564e-20,1.18287,-0.51186502,0.001
194,-0.36058366,-1.56005e-18,5.5003054e-19,2.0715442,1.2548991,-0.5092814,0.050000001,0.13555278,0.29681867,1.9873971e-20,1.25397,-0.51152498,0.001
194,-0.34126121,-6.5702865e-18,3.2269954e-18,2.0192614,1.3260061,-0.50899184,0.050000001,0.12349739,0.32406688,6.9492503e-20,1.32508,-0.51122099,0.001
194,-0.32015666,3.260089e-18,7.276514e-19,1.9503751,1.3971212,-0.50872743,0.050000001,0.10902222,0.3477293,-2.4900878e-20,1.39621,-0.51094198,0.001
194,-0.29787663,5.5860193e-18,-1.3712688e-18,1.8660151,1.4682457,-0.5084818,0.050000001,0.092212215,0.36734816,-4.2303723e-20,1.46734,-0.51068199,0.001
194,-0.27505279,-3.3223885e-18,-3.4820615e-19,1.7665917,1.5393782,-0.50825012,0.050000001,0.073291771,0.38256994,2.6013635e-20,1.53848,-0.510436,0.001
194,-0.25230154,-3.5618397e-18,2.7251752e-19,1.6516525,1.6105146,-0.50802922,0.050000001,0.052657451,0.39311168,2.5088672e-20,1.60962,-0.51020098,0.001
194,-0.23020017,6.1034142e-18,1.025364e-19,1.5200099,1.6816566,-0.50781679,0.050000001,0.030874904,0.39870661,-3.0361622e-20,1.68077,-0.50997502,0.001
194,-0.2092554,-3.5363233e-18,-1.0626857e-18,1.3702004,1.7528064,-0.5076108,0.050000001,0.0086879311,0.39905575,1.6885467e-20,1.75193,-0.50975502,0.001
194,-0.18988204,-5.0278511e-18,1.0224697e-18,1.201268,1.8239605,-0.50741065,0.050000001,-0.013001576,0.39380804,2.3932406e-20,1.82309,-0.50954098,0.001
194,-0.17238307,3.971314e-18,8.7858368e-19,1.0134938,1.8951215,-0.50721556,0.050000001,-0.033193149,0.38257694,-1.9068849e-20,1.89425,-0.50933301,0.001
194,-0.1569443,-3.6070476e-18,-1.2741562e-18,0.80902052,1.9662918,-0.50702494,0.050000001,-0.050860871,0.3649902,1.5674347e-20,1.96543,-0.50912899,0.001
194,-0.14362837,7.2055923e-20,6.1898436e-20,0.59218675,2.0374627,-0.50683868,0.050000001,-0.065037295,0.34077406,-2.6804332e-22,2.0366001,-0.50893003,0.001
194,-0.13237208,-7.1677475e-19,-1.0112942e-18,0.36924919,2.1086404,-0.50665683,0.050000001,-0.074908912,0.309834,6.5161577e-21,2.10779,-0.50873601,0.001
194,-0.12300953,-2.3016836e-18,-1.0261359e-18,0.14790204,2.1798213,-0.50647861,0.050000001,-0.079886012,0.27233434,1.324695e-20,2.1789701,-0.50854498,0.001
194,-0.11528973,-1.7988556e-19,4.1543679e-20,-0.06362009,2.2510085,-0.50630385,0.050000001,-0.079648353,0.22873336,3.6855279e-21,2.25017,-0.508358,0.001
194,-0.10890871,2.1202364e-18,1.1584001e-18,-0.25752971,2.3221993,-0.50613308,0.050000001,-0.074164651,0.17978539,-1.2452698e-20,2.3213601,-0.50817603,0.001
194,-0.10354658,2.6787067e-18,1.1501433e-18,-0.42739305,2.3933971,-0.50596577,0.050000001,-0.063668355,0.12649055,-1.6706499e-20,2.39257,-0.50799698,0.001
194,-0.098910064,-5.650293e-20,-1.4644656e-19,-0.5687629,2.4645977,-0.5058018,0.050000001,-0.048622292,0.070039347,9.4092716e-23,2.4637699,-0.50782102,0.001
194,-0.094770171,1.5841397e-19,-3.5846647e-20,-0.67946756,2.5358014,-0.50564176,0.050000001,-0.029711457,0.011646017,3.6984065e-21,2.5349801,-0.50765002,0.001
194,-0.090947576,-2.1298049e-21,5.3442533e-20,-0.7595048,2.6070137,-0.50548494,0.050000001,-0.0076327035,-0.047440398,-1.1736876e-22,2.6062,-0.50748199,0.001
194,-0.087317482,-1.9097291e-19,3.0377833e-20,-0.81063741,2.67823,-0.50533104,0.050000001,0.016994216,-0.10594194,-3.7009862e-21,2.6774199,-0.50731701,0.001
194,-0.083854601,-6.7622209e-20,-4.3323759e-20,-0.83582431,2.7494483,-0.50518042,0.050000001,0.043435365,-0.16276832,-1.4630329e-22,2.7486401,-0.50715601,0.001
194,-0.080597028,1.5236134e-20,2.1804895e-20,-0.83855438,2.8206747,-0.50503302,0.050000001,0.070947655,-0.21703491,-2.5978505e-23,2.81987,-0.506998,0.001
194,-0.07762856,-1.6674015e-18,-7.2726604e-19,-0.82231349,2.8919072,-0.50488889,0.050000001,0.098894566,-0.26804107,-3.0229919e-21,2.8911099,-0.50684398,0.001
194,-0.075068384,3.6782402e-18,1.4735295e-18,-0.79033548,2.9631395,-0.50474727,0.050000001,0.12669095,-0.31528181,8.0171201e-21,2.9623401,-0.50669199,0.001
194,-0.073049873,5.8360889e-18,2.6533268e-18,-0.74524724,3.0343773,-0.50460905,0.050000001,0.15383011,-0.35845739,1.1067816e-20,3.0335901,-0.50654399,0.001
194,-0.071709171,-3.706459e-18,-1.5127229e-18,-0.68874574,3.1056154,-0.50447375,0.050000001,0.17990369,-0.39743701,-8.0413838e-21,3.10483,-0.50639898,0.001
194,-0.07117673,3.988439e-19,3.1101179e-19,-0.6213094,3.1768594,-0.50434101,0.050000001,0.20464985,-0.43222979,-6.5525422e-22,3.17608,-0.506257,0.001
194,-0.071574762,-2.3644172e-18,-1.1713731e-18,-0.54201341,3.2481079,-0.50421089,0.050000001,0.22799058,-0.4629057,-2.7376849e-21,3.24733,-0.506118,0.001
194,-0.073019959,-4.5813613e-18,-2.2952411e-18,-0.44854978,3.3193598,-0.50408375,0.050000001,0.25007111,-0.48950484,-7.503819e-21,3.3185899,-0.50598198,0.001
194,-0.075627647,5.7499115e-18,3.0725545e-18,-0.33764148,3.3906159,-0.50395906,0.050000001,0.27128649,-0.51193416,7.0691469e-21,3.3898499,-0.50584799,0.001
194,-0.079515196,-9.381507e-20,5.3277307e-20,-0.20589885,3.461874,-0.50383687,0.050000001,0.29227087,-0.52987552,-1.2514847e-22,3.4611101,-0.50571698,0.001
194,-0.084800184,-6.036257e-18,-3.6767723e-18,-0.051005147,3.5331354,-0.50371724,0.050000001,0.31384537,-0.54273617,-8.2805473e-21,3.5323801,-0.50558901,0.001
194,-0.091587685,-1.1391717e-20,2.7895208e-21,0.12702899,3.6044037,-0.50360048,0.050000001,0.33691341,-0.54966474,-3.1663321e-23,3.6036501,-0.50546402,0.001
194,-0.099948861,-5.5180015e-18,-4.1127648e-18,0.32494906,3.6756771,-0.5034861,0.050000001,0.36231992,-0.54965389,-1.1334248e-20,3.6749201,-0.50534099,0.001
194,-0.1098892,2.6091537e-18,2.1218574e-18,0.5360595,3.7469511,-0.50337392,0.050000001,0.39070511,-0.54170871,5.7344716e-21,3.7462001,-0.50522101,0.001
194,-0.12131534,1.11713e-17,8.871632e-18,0.75101149,3.8182247,-0.50326377,0.050000001,0.42238501,-0.52504915,2.2581013e-20,3.8174801,-0.50510299,0.001
194,-0.13401252,-7.7473281e-18,-6.9071306e-18,0.9594112,3.8895006,-0.50315624,0.050000001,0.45729977,-0.4992846,-1.9605891e-20,3.8887601,-0.50498801,0.001
194,-0.14763689,-5.2625413e-18,-6.5981567e-18,1.1515555,3.9607811,-0.50305092,0.050000001,0.4950397,-0.46450788,-1.6279654e-20,3.9600401,-0.504875,0.001
194,-0.16173238,7.0183181e-18,6.5510488e-18,1.3198004,4.0320649,-0.50294781,0.050000001,0.53493571,-0.42129135,2.024394e-20,4.0313301,-0.50476402,0.001
194,-0.17576405,-8.0308598e-19,-1.7500437e-18,1.4593192,4.103353,-0.50284678,0.050000001,0.57616985,-0.37060821,-6.8795101e-21,4.1026201,-0.50465602,0.001
194,-0.1891638,-2.2524548e-18,-2.3112946e-18,1.5680583,4.1746497,-0.50274718,0.050000001,0.6178869,-0.31370068,-7.3857349e-21,4.1739202,-0.50454903,0.001
194,-0.20137756,3.5130886e-18,5.9265204e-18,1.6461529,4.2459459,-0.50265032,0.050000001,0.65927702,-0.25194547,1.7564174e-20,4.2452202,-0.50444502,0.001
194,-0.21190549,1.3192504e-20,1.106683e-19,1.6953032,4.3172383,-0.50255579,0.050000001,0.69962794,-0.18673393,-4.1426873e-23,4.3165102,-0.50434399,0.001
194,-0.22033179,-1.3677798e-20,1.6210556e-19,1.7180996,4.388535,-0.50246269,0.050000001,0.73834771,-0.11938929,5.3941141e-23,4.3878198,-0.50424403,0.001
194,-0.22633514,-1.3163344e-19,-7.4528295e-18,1.7173634,4.4598379,-0.50237155,0.050000001,0.77497298,-0.051134389,-2.0249499e-20,4.4591198,-0.50414598,0.001
194,-0.22970532,6.2483673e-21,-5.6281074e-19,1.6955212,4.5311437,-0.50228214,0.050000001,0.80914557,0.016929705,-9.9713654e-22,4.5304298,-0.50405002,0.001
194,-0.23034979,1.1313066e-18,2.5950294e-18,1.6543096,4.6024499,-0.5021947,0.050000001,0.84055591,0.08376696,9.0234354e-21,4.6017399,-0.50395602,0.001
194,-0.22828081,1.3201299e-18,-5.1835989e-18,1.5947114,4.6737576,-0.50210881,0.050000001,0.86897242,0.14839023,-1.1265684e-20,4.6730499,-0.50386399,0.001
194,-0.22362015,-9.9891034e-19,5.1112851e-18,1.5170289,4.7450719,-0.50202477,0.050000001,0.89422041,0.20983692,1.2035264e-20,4.74437,-0.50377399,0.001
194,-0.21659139,-1.30869e-18,5.2523851e-18,1.421441,4.8163867,-0.50194275,0.050000001,0.91611147,0.26712468,1.124638e-20,4.81568,-0.50368601,0.001
194,-0.20750062,-2.6939574e-21,-1.5872862e-19,1.3087755,4.8877025,-0.50186175,0.050000001,0.93446189,0.31929323,-9.2460658e-23,4.8870001,-0.50359899,0.001
194,-0.19673169,-6.1566044e-18,1.4661659e-17,1.1812781,4.9590211,-0.50178266,0.050000001,0.94912165,0.36546329,2.5701954e-20,4.9583201,-0.50351399,0.001
194,-0.18472317,-4.6240495e-20,5.3281268e-19,1.0429285,5.0303426,-0.50170541,0.050000001,0.96000993,0.40493679,3.6416195e-22,5.0296502,-0.50343102,0.001
194,-0.17193648,6.3197414e-18,-1.5021239e-17,0.89915347,5.101665,-0.50162947,0.050000001,0.96715349,0.4372946,-2.6340607e-20,5.1009698,-0.50335002,0.001
194,-0.15882087,-4.8147314e-20,-1.7909352e-19,0.75617987,5.1729913,-0.50155479,0.050000001,0.97071052,0.46246448,6.8179462e-23,5.1722999,-0.50326997,0.001
194,-0.14578348,-2.9090447e-18,5.6535371e-18,0.62009132,5.2443194,-0.50148219,0.050000001,0.97097147,0.4807269,6.879397e-21,5.2436299,-0.50319201,0.001
194,-0.13316448,-7.6681032e-18,1.4873875e-17,0.49587387,5.3156476,-0.50141066,0.050000001,0.96833628,0.49267548,1.6858096e-20,5.31496,-0.503115,0.001
194,-0.12122308,2.6951755e-18,-5.1775116e-18,0.38696325,5.3869777,-0.50134087,0.050000001,0.96327567,0.49913049,-6.3794293e-21,5.3862901,-0.50304002,0.001
194,-0.11013697,3.0129667e-18,-6.1686039e-18,0.29501131,5.4583139,-0.50127244,0.050000001,0.95628327,0.50103766,-8.382385e-21,5.4576302,-0.50296599,0.001
194,-0.10001037,-5.0568603e-18,9.3345942e-18,0.22002743,5.5296497,-0.50120538,0.050000001,0.94783348,0.49936655,8.5186598e-21,5.5289698,-0.50289398,0.001
194,-0.090885565,-2.7591472e-18,5.4732349e-18,0.16082163,5.6009879,-0.50113916,0.050000001,0.93834823,0.49503118,2.7100475e-21,5.6003098,-0.502823,0.001
194,-0.082758889,6.8013433e-18,-1.2507269e-17,0.1154221,5.6723261,-0.50107425,0.050000001,0.9281776,0.4888362,-1.1177013e-20,5.6716499,-0.50275302,0.001
194,-0.075594574,5.85077e-19,-1.0849429e-18,0.081525356,5.7436638,-0.50101078,0.050000001,0.91759211,0.48144996,-2.4075332e-21,5.74299,-0.50268501,0.001
194,-0.069337718,-2.337217e-18,4.2847695e-18,0.056815851,5.8150034,-0.50094855,0.050000001,0.90678382,0.47340158,3.5221298e-21,5.8143301,-0.50261903,0.001
194,-0.063923605,7.5614755e-18,-1.4416926e-17,0.039170954,5.8863478,-0.50088716,0.050000001,0.89587653,0.4650884,-1.003827e-20,5.8856802,-0.50255299,0.001
194,-0.059285261,-1.7340441e-18,3.0500829e-18,0.02680942,5.9576936,-0.50082767,0.050000001,0.88493943,0.45679605,2.1485479e-21,5.9570298,-0.50248897,0.001
194,-0.055357106,-2.7177153e-18,5.3944393e-18,0.018306894,6.0290384,-0.50076914,0.050000001,0.87399513,0.4487195,2.8268185e-21,6.0283699,-0.50242603,0.001
194,-0.05207777,-2.1142679e-18,4.3126794e-18,0.012542824,6.1003861,-0.50071156,0.050000001,0.86303276,0.44098288,1.9275631e-21,6.09972,-0.50236398,0.001
194,-0.049392324,2.3433911e-18,-4.6394017e-18,0.0086797718,6.1717377,-0.50065553,0.050000001,0.85201854,0.43365717,-2.4165017e-21,6.1710801,-0.50230402,0.001
194,-0.047252804,2.0591367e-18,-3.7932696e-18,0.0061399266,6.2430902,-0.50060028,0.050000001,0.840904,0.42677581,-2.5007033e-21,6.2424302,-0.502244,0.001
194,-0.045617729,4.17928e-18,-8.1010413e-18,0.0045662168,6.3144426,-0.50054628,0.050000001,0.82962757,0.42034531,-4.2494255e-21,6.3137798,-0.502186,0.001
194,-0.044452395,6.5923445e-18,-1.2984263e-17,0.003912969,6.3857961,-0.50049281,0.050000001,0.81811696,0.41436055,-6.5298623e-21,6.3851399,-0.50212902,0.001
194,-0.043728895,-9.8559501e-20,1.3001245e-19,0.004551644,6.4571543,-0.50043982,0.050000001,0.80628783,0.40882659,5.2202609e-23,6.4565001,-0.50207198,0.001
194,-0.043426048,-6.3576382e-18,1.2417243e-17,0.007199774,6.5285125,-0.50038874,0.050000001,0.79403347,0.40378347,6.27668e-21,6.5278602,-0.50201702,0.001
194,-0.043529991,-6.4304355e-18,1.2635731e-17,0.012509111,6.5998726,-0.50033838,0.050000001,0.78121758,0.39932114,6.4339186e-21,6.5992198,-0.50196302,0.001
194,-0.044035085,6.1769762e-18,-1.1851822e-17,0.020251926,6.6712332,-0.50028902,0.050000001,0.76768458,0.39555514,-6.4364725e-21,6.6705799,-0.50190997,0.001
194,-0.044944383,-3.7724151e-18,6.8026568e-18,0.028271683,6.7425909,-0.50024098,0.050000001,0.75329733,0.3925423,4.4624031e-21,6.74194,-0.501858,0.001
194,-0.046267945,-4.2060906e-18,7.9861922e-18,0.031805601,6.8139548,-0.50019348,0.050000001,0.73800313,0.39013195,4.6611131e-21,6.8133101,-0.50180697,0.001
194,-0.048017725,6.243319e-18,-1.1699248e-17,0.023861878,6.8853168,-0.50014675,0.050000001,0.72191769,0.38780409,-6.8557828e-21,6.8846698,-0.50175703,0.001
194,-0.050198212,-9.2209773e-21,-4.412258e-20,-0.0030967733,6.9566803,-0.50010115,0.050000001,0.70538151,0.38456869,2.1157356e-24,6.9560399,-0.50170797,0.001
194,-0.052792832,4.9570165e-20,-3.4652693e-20,-0.054595087,7.0280476,-0.50005639,0.050000001,0.68896717,0.37900588,-4.8603894e-23,7.0274,-0.50165999,0.001
194,-0.055751,3.5923854e-18,-6.6636235e-18,-0.13182516,7.0994158,-0.5000121,0.050000001,0.67340577,0.36947307,-5.8813422e-21,7.0987701,-0.50161201,0.001
194,-0.058978982,-5.0195954e-18,9.7378018e-18,-0.2306276,7.1707811,-0.49996895,0.050000001,0.65946174,0.35442695,8.823639e-21,7.1701398,-0.50156599,0.001
194,-0.062341243,-7.5095711e-19,7.0425496e-19,-0.34237322,7.2421513,-0.49992636,0.050000001,0.64779478,0.33275077,-2.9175933e-22,7.2415099,-0.50151998,0.001
194,-0.065671369,5.4198268e-18,-1.0626028e-17,-0.45631441,7.3135276,-0.49988458,0.050000001,0.63886124,0.3039721,-9.5774275e-21,7.3128901,-0.50147498,0.001
194,-0.068790987,-3.0982585e-18,6.4201222e-18,-0.56231201,7.3848977,-0.49984372,0.050000001,0.63288116,0.26831099,6.7053898e-21,7.3842602,-0.50143099,0.001
194,-0.071531765,-1.0777037e-18,3.7264019e-18,-0.65283477,7.4562674,-0.49980354,0.050000001,0.62986535,0.22656061,3.5971851e-21,7.4556298,-0.50138801,0.001
194,-0.073753037,1.7667589e-20,-6.2937381e-20,-0.72360927,7.5276437,-0.49976426,0.050000001,0.62968278,0.17989409,-8.3967181e-23,7.52701,-0.50134599,0.001
194,-0.07535287,5.7764928e-19,1.1288629e-19,-0.77319121,7.5990181,-0.49972564,0.050000001,0.63212281,0.12966968,1.8995584e-22,7.5983801,-0.50130397,0.001
194,-0.076274149,-7.2530485e-20,-2.653188e-18,-0.80205035,7.6703939,-0.49968728,0.050000001,0.63694012,0.077271022,-3.8380599e-21,7.6697602,-0.50126302,0.001
194,-0.076504886,4.952593e-19,-3.9661474e-18,-0.81164563,7.7417698,-0.49964961,0.050000001,0.64388758,0.024020048,-4.0158767e-21,7.7411399,-0.50122303,0.001
194,-0.076072164,-4.4596672e-19,2.4892964e-19,-0.80382311,7.8131475,-0.49961275,0.050000001,0.6527136,-0.028871413,5.1495987e-22,7.81252,-0.50118297,0.001
194,-0.075031944,-5.0158258e-20,-3.2598449e-19,-0.78059751,7.8845282,-0.49957702,0.050000001,0.66314411,-0.080306172,-3.6003127e-22,7.8839002,-0.50114501,0.001
194,-0.073466569,-3.8656151e-19,-9.6906866e-19,-0.74413836,7.9559059,-0.49954134,0.050000001,0.67489153,-0.12932953,4.8782855e-22,7.9552798,-0.50110602,0.001
194,-0.072221026,-1.2521664e-19,-2.9623289e-19,-0.71446341,8.0006247,-0.49951974,0.050000001,0.68289149,-0.15803754,2.2306399e-22,8,-0.50108284,0.001
194,-0.40106595,5.8561042e-19,-2.3963932e-19,1.8147463,0.99841893,-0.41486132,0.050000001,0.018474488,0.18506823,-1.853318e-20,1,-0.4134213,0.001
194,-0.39628473,3.4490901e-19,5.3379755e-20,1.8348752,1.0487686,-0.41459745,0.050000001,0.014151429,0.21111263,-8.6981523e-21,1.0503401,-0.41316599,0.001
194,-0.38683456,1.5186759e-18,4.7677289e-19,1.8413534,1.1197855,-0.41430515,0.050000001,0.0068767066,0.24733444,-1.9161078e-20,1.12135,-0.41288599,0.001
194,-0.37479284,3.2430753e-18,-7.3918581e-19,1.825335,1.1908191,-0.41407159,0.050000001,-0.0016994287,0.2821494,-3.3016898e-20,1.1923701,-0.412664,0.001
194,-0.36042142,-1.0605282e-18,-6.5608471e-19,1.7869306,1.2618676,-0.41388062,0.050000001,-0.011664129,0.31468672,1.1157616e-20,1.2634,-0.41248399,0.001
194,-0.34410429,-4.1306885e-18,5.7102165e-19,1.7266715,1.3329247,-0.41371998,0.050000001,-0.023041651,0.34415054,3.9215053e-20,1.33445,-0.412334,0.001
194,-0.32632774,4.9508551e-18,7.3120776e-19,1.6451654,1.4039909,-0.4135806,0.050000001,-0.035771225,0.36983028,-3.5516967e-20,1.4055001,-0.41220501,0.001
194,-0.30765739,5.9486061e-18,1.4802239e-19,1.5428623,1.4750681,-0.41345596,0.050000001,-0.049690928,0.39111164,-3.990707e-20,1.47657,-0.41209,0.001
194,-0.28868231,-4.9685584e-18,-6.8725391e-19,1.4198778,1.5461524,-0.41334197,0.050000001,-0.064483553,0.4074564,3.5378292e-20,1.54764,-0.41198501,0.001
194,-0.26997048,-4.8858854e-18,5.4986166e-20,1.2760494,1.6172441,-0.41323566,0.050000001,-0.079662554,0.41836506,3.1794755e-20,1.6187201,-0.411888,0.001
194,-0.25204372,5.2387313e-18,1.0969931e-18,1.1112381,1.6883394,-0.41313466,0.050000001,-0.094588742,0.42335144,-2.5827349e-20,1.68981,-0.411796,0.001
194,-0.23534277,-4.4291535e-18,-1.0120837e-18,0.92585033,1.7594433,-0.41303828,0.050000001,-0.10848521,0.42193195,2.0224354e-20,1.7609,-0.411708,0.001
194,-0.22020139,-1.006641e-18,2.2684498e-19,0.72148138,1.8305553,-0.41294551,0.050000001,-0.1204868,0.41364104,7.2541946e-21,1.832,-0.41162401,0.001
194,-0.20682836,3.7476898e-18,6.1907583e-19,0.5014863,1.9016705,-0.41285479,0.050000001,-0.12971029,0.39807782,-1.7059576e-20,1.90311,-0.411542,0.001
194,-0.19529776,-3.7174915e-18,-9.7536257e-19,0.27124342,1.9727925,-0.41276667,0.050000001,-0.13534211,0.3749797,1.6125889e-20,1.97422,-0.41146201,0.001
194,-0.18554826,-3.4647691e-20,4.5836058e-20,0.038030662,2.0439222,-0.41268072,0.050000001,-0.13672668,0.34430251,1.4255952e-22,2.0453401,-0.41138399,0.001
194,-0.17739546,-2.1098706e-18,-8.781946e-19,-0.18965445,2.1150591,-0.41259658,0.050000001,-0.13343775,0.30628642,8.6749702e-21,2.1164601,-0.41130701,0.001
194,-0.17055893,-2.6455885e-18,-1.2797433e-18,-0.40305632,2.1862023,-0.41251469,0.050000001,-0.12532035,0.26148614,1.6843431e-20,2.1875999,-0.41123301,0.001
194,-0.16469948,2.8779035e-19,1.5952134e-20,-0.5942598,2.2573488,-0.41243398,0.050000001,-0.11249482,0.21076305,3.876987e-21,2.2587299,-0.41115999,0.001
194,-0.15945788,2.5692511e-18,1.2798794e-18,-0.7572453,2.3285019,-0.41235474,0.050000001,-0.095317595,0.15522352,-1.297883e-20,2.32988,-0.41108799,0.001
194,-0.15450403,1.6651326e-18,8.227798e-19,-0.88833636,2.3996599,-0.41227752,0.050000001,-0.074305728,0.096141212,-1.1598917e-20,2.4010301,-0.41101801,0.001
194,-0.14957836,1.8901594e-19,1.100788e-19,-0.98626822,2.4708216,-0.41220185,0.050000001,-0.050143469,0.034852911,-4.5986137e-21,2.4721799,-0.41094899,0.001
194,-0.14452042,-1.7608174e-20,-3.6229609e-20,-1.0521145,2.5419891,-0.41212788,0.050000001,-0.023547539,-0.027299454,1.3370841e-22,2.54334,-0.410882,0.001
194,-0.13919045,3.8815309e-21,2.4643439e-20,-1.0886835,2.6131673,-0.41205567,0.050000001,0.0049323235,-0.088992484,1.2726723e-22,2.6145101,-0.410817,0.001
194,-0.13355975,-6.2047934e-19,-1.9516444e-19,-1.0995182,2.6843472,-0.41198426,0.050000001,0.034742035,-0.14908221,-3.7768356e-21,2.6856799,-0.410752,0.001
194,-0.12773618,-7.9217681e-19,-3.5119181e-19,-1.0884223,2.755533,-0.41191447,0.050000001,0.065251164,-0.20660295,-3.6270561e-21,2.75686,-0.410689,0.001
194,-0.12185608,2.1964561e-19,-2.873518e-21,-1.0593418,2.8267252,-0.4118464,0.050000001,0.095879987,-0.26071256,2.168788e-21,2.8280399,-0.41062701,0.001
194,-0.11610188,3.5615194e-19,4.5463598e-20,-1.0162003,2.8979185,-0.41177973,0.050000001,0.12608926,-0.31076661,2.1841003e-21,2.89923,-0.41056699,0.001
194,-0.1106793,4.2155444e-18,1.7961416e-18,-0.96271217,2.969116,-0.41171384,0.050000001,0.15535377,-0.35633796,1.0110685e-20,2.9704199,-0.41050699,0.001
194,-0.1057928,4.4471054e-18,2.1767198e-18,-0.90212744,3.0403221,-0.41164979,0.050000001,0.18317741,-0.3972314,9.3055177e-21,3.04162,-0.410449,0.001
194,-0.10163083,-3.0144912e-18,-1.2250129e-18,-0.83692157,3.1115294,-0.41158712,0.050000001,0.20911548,-0.43346947,-6.8134092e-21,3.1128199,-0.41039199,0.001
194,-0.098354615,1.665921e-18,9.6543082e-19,-0.76832676,3.1827433,-0.41152543,0.050000001,0.23282199,-0.4652673,1.6780433e-21,3.1840301,-0.41033599,0.001
194,-0.096096501,-1.5976936e-18,-7.747843e-19,-0.69583154,3.2539637,-0.41146517,0.050000001,0.25409779,-0.49296099,-3.049324e-21,3.25524,-0.41028199,0.001
194,-0.094964698,-5.3170884e-18,-2.7026822e-18,-0.61686081,3.3251834,-0.41140607,0.050000001,0.27295348,-0.51690948,-8.9106989e-21,3.3264501,-0.41022801,0.001
194,-0.095051982,6.8145522e-19,3.2916337e-19,-0.52677232,3.3964093,-0.41134843,0.050000001,0.2896682,-0.53736222,1.3035761e-21,3.39767,-0.41017601,0.001
194,-0.096448436,-9.001974e-21,-5.7193574e-21,-0.41946322,3.4676428,-0.41129187,0.050000001,0.30482697,-0.55431533,-1.6877263e-23,3.4689,-0.41012499,0.001
194,-0.099248774,8.4305224e-19,4.5667913e-19,-0.28870878,3.5388765,-0.41123608,0.050000001,0.31931531,-0.56739527,1.342207e-21,3.5401299,-0.410074,0.001
194,-0.10355176,1.1668245e-20,8.483395e-20,-0.13002984,3.6101143,-0.41118181,0.050000001,0.33424744,-0.57581216,1.1664419e-23,3.6113601,-0.410025,0.001
194,-0.10944788,-5.4951804e-18,-3.6902818e-18,0.05737837,3.6813605,-0.41112867,0.050000001,0.35082519,-0.57841951,-1.022025e-20,3.6826,-0.40997699,0.001
194,-0.11698943,3.7889939e-19,1.7120527e-19,0.26940712,3.7526088,-0.41107666,0.050000001,0.3701449,-0.57389355,7.8344339e-22,3.75384,-0.40992999,0.001
194,-0.12615494,3.8577412e-18,2.7859379e-18,0.49717331,3.823859,-0.41102538,0.050000001,0.39300603,-0.56099635,7.153151e-21,3.8250799,-0.40988299,0.001
194,-0.13681188,-4.7320265e-18,-4.6459749e-18,0.72856283,3.8951104,-0.41097528,0.050000001,0.41977614,-0.53884429,-1.3545524e-20,3.8963301,-0.40983799,0.001
194,-0.14869243,1.7324237e-18,1.1043019e-18,0.95065939,3.9663639,-0.41092607,0.050000001,0.45035151,-0.50710845,4.3450739e-21,3.9675801,-0.40979299,0.001
194,-0.16139524,8.5328941e-18,1.0121916e-17,1.1522661,4.037622,-0.41087815,0.050000001,0.48422486,-0.46607798,2.9097106e-20,4.0388298,-0.40975001,0.001
194,-0.17441097,-4.2894154e-18,-6.6084398e-18,1.3254749,4.1088853,-0.41083089,0.050000001,0.52061462,-0.41659328,-2.0553647e-20,4.1100898,-0.40970701,0.001
194,-0.18716666,-4.1220511e-18,-6.092562e-18,1.4660653,4.1801577,-0.41078505,0.050000001,0.55861449,-0.359896,-1.7331381e-20,4.1813598,-0.409666,0.001
194,-0.19907729,3.1580585e-18,5.5218582e-18,1.5730829,4.25143,-0.41073999,0.050000001,0.59731561,-0.29745126,1.6681259e-20,4.2526202,-0.40962499,0.001
194,-0.20959608,4.4679902e-19,8.6211653e-19,1.6478164,4.3227038,-0.41069534,0.050000001,0.63589472,-0.23077542,2.3136862e-21,4.3238902,-0.40958399,0.001
194,-0.21825047,-1.7455133e-19,-8.8199766e-19,1.6927485,4.39398,-0.41065192,0.050000001,0.67365015,-0.16133572,-3.1240667e-21,4.3951602,-0.409545,0.001
194,-0.22466585,1.0486952e-19,-7.9754778e-18,1.710858,4.4652591,-0.41060981,0.050000001,0.71000785,-0.090491265,-2.1516068e-20,4.4664402,-0.40950701,0.001
194,-0.22858323,1.4332383e-19,9.8652062e-19,1.7049713,4.5365429,-0.41056812,0.050000001,0.74450278,-0.019499052,3.7232546e-21,4.5377202,-0.40946901,0.001
194,-0.229853,-3.3038133e-20,7.4953292e-18,1.6774031,4.6078291,-0.4105272,0.050000001,0.77677119,0.05051465,2.0262587e-20,4.6090002,-0.40943199,0.001
194,-0.22844401,8.2877578e-20,5.1651981e-20,1.6297537,4.6791143,-0.41048709,0.050000001,0.80654484,0.11853883,-1.7681575e-22,4.6802802,-0.40939599,0.001
194,-0.22444324,-3.7072519e-19,1.127387e-18,1.5627947,4.7504086,-0.41044742,0.050000001,0.83359492,0.18358043,2.7022605e-21,4.7515702,-0.40935999,0.001
194,-0.21803266,-6.2252346e-20,4.6701981e-20,1.4768822,4.8217049,-0.41040903,0.050000001,0.85769957,0.24463442,2.6270616e-23,4.8228598,-0.409325,0.001
194,-0.20949036,2.998456e-19,-1.2707323e-18,1.3727363,4.8930011,-0.41037145,0.050000001,0.87865853,0.30071697,-2.7495708e-21,4.8941498,-0.409291,0.001
194,-0.19917968,-4.2243063e-18,9.4749817e-18,1.2521569,4.9643002,-0.41033462,0.050000001,0.89629298,0.35090598,1.7146669e-20,4.9654498,-0.40925801,0.001
194,-0.18752579,-3.7590233e-19,1.0590156e-18,1.1184886,5.0356007,-0.41029856,0.050000001,0.91047001,0.39442426,1.4649405e-21,5.0367398,-0.40922499,0.001
194,-0.17498428,4.0507734e-18,-9.0797631e-18,0.97660291,5.1069045,-0.41026309,0.050000001,0.92113853,0.43074787,-1.6408087e-20,5.1080399,-0.40919301,0.001
194,-0.16201176,5.6198754e-19,-1.3457248e-18,0.83243734,5.1782117,-0.41022798,0.050000001,0.92835367,0.45967242,-2.178283e-21,5.1793499,-0.409161,0.001
194,-0.14903212,-4.4162569e-20,-1.061858e-19,0.69220036,5.2495222,-0.41019434,0.050000001,0.93229318,0.48135161,0,5.2506499,-0.40913099,0.001
194,-0.1364066,-5.9506178e-18,1.0983706e-17,0.56143034,5.3208342,-0.41016066,0.050000001,0.93324828,0.49628127,1.2962596e-20,5.32196,-0.4091,0.001
194,-0.12441984,-4.8000676e-19,1.0359792e-18,0.44432703,5.3921456,-0.41012836,0.050000001,0.93159789,0.50522298,1.0405152e-21,5.39327,-0.409071,0.001
194,-0.11327337,-1.5626049e-19,1.5148237e-19,0.34340388,5.4634638,-0.41009629,0.050000001,0.92776942,0.50910848,-1.8364153e-21,5.4645801,-0.409042,0.001
194,-0.10309109,-3.4789405e-18,6.4279374e-18,0.25947931,5.5347862,-0.41006458,0.050000001,0.92219919,0.50893521,5.4063523e-21,5.5359001,-0.409013,0.001
194,-0.093931191,8.4232096e-19,-1.3803896e-18,0.19196695,5.6061077,-0.41003367,0.050000001,0.91529649,0.50567728,-2.9344517e-21,5.6072202,-0.40898499,0.001
194,-0.085800052,8.7787603e-18,-1.6274818e-17,0.13927792,5.6774321,-0.41000336,0.050000001,0.90741861,0.50021684,-1.3465874e-20,5.6785402,-0.40895799,0.001
194,-0.078667969,-2.6360532e-19,4.3719933e-19,0.099284731,5.7487555,-0.40997359,0.050000001,0.89885652,0.49330595,-6.0915122e-22,5.7498598,-0.40893099,0.001
194,-0.072482273,-4.5725978e-18,8.537217e-18,0.069679938,5.8200793,-0.40994418,0.050000001,0.88983011,0.48555249,6.4316742e-21,5.8211799,-0.40890399,0.001
194,-0.067178376,4.7933421e-18,-8.8555533e-18,0.048260078,5.8914065,-0.4099153,0.050000001,0.88049418,0.47742343,-6.3405046e-21,5.8925099,-0.408878,0.001
194,-0.06268812,-3.9715522e-18,7.5501382e-18,0.033079889,5.9627371,-0.40988737,0.050000001,0.87094611,0.4692632,4.3999764e-21,5.96383,-0.40885299,0.001
194,-0.058943916,1.7593117e-19,-3.2569086e-19,0.022508981,6.0340691,-0.40985996,0.050000001,0.86123258,0.4613111,-2.1681376e-22,6.0351601,-0.40882799,0.001
194,-0.055882901,-7.9890435e-20,2.1110669e-19,0.01527289,6.1054034,-0.40983337,0.050000001,0.85136563,0.45372432,-2.8137967e-22,6.1064901,-0.408804,0.001
194,-0.053448547,1.6370699e-19,-2.5215774e-19,0.010391638,6.1767406,-0.40980688,0.050000001,0.84132856,0.4465982,-1.5900254e-22,6.1778302,-0.40878001,0.001
194,-0.051591866,4.3423616e-18,-8.2882381e-18,0.0071761115,6.2480793,-0.40978077,0.050000001,0.83108455,0.43998325,-4.5870998e-21,6.2491598,-0.40875599,0.001
194,-0.05027099,4.3721756e-18,-8.3947012e-18,0.0052800821,6.3194189,-0.40975547,0.050000001,0.8205803,0.43390021,-4.3965263e-21,6.3204999,-0.40873301,0.001
194,-0.049451612,4.7453946e-18,-9.0660401e-18,0.0047569866,6.3907585,-0.40973058,0.050000001,0.80974674,0.42836422,-4.815274e-21,6.39184,-0.40871099,0.001
194,-0.049107179,4.8239229e-19,-9.1445665e-19,0.0060909446,6.4621024,-0.40970579,0.050000001,0.79849291,0.42341042,-5.9157318e-22,6.4631801,-0.40868801,0.001
194,-0.049218886,-4.8594752e-18,9.215649e-18,0.0099576917,6.5334463,-0.40968189,0.050000001,0.78669912,0.41911694,4.9371911e-21,6.5345201,-0.408667,0.001
194,-0.04977661,-4.0641617e-18,7.8285746e-18,0.016530029,6.6047926,-0.40965781,0.050000001,0.77421975,0.41560176,4.0926231e-21,6.6058602,-0.408645,0.001
194,-0.05077967,4.1612152e-18,-7.7055001e-18,0.024468536,6.6761403,-0.40963456,0.050000001,0.76090813,0.41296238,-4.5308584e-21,6.6772099,-0.40862399,0.001
194,-0.052236304,-4.878186e-18,8.8234463e-18,0.030009301,6.7474861,-0.40961224,0.050000001,0.7466712,0.41114956,5.5423258e-21,6.7485499,-0.408604,0.001
194,-0.054160457,-4.3798126e-18,8.1237449e-18,0.026846841,6.8188381,-0.40958974,0.050000001,0.7315436,0.40979719,4.9147013e-21,6.8199,-0.40858299,0.001
194,-0.056563262,4.0083361e-18,-7.248271e-18,0.0072753425,6.8901925,-0.40956795,0.050000001,0.71576208,0.4080829,-4.527422e-21,6.8912501,-0.408564,0.001
194,-0.059440918,5.8888523e-19,-1.0569168e-18,-0.035537671,6.9615464,-0.40954623,0.050000001,0.69978911,0.40469888,-7.8472995e-22,6.9626002,-0.408544,0.001
194,-0.062759176,-5.3707281e-19,9.5474427e-19,-0.10494946,7.0329022,-0.40952545,0.050000001,0.68427503,0.39799023,9.0125256e-22,7.0339599,-0.40852499,0.001
194,-0.06644056,3.2263628e-18,-5.8734824e-18,-0.19913703,7.1042562,-0.40950471,0.050000001,0.66995919,0.38624629,-5.0917268e-21,7.10531,-0.40850601,0.001
194,-0.070359416,-3.1339166e-18,5.9738148e-18,-0.31118536,7.175612,-0.40948448,0.050000001,0.65753287,0.36804709,5.7559044e-21,7.1766601,-0.40848801,0.001
194,-0.074347958,2.4086551e-19,-1.1435553e-18,-0.43088835,7.2469716,-0.4094643,0.050000001,0.64752948,0.342549,-2.1373949e-21,7.2480202,-0.40847,0.001
194,-0.078212157,3.6324354e-18,-7.0799274e-18,-0.54744327,7.3183336,-0.40944454,0.050000001,0.64026612,0.30961558,-7.010119e-21,7.3193798,-0.408452,0.001
194,-0.081753813,-3.0717108e-18,6.2527389e-18,-0.65185052,7.3896956,-0.40942571,0.050000001,0.63584781,0.26977181,6.4982517e-21,7.3907399,-0.40843499,0.001
194,-0.084792554,-3.8722736e-19,9.4022074e-19,-0.73815751,7.4610577,-0.40940663,0.050000001,0.63421977,0.22403282,1.1174309e-21,7.4621,-0.40841699,0.001
194,-0.087181918,1.6009941e-19,-9.1307329e-19,-0.80345953,7.5324221,-0.40938836,0.050000001,0.63522965,0.17370203,-1.2331659e-21,7.5334601,-0.40840101,0.001
194,-0.088820115,-6.4739569e-20,9.1049569e-19,-0.84714925,7.603786,-0.40936998,0.050000001,0.63867831,0.12019273,1.1819266e-21,7.6048198,-0.408384,0.001
194,-0.089652725,3.8355354e-20,-6.6824679e-18,-0.86997634,7.6751513,-0.40935171,0.050000001,0.64434588,0.064913638,-7.9000256e-21,7.6761899,-0.40836799,0.001
194,-0.089674413,8.8147125e-20,-7.380137e-19,-0.87338054,7.7465172,-0.40933388,0.050000001,0.65199697,0.0092090815,-9.5687773e-22,7.74755,-0.40835199,0.001
194,-0.088914417,-1.086492e-18,4.2841287e-19,-0.85917991,7.8178897,-0.40931666,0.050000001,0.66138834,-0.045704614,1.0839813e-21,7.8189201,-0.40833601,0.001
194,-0.087444119,-1.9767472e-19,-7.8474682e-19,-0.82936531,7.8892593,-0.40929982,0.050000001,0.67226154,-0.098733373,-9.2158876e-22,7.8902898,-0.40832099,0.001
194,-0.085369654,8.7760337e-19,6.565701e-18,-0.78607684,7.9606252,-0.40928322,0.050000001,0.68433255,-0.1489177,7.3558013e-21,7.9616499,-0.408306,0.001
194,-0.083993793,5.2990229e-19,3.6054375e-18,-0.75686371,7.9989748,-0.4092744,0.050000001,0.69130111,-0.17392918,4.0234291e-21,8,-0.40829796,0.001
194,-0.38780999,-2.6474009e-19,1.0780618e-19,1.4968367,0.99972236,-0.32436976,0.050000001,-0.084940687,0.19410601,6.0423476e-21,1,-0.32298511,0.001
194,-0.38394934,5.4077584e-19,3.2819748e-19,1.5126455,1.0516026,-0.32418498,0.050000001,-0.091134503,0.22157663,-9.838336e-21,1.05188,-0.32280901,0.001
194,-0.37646672,1.4608855e-18,2.4942683e-19,1.5121156,1.1226114,-0.32399976,0.050000001,-0.099916652,0.25873423,-1.8818186e-20,1.12289,-0.32263601,0.001
194,-0.36690238,2.3740104e-19,-1.7686003e-19,1.4882946,1.1936352,-0.32386369,0.050000001,-0.10905788,0.29453981,-7.6634603e-22,1.19391,-0.322512,0.001
194,-0.3554993,-7.8620948e-19,-2.1622753e-19,1.4406171,1.2646716,-0.32376304,0.050000001,-0.11857788,0.3280752,8.6593273e-21,1.26494,-0.322422,0.001
194,-0.34261179,-1.2067868e-18,-1.4066806e-19,1.3688853,1.3357106,-0.32368746,0.050000001,-0.12843661,0.35845923,8.03929e-21,1.3359801,-0.322357,0.001
194,-0.32868072,1.2429271e-18,4.2209336e-19,1.2730794,1.40676,-0.32362843,0.050000001,-0.13850765,0.38485828,-7.627052e-21,1.40703,-0.322308,0.001
194,-0.31420431,2.2661347e-18,4.6395335e-19,1.1532625,1.4778183,-0.32358134,0.050000001,-0.1485537,0.40649852,-1.4806481e-20,1.47808,-0.32227099,0.001
194,-0.2996977,-1.1772318e-18,-4.0728197e-19,1.0095599,1.5488858,-0.32354265,0.050000001,-0.15820211,0.42266268,7.0925148e-21,1.54915,-0.32224199,0.001
194,-0.28565338,-1.1981963e-18,-2.1542916e-19,0.84241736,1.6199597,-0.32350877,0.050000001,-0.16693883,0.43266401,6.7158879e-21,1.6202199,-0.32221699,0.001
194,-0.27250168,1.2299353e-18,4.2632974e-19,0.65301579,1.6910394,-0.32347861,0.050000001,-0.17413093,0.43585417,-5.790541e-21,1.6913,-0.32219601,0.001
194,-0.26057929,-8.1366739e-20,-7.5606305e-20,0.44382364,1.762128,-0.32345152,0.050000001,-0.17906642,0.43164402,-1.0563453e-22,1.76238,-0.32217801,0.001
194,-0.25010356,-1.0992139e-18,-3.8259587e-19,0.21908592,1.8332235,-0.32342586,0.050000001,-0.18102238,0.41954851,5.6275803e-21,1.83348,-0.32216099,0.001
194,-0.24115585,9.9093123e-20,3.9012142e-20,-0.014867735,1.9043231,-0.32340106,0.050000001,-0.17935,0.39925858,-8.4791251e-24,1.90458,-0.32214499,0.001
194,-0.2336766,-7.6853525e-20,1.4872006e-21,-0.24992687,1.9754268,-0.32337725,0.050000001,-0.17356122,0.37071738,-1.3215367e-24,1.97568,-0.32212901,0.001
194,-0.22747509,-4.8092953e-20,7.8290165e-21,-0.47693202,2.0465386,-0.32335475,0.050000001,-0.16339803,0.3341763,4.1769041e-22,2.0467899,-0.322115,0.001
194,-0.22225471,6.5838738e-19,3.5346198e-19,-0.68679827,2.117661,-0.32333246,0.050000001,-0.14886415,0.29022178,-5.0656153e-21,2.1179099,-0.32210001,0.001
194,-0.21765128,-5.8034992e-19,-3.575124e-19,-0.87172604,2.1887872,-0.32331106,0.050000001,-0.13021708,0.23975049,4.2985987e-21,2.1890299,-0.32208699,0.001
194,-0.2132768,-6.8197831e-19,-3.237594e-19,-1.0261286,2.2599206,-0.32328963,0.050000001,-0.10791392,0.18390234,4.6936098e-21,2.26017,-0.32207301,0.001
194,-0.208764,3.8149901e-19,1.5932485e-19,-1.14709,2.3310566,-0.32326907,0.050000001,-0.082538247,0.12398596,-1.8156484e-22,2.3313,-0.32205999,0.001
194,-0.20380817,6.0708142e-20,3.0516228e-20,-1.2342682,2.4022007,-0.32324865,0.050000001,-0.054730259,0.061358165,-4.316246e-22,2.4024401,-0.322047,0.001
194,-0.19820157,2.5122147e-19,1.865013e-19,-1.2892821,2.4733505,-0.32322881,0.050000001,-0.025109373,-0.0026772863,-4.0606797e-21,2.4735899,-0.322034,0.001
194,-0.1918318,-2.4739155e-20,-4.031834e-20,-1.31511,2.5445058,-0.32320976,0.050000001,0.0058114012,-0.06678059,2.5475512e-23,2.54475,-0.32202199,0.001
194,-0.18467464,2.5124332e-20,3.78628e-20,-1.3152628,2.6156683,-0.32319054,0.050000001,0.037593983,-0.12968232,-3.1899878e-23,2.6159101,-0.32201001,0.001
194,-0.17681016,-6.0448389e-19,-2.0167103e-19,-1.2932436,2.6868343,-0.32317173,0.050000001,0.069810174,-0.1903287,-3.6492612e-21,2.6870699,-0.321998,0.001
194,-0.16841298,-7.6329782e-19,-3.5902676e-19,-1.2525873,2.7580066,-0.32315332,0.050000001,0.10204182,-0.2477636,-3.809325e-21,2.75824,-0.32198599,0.001
194,-0.15972476,2.7194111e-19,4.4733779e-20,-1.1969562,2.8291841,-0.32313547,0.050000001,0.133863,-0.3011519,2.6148972e-21,2.8294201,-0.32197499,0.001
194,-0.15102659,1.3173287e-19,2.6794548e-20,-1.1301672,2.9003637,-0.3231177,0.050000001,0.16482672,-0.34984571,1.5504023e-21,2.9006,-0.32196301,0.001
194,-0.14261045,2.9522614e-19,1.4505662e-19,-1.056163,2.9715474,-0.32310039,0.050000001,0.19446366,-0.39342448,1.2837793e-21,2.9717801,-0.32195199,0.001
194,-0.13475581,5.222836e-19,2.669917e-19,-0.97886246,3.0427394,-0.3230837,0.050000001,0.22229546,-0.43172413,1.8228868e-21,3.0429699,-0.321942,0.001
194,-0.12770937,8.0582395e-19,4.099282e-19,-0.90179873,3.1139371,-0.3230671,0.050000001,0.24785557,-0.46484211,1.6576961e-21,3.1141701,-0.321931,0.001
194,-0.12167137,6.5665867e-19,3.8717416e-19,-0.82757705,3.1851392,-0.3230511,0.050000001,0.27072349,-0.49312007,1.3043877e-21,3.18537,-0.32192099,0.001
194,-0.116792,-1.3629799e-18,-7.1620193e-19,-0.75725639,3.2563457,-0.32303524,0.050000001,0.29057401,-0.51709741,-2.733152e-21,3.2565701,-0.32191101,0.001
194,-0.11317571,-5.9005104e-19,-3.7040804e-19,-0.68959892,3.3275554,-0.32301977,0.050000001,0.30723691,-0.5374195,-1.2539001e-21,3.32778,-0.32190099,0.001
194,-0.11089427,6.3737864e-19,3.3919042e-19,-0.6204558,3.398771,-0.32300442,0.050000001,0.32077008,-0.55469966,1.1428638e-21,3.3989999,-0.32189101,0.001
194,-0.11000296,-8.7464269e-20,-5.3279812e-20,-0.54268992,3.4699917,-0.32298926,0.050000001,0.33153871,-0.56934601,-1.5473614e-22,3.4702101,-0.321881,0.001
194,-0.11055669,7.7328892e-19,4.5078733e-19,-0.4470326,3.5412149,-0.32297471,0.050000001,0.34027565,-0.58137983,1.3274034e-21,3.54144,-0.321872,0.001
194,-0.11262199,-9.6561866e-21,1.7213307e-21,-0.32410547,3.6124384,-0.32296053,0.050000001,0.34808075,-0.59028924,-1.9590393e-23,3.6126599,-0.321863,0.001
194,-0.11627592,6.1800803e-20,3.893165e-20,-0.16721088,3.6836708,-0.32294649,0.050000001,0.35633358,-0.59499824,1.4472325e-22,3.6838901,-0.321854,0.001
194,-0.12158644,1.7323264e-20,3.1587795e-20,0.024950117,3.7549086,-0.32293284,0.050000001,0.36650452,-0.59399003,1.6684787e-23,3.7551301,-0.321845,0.001
194,-0.12857936,-1.5386815e-18,-1.0137043e-18,0.24683845,3.8261511,-0.32291961,0.050000001,0.37990528,-0.58558846,-3.0882942e-21,3.82637,-0.32183701,0.001
194,-0.13719465,1.8708175e-19,2.6920226e-20,0.48669782,3.897393,-0.32290605,0.050000001,0.39745221,-0.56832433,2.2875424e-22,3.8976099,-0.32182801,0.001
194,-0.1472474,1.3466279e-18,1.1417393e-18,0.72922146,3.9686368,-0.32289338,0.050000001,0.41951951,-0.54126954,3.571347e-21,3.9688499,-0.32181999,0.001
194,-0.15841146,-2.027022e-19,-8.9541946e-21,0.95910317,4.0398865,-0.32288066,0.050000001,0.44592884,-0.50422704,-1.3924822e-22,4.0401001,-0.321812,0.001
194,-0.17022941,-4.6113768e-19,-5.0755601e-19,1.1640184,4.1111422,-0.32286802,0.050000001,0.47605807,-0.45773816,-1.6414428e-21,4.1113601,-0.32180399,0.001
194,-0.18214943,-3.100586e-19,-7.502432e-19,1.3362346,4.1823983,-0.32285604,0.050000001,0.50901634,-0.40293834,-2.3456796e-21,4.18261,-0.321796,0.001
194,-0.19358084,-1.5709262e-19,-8.9081348e-20,1.4725726,4.2536602,-0.32284454,0.050000001,0.54382604,-0.34131894,-1.9987413e-22,4.25387,-0.321789,0.001
194,-0.20394698,3.7902096e-19,6.9307907e-19,1.5732477,4.3249288,-0.32283264,0.050000001,0.57954621,-0.27451938,2.1282071e-21,4.32514,-0.32178101,0.001
194,-0.21273002,-1.2849278e-19,-9.0177193e-19,1.6405749,4.3961949,-0.32282096,0.050000001,0.61534488,-0.20417076,-2.740489e-21,4.3964,-0.32177401,0.001
194,-0.21950294,1.7676128e-19,2.0048269e-19,1.6777946,4.4674644,-0.3228099,0.050000001,0.65051562,-0.13178577,7.474998e-22,4.46767,-0.321767,0.001
194,-0.22395423,1.2287577e-19,8.1498673e-19,1.6882515,4.5387378,-0.322799,0.050000001,0.68449616,-0.058736544,2.4376833e-21,4.53895,-0.32176,0.001
194,-0.22589128,-1.4297998e-19,5.8040957e-20,1.6748437,4.610014,-0.32278806,0.050000001,0.71687132,0.013751348,8.9639041e-23,4.61022,-0.321753,0.001
194,-0.22523853,1.0162487e-20,7.7479378e-20,1.6397188,4.681294,-0.3227773,0.050000001,0.74730289,0.084570475,2.9058748e-22,4.6815,-0.32174599,0.001
194,-0.2220283,-3.1923102e-19,9.870251e-19,1.5842324,4.7525802,-0.32276696,0.050000001,0.77549517,0.15266392,2.3000609e-21,4.75279,-0.32174,0.001
194,-0.216399,-4.407827e-21,6.4168659e-20,1.5091327,4.8238659,-0.32275677,0.050000001,0.80120432,0.21700919,7.5046263e-23,4.82407,-0.321733,0.001
194,-0.20859751,3.4015998e-19,-1.1395634e-18,1.4151304,4.8951535,-0.32274705,0.050000001,0.82421702,0.27661374,-2.7202868e-21,4.89536,-0.32172701,0.001
194,-0.1989596,-1.2141626e-20,-2.2597884e-19,1.303654,4.9664435,-0.32273695,0.050000001,0.8443296,0.3305262,-3.854832e-22,4.96665,-0.32172,0.001
194,-0.18788844,-6.5971485e-19,1.3643168e-18,1.1774374,5.0377378,-0.32272735,0.050000001,0.86136824,0.37791511,2.4392932e-21,5.03794,-0.32171401,0.001
194,-0.17582768,1.1267505e-20,2.1837186e-19,1.0406924,5.109036,-0.32271814,0.050000001,0.87521547,0.4181641,3.6291242e-22,5.1092401,-0.32170799,0.001
194,-0.1632323,6.366256e-19,-1.3174544e-18,0.89886498,5.1803331,-0.32270935,0.050000001,0.88583606,0.45094779,-2.3533852e-21,5.1805401,-0.32170299,0.001
194,-0.15053351,-2.0221902e-21,-2.7213011e-20,0.75799608,5.2516375,-0.32270047,0.050000001,0.89329916,0.47628823,0,5.2518401,-0.321697,0.001
194,-0.13810873,-7.5687155e-19,1.225706e-18,0.6238519,5.3229418,-0.32269132,0.050000001,0.89778471,0.49455839,1.527248e-21,5.3231401,-0.32169101,0.001
194,-0.12626281,-6.7261706e-19,1.1965224e-18,0.501185,5.3942471,-0.32268265,0.050000001,0.8995682,0.50642759,1.3351992e-21,5.3944502,-0.321686,0.001
194,-0.11521976,2.6914329e-20,-2.0083451e-20,0.39327133,5.46556,-0.32267386,0.050000001,0.89899254,0.51277632,-3.0310358e-22,5.4657602,-0.32168001,0.001
194,-0.10512374,1.3509329e-18,-2.4466636e-18,0.3017242,5.5368719,-0.32266554,0.050000001,0.89643699,0.51459557,-2.5496976e-21,5.5370698,-0.321675,0.001
194,-0.096049093,6.9898866e-19,-1.2420996e-18,0.22664256,5.6081834,-0.32265764,0.050000001,0.89227897,0.51288921,-1.250594e-21,5.6083798,-0.32167,0.001
194,-0.088014141,-1.2849311e-18,2.4039726e-18,0.16695699,5.6795015,-0.32264969,0.050000001,0.88686675,0.50859678,2.1231759e-21,5.6796999,-0.32166499,0.001
194,-0.080997773,1.2019846e-20,6.1482271e-21,0.12085115,5.7508216,-0.3226417,0.050000001,0.88050032,0.50254238,-8.2137996e-24,5.75102,-0.32166001,0.001
194,-0.074952573,-2.2376979e-20,-1.3358679e-20,0.086155578,5.8221416,-0.32263392,0.050000001,0.8734206,0.49540955,-1.3077373e-22,5.82234,-0.32165501,0.001
194,-0.069816649,4.0048951e-20,-4.1150507e-21,0.060670324,5.8934612,-0.32262632,0.050000001,0.86580884,0.48773804,-6.7738216e-24,5.8936601,-0.32165,0.001
194,-0.065522283,6.2605925e-19,-1.1728524e-18,0.042353414,5.9647856,-0.32261872,0.050000001,0.85778922,0.47993469,-8.3189631e-22,5.9649801,-0.32164499,0.001
194,-0.062001947,1.2232561e-21,-7.7990724e-21,0.029440407,6.0361137,-0.32261148,0.050000001,0.84943676,0.47229055,-8.5304371e-25,6.0363102,-0.32164001,0.001
194,-0.059192672,-9.2169285e-20,1.7013517e-19,0.020508269,6.1074395,-0.32260472,0.050000001,0.84078705,0.46500427,1.0764085e-22,6.1076298,-0.32163599,0.001
194,-0.057037577,-9.5174149e-21,1.9261618e-20,0.014445999,6.1787696,-0.32259718,0.050000001,0.8318429,0.45820224,1.0391492e-23,6.1789598,-0.32163101,0.001
194,-0.055487547,1.0180769e-19,-1.3431494e-19,0.010486626,6.250103,-0.32259032,0.050000001,0.82258242,0.45195809,-8.7608923e-23,6.2502999,-0.32162699,0.001
194,-0.054501727,9.6717512e-20,-1.2681148e-19,0.0082921665,6.3214374,-0.32258391,0.050000001,0.8129636,0.44631693,-8.3545469e-23,6.32163,-0.321623,0.001
194,-0.054047178,5.2038992e-19,-9.1089284e-19,0.0080066668,6.3927712,-0.32257697,0.050000001,0.80292046,0.44132131,-5.305726e-22,6.3929601,-0.32161799,0.001
194,-0.054099452,4.8608271e-19,-8.9616541e-19,0.010148907,6.4641089,-0.32257053,0.050000001,0.7923575,0.43704158,-5.3042487e-22,6.4643002,-0.321614,0.001
194,-0.054643176,-5.2941482e-19,9.2839919e-19,0.015143911,6.5354495,-0.32256424,0.050000001,0.7811482,0.43359002,5.4074499e-22,6.5356398,-0.32161,0.001
194,-0.05567259,5.4293195e-20,-1.08393e-19,0.022465795,6.6067891,-0.32255796,0.050000001,0.76914799,0.43109274,-1.3024388e-22,6.6069798,-0.32160601,0.001
194,-0.057191785,2.054604e-20,1.218597e-21,0.029566288,6.6781287,-0.32255182,0.050000001,0.75623304,0.42959696,5.1512534e-24,6.6783199,-0.32160199,0.001
194,-0.05921302,-6.7716577e-19,1.1534327e-18,0.031260766,6.7494707,-0.32254615,0.050000001,0.7423647,0.4289133,7.5991034e-22,6.74966,-0.32159901,0.001
194,-0.061751567,-5.9524284e-19,9.7168576e-19,0.02021271,6.8208189,-0.32254019,0.050000001,0.72766405,0.42844978,7.4755948e-22,6.8210101,-0.32159501,0.001
194,-0.064814501,3.009254e-20,3.9088747e-21,-0.011340383,6.892169,-0.32253423,0.050000001,0.71246672,0.42711073,-6.1506096e-24,6.8923602,-0.32159099,0.001
194,-0.06838651,6.4470271e-19,-1.0924034e-18,-0.06901405,6.9635153,-0.32252845,0.050000001,0.69731659,0.42334309,-8.7156089e-22,6.9636998,-0.321587,0.001
194,-0.072414614,-5.4836533e-19,9.0785936e-19,-0.15396608,7.0348625,-0.32252321,0.050000001,0.68289602,0.41535538,8.9682181e-22,7.0350499,-0.32158399,0.001
194,-0.076796323,-5.7053309e-19,1.0514101e-18,-0.2619361,7.106215,-0.3225176,0.050000001,0.6699124,0.40145329,1.0844237e-21,7.1064,-0.32157999,0.001
194,-0.081378356,4.8927806e-19,-8.6613994e-19,-0.38416079,7.1775708,-0.32251227,0.050000001,0.65897375,0.38037929,-8.5990968e-22,7.1777601,-0.32157701,0.001
194,-0.085966267,5.0766545e-19,-8.7068628e-19,-0.50970024,7.2489228,-0.32250658,0.050000001,0.65050447,0.35154468,-9.1858861e-22,7.2491102,-0.32157299,0.001
194,-0.090344027,4.0886992e-19,-8.7227426e-19,-0.62815654,7.3202782,-0.32250139,0.050000001,0.64471817,0.31507725,-1.0905607e-21,7.3204699,-0.32157001,0.001
194,-0.094296597,-4.5270913e-20,5.3193126e-21,-0.73157716,7.3916345,-0.32249638,0.050000001,0.64164817,0.2717216,2.6623592e-23,7.39182,-0.321567,0.001
194,-0.097632065,-3.7316304e-19,8.7067863e-19,-0.81513762,7.4629922,-0.32249165,0.050000001,0.64120305,0.22263642,1.0853319e-21,7.4631801,-0.32156399,0.001
194,-0.10019621,1.8869004e-19,-1.0078265e-18,-0.87674457,7.5343523,-0.32248688,0.050000001,0.64322191,0.16920634,-1.3840153e-21,7.5345402,-0.32156101,0.001
194,-0.1018828,-9.7630176e-20,9.9706655e-19,-0.91621965,7.6057119,-0.32248157,0.050000001,0.647515,0.11288505,1.389759e-21,7.6058998,-0.32155699,0.001
194,-0.10263588,-1.2820178e-19,1.0811815e-19,-0.93446571,7.677072,-0.32247651,0.050000001,0.65387934,0.055096053,1.5412864e-22,7.6772599,-0.32155401,0.001
194,-0.10244969,9.640127e-20,-9.9877365e-19,-0.93289632,7.7484365,-0.32247186,0.050000001,0.66208738,-0.0028168312,-1.3667388e-21,7.74862,-0.321551,0.001
194,-0.10136565,1.1689642e-20,1.0105522e-18,-0.91320634,7.8198047,-0.32246792,0.050000001,0.67189652,-0.059609815,1.3650215e-21,7.8199902,-0.321549,0.001
194,-0.099468753,-2.080505e-19,-9.2588435e-19,-0.87734419,7.8911691,-0.32246345,0.050000001,0.68305713,-0.11415391,-1.130493e-21,7.8913498,-0.32154599,0.001
194,-0.096878529,-6.3653532e-20,-1.3504454e-19,-0.82755607,7.9625344,-0.32245874,0.050000001,0.69529468,-0.16547343,-1.7098565e-22,7.9627199,-0.32154301,0.001
194,-0.095236085,5.1565247e-20,3.5047697e-19,-0.79561919,7.9998169,-0.32245642,0.050000001,0.70209348,-0.19017617,4.2113989e-22,8,-0.32154143,0.001
194,-0.37153372,4.6150814e-20,1.7986375e-20,1.180127,0.99999291,-0.24107942,0.050000001,-0.15260963,0.20482609,-1.7780106e-21,1,-0.24074323,0.001
194,-0.36864382,9.1278095e-20,-2.1929199e-20,1.1864768,1.0519516,-0.24094626,0.050000001,-0.15973864,0.23232728,-6.9350168e-22,1.05196,-0.240613,0.001
194,-0.36304602,1.0419486e-19,-7.2495741e-21,1.1733205,1.1229727,-0.24081735,0.050000001,-0.16902149,0.26948464,1.8061879e-22,1.12298,-0.24048799,0.001
194,-0.35592562,2.3722769e-20,1.3140626e-20,1.1368465,1.1940044,-0.24072674,0.050000001,-0.1778218,0.30526879,-1.299213e-22,1.19401,-0.240401,0.001
194,-0.34751165,-4.1207841e-20,2.0226571e-21,1.0759964,1.2650442,-0.24066433,0.050000001,-0.1860833,0.33871055,-6.6509437e-23,1.2650501,-0.24034201,0.001
194,-0.33812246,-7.2541e-20,-1.654399e-20,0.99008238,1.3360896,-0.24062172,0.050000001,-0.19369122,0.36884439,2.1170091e-22,1.3361,-0.240302,0.001
194,-0.32814509,-4.9355676e-20,-4.041061e-20,0.8787635,1.4071414,-0.24059218,0.050000001,-0.20045036,0.39472708,6.678972e-22,1.40715,-0.24027599,0.001
194,-0.31800354,4.57505e-20,-1.709098e-20,0.74207634,1.4782013,-0.24057139,0.050000001,-0.20606685,0.41545281,2.9974796e-22,1.47821,-0.24025799,0.001
194,-0.30812275,-2.088166e-21,1.6715207e-20,0.58064252,1.5492692,-0.24055704,0.050000001,-0.21013707,0.43015829,-2.7789187e-22,1.54928,-0.240246,0.001
194,-0.29889211,4.3586178e-21,2.0242514e-20,0.39604402,1.6203409,-0.24054669,0.050000001,-0.21216214,0.43803406,-3.1065277e-22,1.62035,-0.240238,0.001
194,-0.29062587,-3.8445303e-21,-1.7835308e-20,0.19127098,1.6914208,-0.24053866,0.050000001,-0.21158519,0.43835568,1.9357686e-22,1.69143,-0.24023201,0.001
194,-0.28353262,2.6877101e-21,3.7079983e-21,-0.028843334,1.7625111,-0.24053241,0.050000001,-0.20784914,0.43053254,-8.000898e-25,1.76252,-0.240228,0.001
194,-0.27769378,1.5522645e-20,2.3361086e-20,-0.2574895,1.8336029,-0.24052691,0.050000001,-0.20047745,0.41417542,-3.2567137e-22,1.8336101,-0.240225,0.001
194,-0.27305135,-9.3241329e-22,-4.1307845e-21,-0.48622528,1.9047027,-0.24052201,0.050000001,-0.18915331,0.38916728,-2.2772669e-24,1.9047101,-0.24022201,0.001
194,-0.26941451,-3.0679008e-20,-2.0002912e-20,-0.70578319,1.9758109,-0.2405182,0.050000001,-0.17377643,0.35571659,2.8477066e-22,1.9758199,-0.24022,0.001
194,-0.26648098,-6.0547359e-20,-2.562258e-20,-0.90725023,2.0469205,-0.24051479,0.050000001,-0.15449187,0.31437454,4.5413296e-22,2.0469301,-0.240219,0.001
194,-0.26387069,8.1864572e-20,3.2533505e-20,-1.0832738,2.1180408,-0.24051106,0.050000001,-0.13166621,0.26600209,-3.6413759e-22,2.1180501,-0.240217,0.001
194,-0.26117006,2.5604256e-20,2.4109413e-20,-1.228934,2.1891673,-0.24050735,0.050000001,-0.10582622,0.21170177,-4.0442028e-22,2.1891699,-0.240215,0.001
194,-0.2579757,-2.6341802e-20,-1.7591621e-21,-1.3420227,2.2602987,-0.24050403,0.050000001,-0.077574387,0.1527254,-2.2410847e-23,2.2603099,-0.24021401,0.001
194,-0.25393903,1.9681482e-21,2.629649e-21,-1.4227259,2.3314323,-0.24050093,0.050000001,-0.047519997,0.090397142,-5.1147444e-25,2.33144,-0.24021301,0.001
194,-0.24880335,-2.2329981e-21,1.2423344e-21,-1.4729645,2.4025786,-0.24049759,0.050000001,-0.016243657,0.026000047,-3.5311752e-22,2.40259,-0.240211,0.001
194,-0.24240963,1.2323787e-20,-1.1790352e-20,-1.4954941,2.4737287,-0.24049468,0.050000001,0.015814323,-0.039207824,-7.8494759e-23,2.4737401,-0.24021,0.001
194,-0.2346935,-2.4896763e-20,-1.5216871e-20,-1.4932184,2.5448828,-0.24049176,0.050000001,0.048396103,-0.1040054,2.526413e-23,2.5448899,-0.240209,0.001
194,-0.2257107,4.9829056e-20,2.5228188e-20,-1.4688107,2.6160429,-0.24048835,0.050000001,0.081214316,-0.16725038,4.1018197e-22,2.61605,-0.240207,0.001
194,-0.21562861,4.0560717e-21,-5.8156322e-21,-1.4247559,2.6872072,-0.2404857,0.050000001,0.11395101,-0.22786818,5.0850201e-23,2.6872101,-0.240206,0.001
194,-0.20470101,-1.2534588e-20,-1.6683546e-20,-1.3636429,2.7583787,-0.24048297,0.050000001,0.14632402,-0.28486669,-3.1301322e-22,2.7583899,-0.240205,0.001
194,-0.19325806,2.2427442e-20,1.0046128e-20,-1.2884675,2.8295527,-0.24048021,0.050000001,0.17800318,-0.3373667,2.5868307e-22,2.82956,-0.24020401,0.001
194,-0.18166901,5.4121826e-22,8.8137249e-21,-1.2027385,2.9007325,-0.24047768,0.050000001,0.20860958,-0.38467887,4.8859845e-23,2.9007399,-0.24020299,0.001
194,-0.17031065,9.3317302e-20,6.1860515e-20,-1.1104883,2.9719181,-0.24047491,0.050000001,0.2377193,-0.42634597,3.46189e-22,2.97193,-0.24020199,0.001
194,-0.15953965,7.48305e-20,5.1291815e-20,-1.0161393,3.0431106,-0.24047212,0.050000001,0.26488099,-0.46218398,2.2151116e-22,3.0431199,-0.2402,0.001
194,-0.14966553,-8.6566156e-21,2.8146993e-21,-0.92413843,3.1143045,-0.24046955,0.050000001,0.28964132,-0.49230605,-7.0391971e-23,3.11431,-0.240199,0.001
194,-0.1409348,-1.0935842e-19,-6.1483799e-20,-0.83847815,3.1855047,-0.24046719,0.050000001,0.31156996,-0.51711291,-2.8282645e-22,3.1855099,-0.240198,0.001
194,-0.13352475,1.7901867e-20,-3.3260201e-22,-0.76209813,3.2567105,-0.24046484,0.050000001,0.33028749,-0.53725475,-3.048937e-23,3.2567201,-0.240197,0.001
194,-0.12754762,1.2136819e-19,7.301668e-20,-0.69600034,3.3279181,-0.24046224,0.050000001,0.3455033,-0.55356205,2.28097e-22,3.32793,-0.240196,0.001
194,-0.12306351,1.6340623e-20,2.5287204e-20,-0.63824886,3.3991327,-0.24045987,0.050000001,0.35707465,-0.56693304,3.2878224e-23,3.3991399,-0.24019501,0.001
194,-0.1200974,-3.1103679e-19,-1.9678606e-19,-0.58309537,3.4703529,-0.24045748,0.050000001,0.3650921,-0.5781697,-5.8960332e-22,3.47036,-0.24019399,0.001
194,-0.118662,-1.1075762e-19,-7.2981338e-20,-0.52080226,3.5415726,-0.24045528,0.050000001,0.36998215,-0.58776212,-1.9852783e-22,3.54158,-0.24019299,0.001
194,-0.11877795,1.0699988e-19,6.8800663e-20,-0.43882313,3.6127982,-0.24045306,0.050000001,0.37259457,-0.59566236,1.9965777e-22,3.6128099,-0.240192,0.001
194,-0.12048326,6.3997415e-22,-8.4950269e-24,-0.32467914,3.6840281,-0.24045086,0.050000001,0.37421408,-0.60112441,1.9056499e-25,3.6840401,-0.240191,0.001
194,-0.12382774,1.2057159e-19,7.2984575e-20,-0.16987734,3.7552624,-0.24044932,0.050000001,0.37644789,-0.60270458,2.1248452e-22,3.75527,-0.240191,0.001
194,-0.12885053,2.5392259e-20,5.8868146e-21,0.0266062,3.8265028,-0.2404473,0.050000001,0.38098568,-0.59847754,1.3244695e-23,3.82651,-0.24019,0.001
194,-0.13553905,-6.7079477e-21,-2.9709173e-21,0.2569133,3.8977423,-0.24044503,0.050000001,0.38929185,-0.58643925,-3.9485021e-24,3.8977499,-0.240189,0.001
194,-0.14378181,-3.0118796e-20,-4.8291608e-21,0.5059101,3.9689882,-0.24044302,0.050000001,0.40233141,-0.56497133,-1.5767457e-23,3.9690001,-0.240188,0.001
194,-0.1533339,-3.807312e-21,-5.1960295e-21,0.75513667,4.0402379,-0.24044079,0.050000001,0.42042616,-0.5332104,-1.575495e-23,4.0402498,-0.240187,0.001
194,-0.16381052,6.6228943e-21,9.5362389e-21,0.98744512,4.1114926,-0.24043876,0.050000001,0.44328466,-0.49119383,2.5624255e-23,4.1114998,-0.24018601,0.001
194,-0.17471042,1.8693778e-20,5.6592115e-21,1.1903094,4.1827507,-0.24043694,0.050000001,0.47016785,-0.43976948,1.7677442e-23,4.1827598,-0.24018499,0.001
194,-0.18546136,1.102863e-20,-1.6496498e-21,1.3568761,4.2540107,-0.24043535,0.050000001,0.50010103,-0.38035566,-6.9682671e-24,4.2540202,-0.24018499,0.001
194,-0.19547844,-5.0841529e-20,-1.0032773e-19,1.4852132,4.3252726,-0.24043372,0.050000001,0.53206074,-0.31465942,-3.244593e-22,4.3252802,-0.24018399,0.001
194,-0.20421658,1.7996521e-20,-3.856742e-22,1.5767181,4.3965383,-0.24043162,0.050000001,0.56509674,-0.24444768,2.2308352e-23,4.3965502,-0.240183,0.001
194,-0.21121,4.8461404e-20,2.3138108e-19,1.6344632,4.4678063,-0.24042976,0.050000001,0.59838539,-0.17140509,7.1219387e-22,4.4678102,-0.240182,0.001
194,-0.21610183,-2.6173544e-20,-2.3623441e-19,1.6620586,4.5390782,-0.24042861,0.050000001,0.63126034,-0.097041473,-7.3511113e-22,4.5390902,-0.240182,0.001
194,-0.21865223,-2.3080108e-20,-1.203842e-19,1.6628765,4.610352,-0.2404267,0.050000001,0.66317755,-0.022726843,-3.6161248e-22,4.6103601,-0.240181,0.001
194,-0.2187338,2.7552788e-20,1.1563902e-19,1.6396434,4.6816325,-0.2404248,0.050000001,0.69369614,0.050301794,3.845832e-22,4.6816401,-0.24018,0.001
194,-0.2163346,-3.823997e-21,-2.1574965e-21,1.5944231,4.7529144,-0.2404236,0.050000001,0.72247225,0.12091103,6.0338062e-24,4.7529202,-0.24018,0.001
194,-0.21156186,-1.9345023e-20,1.340542e-19,1.5286173,4.8242002,-0.24042192,0.050000001,0.74923342,0.18804061,3.7036189e-22,4.8242102,-0.240179,0.001
194,-0.20462741,1.2899743e-20,7.1106942e-21,1.4432877,4.8954883,-0.24042025,0.050000001,0.77373582,0.25066704,1.0884943e-23,4.8955002,-0.240178,0.001
194,-0.1958328,4.5970058e-21,-4.3441862e-21,1.3398651,4.9667783,-0.24041903,0.050000001,0.79575521,0.30781963,1.0552682e-23,4.9667902,-0.240178,0.001
194,-0.18555191,-1.6317822e-19,3.0987765e-19,1.2207323,5.0380702,-0.24041736,0.050000001,0.81508863,0.35863116,5.8927718e-22,5.0380802,-0.24017701,0.001
194,-0.17420733,-8.2247318e-20,1.6237539e-19,1.0895557,5.109364,-0.24041592,0.050000001,0.83157194,0.40241858,2.625135e-22,5.1093702,-0.24017601,0.001
194,-0.16223896,1.6521967e-19,-3.066061e-19,0.95125717,5.1806622,-0.24041466,0.050000001,0.84510326,0.43876684,-5.837705e-22,5.1806698,-0.24017601,0.001
194,-0.1500728,7.8496894e-20,-1.5591302e-19,0.81153983,5.2519646,-0.24041314,0.050000001,0.85566372,0.4675844,-2.689948e-22,5.2519698,-0.24017499,0.001
194,-0.13809058,8.2690021e-20,-1.602087e-19,0.67614484,5.3232703,-0.24041189,0.050000001,0.86333477,0.48912764,-2.1036824e-22,5.3232799,-0.24017499,0.001
194,-0.12660933,-7.4638744e-21,-2.4333717e-21,0.55012774,5.3945746,-0.24041015,0.050000001,0.86829382,0.50396502,-2.4013454e-25,5.3945799,-0.240174,0.001
194,-0.11586831,-4.2767703e-20,7.8726592e-20,0.43726054,5.4658823,-0.24040863,0.050000001,0.87079787,0.51290876,1.2211184e-22,5.4658899,-0.240173,0.001
194,-0.10602824,1.5034883e-20,1.9067823e-22,0.33979124,5.5371928,-0.24040759,0.050000001,0.87115747,0.51691705,-6.0083375e-26,5.5372,-0.240173,0.001
194,-0.097179964,-4.0047261e-20,7.9288629e-20,0.25844392,5.6085019,-0.24040626,0.050000001,0.86970389,0.5169968,8.8328055e-23,5.60851,-0.240172,0.001
194,-0.089356512,-5.7477052e-20,7.4424083e-20,0.19266571,5.6798182,-0.24040522,0.050000001,0.86676198,0.5141204,6.4812844e-23,5.6798301,-0.240172,0.001
194,-0.08254794,-4.418487e-20,7.5263904e-20,0.14101373,5.7511339,-0.24040389,0.050000001,0.86262691,0.50916445,6.011098e-23,5.7511401,-0.240171,0.001
194,-0.076714791,9.3443873e-20,-1.5636226e-19,0.10153064,5.8224521,-0.24040282,0.050000001,0.85754853,0.50287557,-1.2955153e-22,5.8224602,-0.240171,0.001
194,-0.071801148,9.1984229e-20,-1.5816614e-19,0.072084948,5.893774,-0.24040149,0.050000001,0.8517254,0.49585825,-1.216106e-22,5.8937802,-0.24017,0.001
194,-0.067743257,-4.0650809e-20,7.7174394e-20,0.050616093,5.9651003,-0.24040043,0.050000001,0.84530437,0.48857865,6.0472089e-23,5.9651098,-0.24017,0.001
194,-0.064476661,-4.5383074e-20,7.8065293e-20,0.035286043,6.0364242,-0.24039933,0.050000001,0.83838481,0.48138139,5.723834e-23,6.0364299,-0.240169,0.001
194,-0.061939873,-4.177349e-20,7.4850223e-20,0.024543662,6.1077523,-0.24039848,0.050000001,0.83102345,0.4745076,4.4822991e-23,6.10776,-0.240169,0.001
194,-0.060077909,3.5703838e-23,4.5768771e-22,0.017188253,6.1790824,-0.24039689,0.050000001,0.82324338,0.46811849,-1.3161248e-25,6.17909,-0.24016801,0.001
194,-0.058843169,4.1207217e-20,-7.3628012e-20,0.012416524,6.250412,-0.24039574,0.050000001,0.81503958,0.46231732,-4.4730704e-23,6.2504201,-0.24016801,0.001
194,-0.058196515,8.1890234e-20,-1.4641964e-19,0.0099116461,6.3217444,-0.2403951,0.050000001,0.80637938,0.45717821,-9.2061178e-23,6.3217502,-0.24016801,0.001
194,-0.058107302,-7.7595913e-20,1.424581e-19,0.0098673021,6.3930802,-0.24039397,0.050000001,0.79719955,0.45277742,9.2632112e-23,6.3930898,-0.24016701,0.001
194,-0.058553919,-7.7736928e-20,1.4653631e-19,0.012714374,6.4644146,-0.24039289,0.050000001,0.78740394,0.44922212,9.1921014e-23,6.4644198,-0.24016701,0.001
194,-0.059524655,7.7391852e-20,-1.4215453e-19,0.018463446,6.5357523,-0.24039178,0.050000001,0.77686477,0.44664973,-9.2469449e-23,6.5357599,-0.24016599,0.001
194,-0.061018255,8.0012237e-20,-1.3784766e-19,0.025719417,6.6070924,-0.24039114,0.050000001,0.76544875,0.44517466,-9.8835266e-23,6.6071,-0.24016599,0.001
194,-0.063044034,-7.5890849e-23,-1.2478989e-21,0.030739928,6.6784325,-0.24039021,0.050000001,0.75306743,0.44476622,1.2504853e-25,6.6784401,-0.240165,0.001
194,-0.065618947,-8.166561e-20,1.3296349e-19,0.027222525,6.7497721,-0.24038927,0.050000001,0.7397458,0.44507709,9.5701986e-23,6.7497802,-0.240165,0.001
194,-0.068760559,-2.3237108e-23,-7.5748023e-21,0.0072936644,6.8211179,-0.24038835,0.050000001,0.72568846,0.44529355,-6.3465982e-24,6.8211298,-0.240165,0.001
194,-0.072473496,2.4437993e-21,-3.2590104e-21,-0.036319707,6.892467,-0.24038742,0.050000001,0.7113108,0.44408578,-3.2450168e-24,6.8924699,-0.240164,0.001
194,-0.076733641,8.152539e-20,-1.2280108e-19,-0.10769741,6.9638124,-0.24038674,0.050000001,0.69720358,0.43972424,-1.2492548e-22,6.96382,-0.240164,0.001
194,-0.081470937,-4.3333966e-20,5.9046853e-20,-0.20587686,7.0351577,-0.24038605,0.050000001,0.68404841,0.43035734,7.4692803e-23,7.0351701,-0.240164,0.001
194,-0.086559452,-8.1754512e-20,1.2140646e-19,-0.32463378,7.1065097,-0.24038512,0.050000001,0.67249751,0.41436496,1.2286539e-22,7.1065202,-0.240163,0.001
194,-0.091818713,4.6299522e-20,-6.5423123e-20,-0.45402876,7.1778622,-0.24038419,0.050000001,0.66306871,0.39067146,-8.0957986e-23,7.1778698,-0.240163,0.001
194,-0.097027056,7.5485926e-21,-4.299621e-21,-0.58298862,7.2492137,-0.24038298,0.050000001,0.65608633,0.35891327,-4.3179075e-24,7.2492199,-0.240162,0.001
194,-0.1019438,5.0230187e-21,1.7800693e-21,-0.70176685,7.32057,-0.24038227,0.050000001,0.65168214,0.31942925,2.3923158e-24,7.32058,-0.240162,0.001
194,-0.10633338,-1.0088483e-21,1.8239195e-21,-0.80339503,7.3919239,-0.24038152,0.050000001,0.64983839,0.27312228,2.3653513e-24,7.3919301,-0.240162,0.001
194,-0.10998814,-6.5603912e-21,1.2566312e-21,-0.88397408,7.4632821,-0.24038056,0.050000001,0.65044165,0.22124541,-2.7009063e-26,7.4632902,-0.240161,0.001
194,-0.11274303,2.8310854e-20,-1.1995789e-19,-0.94203657,7.5346398,-0.24037984,0.050000001,0.65332991,0.16522947,-1.7980656e-22,7.5346498,-0.240161,0.001
194,-0.11448598,-1.7651871e-20,1.1747381e-19,-0.97768664,7.6059976,-0.24037911,0.050000001,0.6583212,0.1065453,1.8164928e-22,7.60601,-0.240161,0.001
194,-0.11515907,-2.0347965e-20,1.2036716e-19,-0.99187863,7.6773601,-0.24037816,0.050000001,0.66521937,0.046624959,1.7955052e-22,7.6773701,-0.24016,0.001
194,-0.114764,2.5354456e-20,-5.7629538e-20,-0.9859398,7.7487245,-0.24037765,0.050000001,0.67381656,-0.013176191,-8.318063e-23,7.7487302,-0.24016,0.001
194,-0.11335383,1.2928279e-20,1.2354637e-19,-0.96142477,7.8200865,-0.24037735,0.050000001,0.68389475,-0.07158941,1.7249127e-22,7.8200898,-0.24016,0.001
194,-0.11102401,-1.0429068e-21,-6.172646e-20,-0.92023778,7.8914499,-0.24037685,0.050000001,0.69520783,-0.12745863,-1.0048632e-22,7.8914599,-0.24016,0.001
194,-0.10790887,-2.0139649e-20,-1.2480802e-19,-0.8646993,7.9628143,-0.24037585,0.050000001,0.70747775,-0.17977707,-1.744347e-22,7.9628201,-0.240159,0.001
194,-0.10595942,-3.7225128e-20,-1.3020543e-19,-0.82969958,7.9999933,-0.24037559,0.050000001,0.71421403,-0.20475295,-1.6544544e-22,8,-0.240159,0.001
194,-0.35375559,2.6336112e-20,1.7330856e-20,0.86853737,1.0000042,-0.16041115,0.050000001,-0.19303845,0.21631433,-3.6942164e-22,1,-0.1603713,0.001
194,-0.35173336,-1.8191581e-20,-1.9480226e-20,0.86324441,1.0519955,-0.1603207,0.050000001,-0.20021828,0.24320574,1.1988774e-22,1.05199,-0.160282,0.001
194,-0.34789386,-9.1603047e-21,-2.2712536e-21,0.83465743,1.1230304,-0.16023383,0.050000001,-0.20888752,0.27945262,1.7996082e-22,1.1230299,-0.16019601,0.001
194,-0.34311882,-2.9125834e-20,-1.734796e-20,0.78299564,1.1940696,-0.16017359,0.050000001,-0.21631782,0.31422842,3.1362045e-22,1.19407,-0.160137,0.001
194,-0.33762872,-5.8702423e-20,-3.6024116e-20,0.70694166,1.2651132,-0.16013274,0.050000001,-0.22237609,0.34651136,5.880359e-22,1.26511,-0.160097,0.001
194,-0.33170769,-1.0424173e-23,6.0793296e-21,0.60566783,1.3361627,-0.16010569,0.050000001,-0.22687659,0.37526172,-1.6995487e-25,1.3361599,-0.160071,0.001
194,-0.32568288,3.3047064e-20,1.8045837e-20,0.47894281,1.4072202,-0.16008733,0.050000001,-0.22956631,0.39944208,-2.7322486e-22,1.40722,-0.160053,0.001
194,-0.31989592,-8.0358322e-20,-4.7847852e-20,0.32735151,1.478282,-0.16007541,0.050000001,-0.23012115,0.41804421,5.3559399e-22,1.4782799,-0.160042,0.001
194,-0.31466722,-6.9738434e-20,-3.2658567e-20,0.15259002,1.5493518,-0.16006768,0.050000001,-0.22815463,0.43011773,5.0039636e-22,1.54935,-0.160034,0.001
194,-0.31026199,7.9163162e-20,4.7083864e-20,-0.042125445,1.62043,-0.160063,0.050000001,-0.22324844,0.43480623,-5.5259027e-22,1.62043,-0.16003001,0.001
194,-0.30685684,5.5900426e-22,-3.0544593e-21,-0.25179064,1.6915096,-0.16005963,0.050000001,-0.21500596,0.43140358,1.383375e-23,1.69151,-0.160027,0.001
194,-0.30451334,-3.0276142e-20,-1.2133806e-20,-0.46958265,1.7625997,-0.16005747,0.050000001,-0.20311594,0.41941944,2.6576065e-22,1.7625999,-0.160025,0.001
194,-0.30316404,7.2733985e-20,3.8303965e-20,-0.6872192,1.833698,-0.16005589,0.050000001,-0.18742026,0.39864624,-5.0625236e-22,1.8336999,-0.160024,0.001
194,-0.30261254,3.4350349e-20,1.0830591e-20,-0.89583719,1.9047976,-0.16005448,0.050000001,-0.16796404,0.36921012,-2.6833734e-22,1.9048001,-0.160023,0.001
194,-0.30255082,-3.671382e-20,-1.88372e-20,-1.0870905,1.9759079,-0.1600537,0.050000001,-0.14500587,0.33157682,2.4236483e-22,1.9759099,-0.16002201,0.001
194,-0.302589,-4.1060548e-22,1.893913e-21,-1.2542324,2.0470221,-0.16005336,0.050000001,-0.11899579,0.2865268,-3.5775067e-24,2.04702,-0.16002201,0.001
194,-0.30229482,1.5288501e-21,-4.2025693e-22,-1.3929486,2.1181421,-0.16005303,0.050000001,-0.090509541,0.23507868,7.0324843e-24,2.11814,-0.16002201,0.001
194,-0.30123377,3.6933134e-21,-2.7163422e-22,-1.5015045,2.1892703,-0.16005246,0.050000001,-0.060161229,0.17839554,7.0230906e-24,2.18927,-0.16002101,0.001
194,-0.2990129,2.2115207e-21,1.646851e-22,-1.5803235,2.2603998,-0.16005209,0.050000001,-0.028529797,0.11770409,-3.4580767e-24,2.2604001,-0.16002101,0.001
194,-0.29531083,-1.7840139e-21,6.6660476e-23,-1.6312284,2.3315375,-0.16005169,0.050000001,0.0038737394,0.054218128,-3.4559685e-24,2.3315401,-0.16002101,0.001
194,-0.2899107,3.0389545e-22,4.8151456e-21,-1.6565901,2.4026818,-0.1600513,0.050000001,0.036643192,-0.01089278,0,2.4026799,-0.16002101,0.001
194,-0.28269434,-4.0426869e-20,-2.4020398e-20,-1.6586324,2.4738319,-0.1600509,0.050000001,0.069528811,-0.076445565,-6.8867249e-22,2.47383,-0.16002101,0.001
194,-0.27364901,-2.5617464e-20,-2.4924595e-20,-1.6390723,2.5449903,-0.16005051,0.050000001,0.10237069,-0.14130707,-2.398227e-22,2.5449901,-0.16002101,0.001
194,-0.2628918,3.6581164e-20,2.236492e-20,-1.5992321,2.6161504,-0.16005012,0.050000001,0.13499795,-0.20439509,6.8887136e-22,2.6161499,-0.16002101,0.001
194,-0.25065258,2.8219761e-20,2.0140328e-20,-1.540429,2.6873145,-0.16004978,0.050000001,0.16721955,-0.26460308,2.4056461e-22,2.68731,-0.16001999,0.001
194,-0.23726296,1.9538048e-21,4.0329118e-21,-1.4643822,2.7584844,-0.16004963,0.050000001,0.19881225,-0.32087934,0,2.7584801,-0.16001999,0.001
194,-0.22313385,-8.1666017e-20,-4.521198e-20,-1.3735566,2.8296599,-0.16004945,0.050000001,0.22948956,-0.37228271,-3.3350982e-22,2.8296599,-0.16001999,0.001
194,-0.20872131,7.9438038e-20,4.1703493e-20,-1.27135,2.900842,-0.16004929,0.050000001,0.25890279,-0.41805711,3.1060097e-22,2.90084,-0.16001999,0.001
194,-0.19448672,1.6205536e-19,9.8036012e-20,-1.1620065,2.9720275,-0.16004889,0.050000001,0.28665897,-0.45770341,6.1842055e-22,2.9720299,-0.16001999,0.001
194,-0.18086326,1.3456816e-20,1.5068803e-20,-1.0503634,3.0432198,-0.16004874,0.050000001,0.31234157,-0.49102026,-4.410811e-23,3.04322,-0.16001999,0.001
194,-0.16822445,-8.8032393e-20,-5.1697609e-20,-0.94149899,3.114418,-0.16004859,0.050000001,0.33554196,-0.51813138,-2.8876606e-22,3.1144199,-0.16001999,0.001
194,-0.15686537,-9.3973618e-20,-5.9752613e-20,-0.84031957,3.1856179,-0.16004844,0.050000001,0.35587713,-0.53946942,-2.6951888e-22,3.1856201,-0.16001999,0.001
194,-0.14699358,3.3521783e-21,-3.4094842e-21,-0.75105035,3.2568197,-0.16004829,0.050000001,0.37300459,-0.5557422,0,3.25682,-0.16001999,0.001
194,-0.1387344,1.0620812e-19,6.8302668e-20,-0.67662704,3.3280275,-0.1600474,0.050000001,0.38663056,-0.56787461,2.1602518e-22,3.3280301,-0.160019,0.001
194,-0.13214387,1.0581769e-19,7.5489937e-20,-0.61780673,3.3992419,-0.16004701,0.050000001,0.39652917,-0.57692641,2.0922402e-22,3.39924,-0.160019,0.001
194,-0.12722701,-2.1460955e-19,-1.3852822e-19,-0.57188874,3.4704599,-0.16004682,0.050000001,0.40259781,-0.58397055,-4.2094908e-22,3.4704599,-0.160019,0.001
194,-0.12396326,-1.0703221e-19,-7.3401668e-20,-0.53147501,3.5416818,-0.16004665,0.050000001,0.40495512,-0.58990359,-2.0739754e-22,3.5416801,-0.160019,0.001
194,-0.12232899,-2.4759378e-21,-7.4718142e-21,-0.48418504,3.6129098,-0.1600465,0.050000001,0.40407711,-0.59519309,1.6710715e-24,3.61291,-0.160019,0.001
194,-0.12231598,1.1223896e-19,7.5011258e-20,-0.41433463,3.6841397,-0.16004628,0.050000001,0.40091443,-0.5996139,2.0917135e-22,3.68414,-0.160019,0.001
194,-0.12393722,1.120803e-19,7.5843227e-20,-0.30684003,3.7553718,-0.16004634,0.050000001,0.3969104,-0.60208875,2.1245198e-22,3.7553699,-0.160019,0.001
194,-0.12721749,2.9877093e-21,2.0350523e-21,-0.15230677,3.8266096,-0.16004615,0.050000001,0.39385822,-0.60075015,1.4006648e-23,3.8266101,-0.160019,0.001
194,-0.13216096,-1.0441324e-19,-6.6469572e-20,0.04889961,3.8978517,-0.16004597,0.050000001,0.39360484,-0.59327596,-2.3059217e-22,3.89785,-0.160019,0.001
194,-0.13870549,-2.1769238e-19,-1.5275665e-19,0.28576326,3.9690998,-0.1600458,0.050000001,0.39768463,-0.57742137,-4.6183113e-22,3.9691,-0.160019,0.001
194,-0.14667857,1.0595939e-19,7.042407e-20,0.53959048,4.0403476,-0.1600454,0.050000001,0.4070251,-0.55156291,2.2681298e-22,4.04035,-0.160019,0.001
194,-0.15577175,1.925115e-20,-7.571332e-21,0.78944701,4.1115994,-0.16004501,0.050000001,0.4218322,-0.51504517,-4.6139947e-23,4.1115999,-0.160018,0.001
194,-0.16554815,-5.6129826e-23,-2.2825615e-21,1.017491,4.1828599,-0.16004485,0.050000001,0.44167796,-0.46823338,4.1095519e-25,4.1828599,-0.160018,0.001
194,-0.17547576,8.4445305e-20,8.4009859e-20,1.2120558,4.2541199,-0.16004464,0.050000001,0.46571198,-0.41231731,2.8722047e-22,4.2541199,-0.160018,0.001
194,-0.18498258,2.9324231e-21,3.1713707e-21,1.3679161,4.3253794,-0.1600447,0.050000001,0.49290469,-0.34897432,0,4.3253798,-0.160018,0.001
194,-0.1935139,-2.2022023e-20,-4.6962074e-20,1.4846667,4.3966455,-0.16004452,0.050000001,0.52223074,-0.2800599,-1.6477446e-22,4.3966498,-0.160018,0.001
194,-0.20057812,-3.4322225e-20,-1.0158512e-19,1.5646647,4.4679155,-0.16004433,0.050000001,0.55276442,-0.20740467,-3.3885009e-22,4.4679198,-0.160018,0.001
194,-0.20577939,5.0206394e-21,-1.784246e-19,1.6114026,4.5391879,-0.16004437,0.050000001,0.58372235,-0.13269193,-5.4270313e-22,4.5391898,-0.160018,0.001
194,-0.20883165,3.7431903e-20,-1.4104275e-19,1.6284575,4.6104622,-0.16004418,0.050000001,0.61445719,-0.057439495,-3.7088723e-22,4.6104598,-0.160018,0.001
194,-0.2095685,4.0569034e-20,9.1200424e-20,1.6189872,4.6817398,-0.16004398,0.050000001,0.64444554,0.017006567,3.4746564e-22,4.6817398,-0.160018,0.001
194,-0.20794408,-4.0287085e-21,2.3800401e-19,1.5855242,4.7530198,-0.16004404,0.050000001,0.67326647,0.089427859,7.0586941e-22,4.7530198,-0.160018,0.001
194,-0.2040274,-2.132561e-20,1.3406725e-19,1.5299951,4.8243055,-0.16004384,0.050000001,0.70058036,0.15869576,3.5269991e-22,4.8243098,-0.160018,0.001
194,-0.19799417,4.7552206e-20,-1.3568432e-19,1.4539704,4.8955941,-0.16004363,0.050000001,0.72609711,0.22374268,-3.1661588e-22,4.8955898,-0.160018,0.001
194,-0.19011258,-6.4299676e-20,1.4112583e-19,1.3590994,4.9668841,-0.16004367,0.050000001,0.74956131,0.28357455,3.0382358e-22,4.9668798,-0.160018,0.001
194,-0.18072554,-5.5489899e-20,1.4149859e-19,1.2476934,5.0381756,-0.16004349,0.050000001,0.77073932,0.33729401,3.1656188e-22,5.0381799,-0.160018,0.001
194,-0.17022926,-5.4430921e-20,7.9082169e-20,1.1231084,5.1094699,-0.16004285,0.050000001,0.78942615,0.384166,9.0461034e-23,5.1094699,-0.160017,0.001
194,-0.15904328,-3.2291031e-20,6.9609252e-20,0.98981375,5.180768,-0.16004245,0.050000001,0.80546623,0.42370391,1.1479177e-22,5.1807699,-0.160017,0.001
194,-0.14758064,7.5798993e-20,-1.4789485e-19,0.85314667,5.2520652,-0.16004223,0.050000001,0.81876934,0.45572308,-2.8648313e-22,5.25207,-0.160017,0.001
194,-0.13621859,8.9763656e-20,-1.5855671e-19,0.71868926,5.32337,-0.16004226,0.050000001,0.82933199,0.48037457,-2.27942e-22,5.32337,-0.160017,0.001
194,-0.12527658,-4.982715e-20,7.6148877e-20,0.59157026,5.3946781,-0.16004205,0.050000001,0.83724201,0.49812841,7.785404e-23,5.39468,-0.160017,0.001
194,-0.11500456,-4.798995e-20,8.0224939e-20,0.47588089,5.465982,-0.16004188,0.050000001,0.84267116,0.50971359,1.0573012e-22,5.4659801,-0.160017,0.001
194,-0.10557511,-2.3055048e-21,1.5250686e-21,0.37433991,5.5372896,-0.16004191,0.050000001,0.8458569,0.51603574,-2.9072449e-23,5.5372901,-0.160017,0.001
194,-0.097092502,-4.8951049e-20,7.9790365e-20,0.2882157,5.6086016,-0.16004169,0.050000001,0.84707505,0.51808232,7.5153699e-23,5.6086001,-0.160017,0.001
194,-0.08960361,-1.3856414e-22,2.1036489e-21,0.21744674,5.6799178,-0.1600415,0.050000001,0.84661484,0.51683503,-2.2800142e-23,5.6799202,-0.160017,0.001
194,-0.083110124,-1.8929817e-22,2.2867757e-21,0.16099708,5.7512321,-0.16004151,0.050000001,0.84475452,0.51320255,-1.0175332e-23,5.7512298,-0.160017,0.001
194,-0.077581652,1.4132258e-19,-2.3409845e-19,0.11718988,5.8225498,-0.16004157,0.050000001,0.84174228,0.50797915,-1.9842254e-22,5.8225498,-0.160017,0.001
194,-0.072969571,9.3133836e-20,-1.5852154e-19,0.084037386,5.8938723,-0.16004136,0.050000001,0.83778602,0.50182337,-1.2120162e-22,5.8938699,-0.160017,0.001
194,-0.069215804,-9.2640022e-20,1.5447911e-19,0.059526615,5.9651957,-0.16004114,0.050000001,0.83304852,0.49525511,1.1690443e-22,5.9651999,-0.160017,0.001
194,-0.066260263,-4.6682923e-20,8.0501443e-20,0.041791242,6.03652,-0.16004117,0.050000001,0.82764828,0.48866931,5.7900945e-23,6.03652,-0.160017,0.001
194,-0.064044818,8.8787706e-20,-1.5176532e-19,0.029215863,6.1078506,-0.16004123,0.050000001,0.8216629,0.48235035,-1.0686798e-22,6.1078501,-0.160017,0.001
194,-0.062517487,-3.3321876e-23,-1.0610957e-21,0.020545539,6.1791782,-0.16004099,0.050000001,0.81513411,0.4764964,5.1107226e-26,6.1791801,-0.160017,0.001
194,-0.061633587,-4.4148494e-20,7.580424e-20,0.014977249,6.2505054,-0.16004077,0.050000001,0.80807173,0.47124547,5.108419e-23,6.2505102,-0.160017,0.001
194,-0.061356667,2.3364558e-22,3.5809607e-22,0.012239438,6.3218379,-0.1600408,0.050000001,0.80045295,0.46670657,0,6.3218398,-0.160017,0.001
194,-0.061659314,-2.350313e-22,-3.8603248e-22,0.012511389,6.3931723,-0.16004083,0.050000001,0.79221839,0.4629952,0,6.3931699,-0.160017,0.001
194,-0.062523797,-4.3298727e-20,7.1603998e-20,0.01600622,6.4645081,-0.16004065,0.050000001,0.78327268,0.46025401,5.5077347e-23,6.46451,-0.160017,0.001
194,-0.063943088,5.4507269e-22,8.2104411e-22,0.022159589,6.5358419,-0.16004021,0.050000001,0.77349591,0.45863542,1.8774575e-26,6.53584,-0.160016,0.001
194,-0.065921612,4.3010106e-20,-7.1708106e-20,0.028607922,6.6071796,-0.1600403,0.050000001,0.76277721,0.45822132,-5.5181944e-23,6.6071801,-0.160016,0.001
194,-0.068474613,4.151277e-23,-4.5526104e-22,0.030465595,6.6785197,-0.16004033,0.050000001,0.75107533,0.45887715,-5.8543297e-26,6.6785202,-0.160016,0.001
194,-0.071624137,-1.9700742e-22,4.8753593e-22,0.020566108,6.7498617,-0.16003986,0.050000001,0.7384845,0.46008027,0,6.7498598,-0.160016,0.001
194,-0.075389341,4.2903532e-20,-6.610114e-20,-0.0090598948,6.821208,-0.16003963,0.050000001,0.72528714,0.46079892,-6.9625103e-23,6.8212099,-0.160016,0.001
194,-0.079770841,4.9945195e-23,-1.0228079e-21,-0.064791285,6.8925519,-0.1600399,0.050000001,0.71195924,0.45950067,-1.4302176e-26,6.89255,-0.160016,0.001
194,-0.084733389,-4.2105946e-20,6.6181189e-20,-0.1490179,6.9638977,-0.16003993,0.050000001,0.699112,0.45433256,6.9686275e-23,6.9639001,-0.160016,0.001
194,-0.090187877,5.7342489e-22,4.5276208e-22,-0.25883311,7.0352473,-0.16003995,0.050000001,0.68739843,0.4434374,-7.8378348e-24,7.0352502,-0.160016,0.001
194,-0.095983744,3.6682895e-20,-6.2618697e-20,-0.38647982,7.1065974,-0.16003998,0.050000001,0.67739916,0.42530766,-8.9603182e-23,7.1065998,-0.160016,0.001
194,-0.10191327,-5.5525645e-22,1.3803908e-22,-0.5213306,7.1779475,-0.16003978,0.050000001,0.66953784,0.3990576,7.9828487e-24,7.1779499,-0.160016,0.001
194,-0.10772827,-8.0424784e-21,1.4804853e-21,-0.65252995,7.2493019,-0.16003932,0.050000001,0.6640501,0.36453149,-9.9671053e-24,7.2493,-0.160016,0.001
194,-0.11316515,2.5367316e-20,-6.1808376e-20,-0.77113366,7.3206558,-0.16003932,0.050000001,0.66100293,0.32224393,-1.0389963e-22,7.3206601,-0.160016,0.001
194,-0.11796989,-9.5369417e-21,-1.8039866e-21,-0.87109786,7.3920097,-0.16003935,0.050000001,0.6603421,0.2732172,-9.0821864e-24,7.3920102,-0.160016,0.001
194,-0.12192075,-1.0323786e-20,-1.5511633e-21,-0.94924879,7.4633679,-0.16003914,0.050000001,0.66194409,0.21877256,-7.4049253e-24,7.4633698,-0.160016,0.001
194,-0.12484293,-9.4151491e-21,-9.749614e-22,-1.0045263,7.5347219,-0.16003916,0.050000001,0.66565233,0.16037163,-4.0483407e-24,7.5347199,-0.160016,0.001
194,-0.12661971,-1.2702167e-20,-2.0170401e-21,-1.037125,7.6060796,-0.16003917,0.050000001,0.67129737,0.099496141,-1.8467948e-24,7.6060801,-0.160016,0.001
194,-0.12719446,-9.3075566e-21,6.2223001e-20,-1.047897,7.6774421,-0.1600392,0.050000001,0.67869967,0.037598483,1.1238983e-22,7.6774402,-0.160016,0.001
194,-0.12657219,-3.6996634e-21,6.3666185e-20,-1.0380467,7.7488041,-0.16003898,0.050000001,0.68766344,-0.023936024,1.0320325e-22,7.7487998,-0.160016,0.001
194,-0.12481441,-1.5455972e-20,-6.5155647e-20,-1.0090638,7.8201656,-0.16003875,0.050000001,0.69797224,-0.083813936,-1.0758351e-22,7.8201699,-0.160016,0.001
194,-0.12203059,-1.6867554e-20,-6.7565121e-20,-0.96283388,7.8915277,-0.16003901,0.050000001,0.70938164,-0.14085208,-9.4535684e-23,7.89153,-0.160016,0.001
194,-0.11837057,1.4030062e-20,6.5085369e-20,-0.90172315,7.9628916,-0.16003904,0.050000001,0.7216205,-0.19401914,1.0705672e-22,7.9628901,-0.160016,0.001
194,-0.11610465,1.6579751e-20,6.6504662e-20,-0.8636995,8.000001,-0.16003905,0.050000001,0.72826272,-0.21921153,1.0536063e-22,8,-0.160016,0.001
194,-0.33548686,2.9462338e-20,1.3668623e-20,0.5642159,1.0000044,-0.080187619,0.050000001,-0.20979525,0.22732365,-3.7107616e-22,1,-0.080182575,0.001
194,-0.33426026,1.9860976e-20,1.3617855e-20,0.54610962,1.0520357,-0.080141366,0.050000001,-0.2161171,0.25307217,-3.3387522e-22,1.05203,-0.080136798,0.001
194,-0.3320795,9.1942143e-21,7.8630699e-21,0.50064367,1.1230807,-0.080097064,0.050000001,-0.2229985,0.2875928,-1.6235402e-22,1.12308,-0.080092996,0.001
194,-0.32955363,1.0708414e-20,1.0105266e-20,0.43269065,1.1941261,-0.080066487,0.050000001,-0.22796203,0.32046571,-1.2394914e-22,1.19412,-0.080062799,0.001
194,-0.32689664,-1.3578716e-20,-7.393766e-21,0.34102002,1.2651756,-0.080045819,0.050000001,-0.23081048,0.35062346,8.5182444e-23,1.26517,-0.080042399,0.001
194,-0.32435837,-2.0945077e-20,-1.3499396e-20,0.22511198,1.3362284,-0.080031872,0.050000001,-0.23130892,0.37696624,2.0315953e-22,1.33623,-0.080028698,0.001
194,-0.32220194,4.0597097e-20,2.1582974e-20,0.085381322,1.4072905,-0.080022648,0.050000001,-0.2291842,0.39839679,-2.7327535e-22,1.40729,-0.080019802,0.001
194,-0.32067695,-3.8282623e-20,-2.4122571e-20,-0.07655894,1.4783583,-0.08001671,0.050000001,-0.22413534,0.4138608,2.3700739e-22,1.4783601,-0.080013998,0.001
194,-0.31998703,-6.9626823e-20,-2.7610878e-20,-0.25760108,1.5494277,-0.080013044,0.050000001,-0.21586001,0.42239362,4.9981626e-22,1.54943,-0.080010302,0.001
194,-0.3202593,1.1596889e-19,5.7585018e-20,-0.45293927,1.6205081,-0.080010675,0.050000001,-0.20409648,0.42318058,-8.4822677e-22,1.62051,-0.080007903,0.001
194,-0.32151961,-3.2513826e-21,-1.2316376e-20,-0.65611458,1.6915897,-0.080009036,0.050000001,-0.18867658,0.41562411,-8.9537085e-24,1.69159,-0.080006398,0.001
194,-0.32367596,-1.0997764e-19,-4.5720392e-20,-0.85947269,1.7626795,-0.080008075,0.050000001,-0.16957596,0.39940634,8.3086087e-22,1.7626801,-0.080005497,0.001
194,-0.32651547,4.0891447e-20,2.5445631e-20,-1.0548644,1.8337798,-0.080007464,0.050000001,-0.14695092,0.37453604,-2.6504755e-22,1.8337801,-0.080004998,0.001
194,-0.32971823,3.9672965e-20,1.4271447e-20,-1.2346711,1.9048816,-0.080006897,0.050000001,-0.12114852,0.34136787,-2.6968309e-22,1.90488,-0.080004603,0.001
194,-0.33288205,-1.005436e-21,-3.8146294e-21,-1.3928231,1.9759916,-0.080006599,0.050000001,-0.092671677,0.30055544,-4.0487095e-24,1.9759901,-0.080004402,0.001
194,-0.33555612,-1.2871248e-20,4.0787383e-22,-1.5254418,2.0471098,-0.080006562,0.050000001,-0.062121931,0.25299668,3.0537437e-22,2.0471101,-0.080004297,0.001
194,-0.33728454,2.4228776e-22,1.3582312e-22,-1.6310164,2.118232,-0.080006562,0.050000001,-0.030129662,0.19975005,-4.279488e-24,2.1182301,-0.0800042,0.001
194,-0.33763009,7.5536381e-21,1.0888646e-20,-1.7099789,2.1893599,-0.08000657,0.050000001,0.002729557,0.14192553,3.0180644e-22,2.1893599,-0.080004103,0.001
194,-0.33621541,2.0791809e-21,1.411758e-20,-1.7639328,2.2604918,-0.080006599,0.050000001,0.035976462,0.08063402,3.0320229e-22,2.2604899,-0.080004103,0.001
194,-0.33275458,1.7718183e-20,3.7451293e-21,-1.7948523,2.3316321,-0.080006562,0.050000001,0.069236912,0.016938051,-3.1426575e-22,2.33163,-0.080004103,0.001
194,-0.32705158,-3.9935101e-21,-8.1256981e-21,-1.8044245,2.4027779,-0.080006264,0.050000001,0.10227101,-0.048102789,-3.0183285e-22,2.4027801,-0.080003999,0.001
194,-0.31901821,-1.5092429e-20,-2.180667e-20,-1.7936697,2.4739277,-0.080006056,0.050000001,0.1349538,-0.11340554,-5.4886115e-22,2.4739299,-0.080003999,0.001
194,-0.30868888,-7.2172704e-20,-6.4261271e-20,-1.7629524,2.5450842,-0.080006056,0.050000001,0.16718835,-0.1778923,-7.7580444e-22,2.5450799,-0.080003999,0.001
194,-0.29622462,2.9560355e-21,-1.9744654e-21,-1.7123675,2.6162465,-0.080006026,0.050000001,0.19887006,-0.24045207,2.4856517e-22,2.61624,-0.080003902,0.001
194,-0.28191423,1.462576e-19,1.1482355e-19,-1.6422894,2.6874149,-0.080006056,0.050000001,0.22986339,-0.29993346,1.2494471e-21,2.6874101,-0.080003902,0.001
194,-0.2661604,8.2177786e-23,1.5058943e-20,-1.5538877,2.7585845,-0.080006093,0.050000001,0.25996992,-0.35521156,1.5363277e-24,2.75858,-0.080003902,0.001
194,-0.24945149,-1.5618397e-19,-1.162336e-19,-1.4494294,2.8297601,-0.080006093,0.050000001,0.28892189,-0.40527326,-8.8767102e-22,2.8297601,-0.080003902,0.001
194,-0.23232687,-9.9972138e-20,-7.8174365e-20,-1.3324404,2.9009418,-0.08000607,0.050000001,0.31638616,-0.44929868,-3.8155862e-22,2.9009399,-0.080003902,0.001
194,-0.21533044,7.991211e-20,5.6865908e-20,-1.2075692,2.9721301,-0.080006026,0.050000001,0.34199414,-0.48675403,4.1084802e-22,2.9721301,-0.080003798,0.001
194,-0.19897029,2.040222e-19,1.4861918e-19,-1.0801698,3.0433221,-0.080006018,0.050000001,0.36536917,-0.51743919,7.0153246e-22,3.0433199,-0.080003798,0.001
194,-0.18368083,4.2088597e-21,7.24293e-21,-0.95575625,3.1145201,-0.080006026,0.050000001,0.38616088,-0.54150581,6.0199346e-25,3.1145201,-0.080003798,0.001
194,-0.1698025,-1.0411065e-19,-8.0283384e-20,-0.83958399,3.1857202,-0.080006033,0.050000001,0.4040637,-0.55942875,-3.2128575e-22,3.18572,-0.080003798,0.001
194,-0.15757138,2.2075424e-19,1.6426686e-19,-0.73633468,3.2569194,-0.080006056,0.050000001,0.41882291,-0.57196015,5.0669735e-22,3.2569201,-0.080003798,0.001
194,-0.1471245,1.1109686e-19,9.0993751e-20,-0.64981943,3.32813,-0.08000581,0.050000001,0.43022546,-0.58006918,2.3766531e-22,3.32813,-0.080003701,0.001
194,-0.13851653,-1.0991608e-19,-7.7491016e-20,-0.58252907,3.3993444,-0.080005586,0.050000001,0.43808234,-0.5848754,-2.8247004e-22,3.3993399,-0.080003701,0.001
194,-0.13173871,-2.2026768e-19,-1.715141e-19,-0.53468913,3.4705596,-0.080005571,0.050000001,0.44223446,-0.58757412,-4.5134845e-22,3.4705601,-0.080003701,0.001
194,-0.1267451,-1.0974232e-19,-8.7792265e-20,-0.50265914,3.5417857,-0.080005586,0.050000001,0.4426038,-0.58931458,-2.2434962e-22,3.54179,-0.080003701,0.001
194,-0.12347689,-1.1210896e-19,-7.6591471e-20,-0.4772774,3.6130121,-0.080005579,0.050000001,0.43931872,-0.59099096,-1.9554687e-22,3.6130099,-0.080003701,0.001
194,-0.12188362,-6.6525647e-22,-8.3683375e-21,-0.44351077,3.684242,-0.080005504,0.050000001,0.43288884,-0.59294689,5.3772254e-24,3.6842401,-0.080003597,0.001
194,-0.12193785,1.0990883e-19,8.2971618e-20,-0.38280818,3.7554758,-0.080005519,0.050000001,0.4243536,-0.59468073,1.9789204e-22,3.7554801,-0.080003597,0.001
194,-0.12363531,2.2014081e-19,1.5565591e-19,-0.27827388,3.8267093,-0.080005519,0.050000001,0.41529939,-0.59470624,4.2258304e-22,3.82671,-0.080003597,0.001
194,-0.12697561,2.2498338e-19,1.5866889e-19,-0.12083977,3.8979557,-0.080005519,0.050000001,0.40767276,-0.59071004,4.1434105e-22,3.8979599,-0.080003597,0.001
194,-0.13192299,-2.1548304e-19,-1.4660656e-19,0.086467944,3.9692047,-0.080005534,0.050000001,0.40341961,-0.58002907,-4.4277659e-22,3.9691999,-0.080003597,0.001
194,-0.13836078,-1.1234961e-19,-8.1086887e-20,0.32876596,4.0404501,-0.080005549,0.050000001,0.40406924,-0.5603025,-2.0292929e-22,4.0404501,-0.080003597,0.001
194,-0.14605193,-1.7874422e-21,-1.8673283e-21,0.58394164,4.1116996,-0.080005527,0.050000001,0.41044331,-0.53004736,1.5188592e-23,4.1117001,-0.0800035,0.001
194,-0.15463023,1.4671689e-22,1.065796e-22,0.82946515,4.18296,-0.080005556,0.050000001,0.42258948,-0.48893595,2.2094912e-37,4.18296,-0.0800035,0.001
194,-0.16361868,-1.6353627e-21,-1.030574e-21,1.047946,4.25422,-0.080005556,0.050000001,0.43992883,-0.43772659,1.3693723e-38,4.25422,-0.0800035,0.001
194,-0.17247583,3.1337834e-20,4.4793029e-20,1.2294977,4.3254795,-0.080005541,0.050000001,0.4615202,-0.37793338,1.4688267e-22,4.32548,-0.0800035,0.001
194,-0.18065315,-1.9666691e-20,-4.5996729e-20,1.3709024,4.3967457,-0.080005571,0.050000001,0.48631012,-0.31143939,-1.6491627e-22,4.39675,-0.0800035,0.001
194,-0.18764552,-3.8916974e-20,-1.0159057e-19,1.4732637,4.4680142,-0.080005556,0.050000001,0.51329327,-0.24020042,-3.2821534e-22,4.4680099,-0.0800035,0.001
194,-0.19303016,3.2375491e-20,3.823137e-20,1.5397533,4.539288,-0.080005541,0.050000001,0.54159313,-0.1660506,1.4237434e-22,4.53929,-0.0800035,0.001
194,-0.19648735,2.0316588e-20,4.6364785e-20,1.5739931,4.6105623,-0.080005527,0.050000001,0.5704689,-0.090657726,1.5954642e-22,4.6105599,-0.080003403,0.001
194,-0.19781756,-1.6047071e-20,1.1892601e-19,1.5793533,4.6818399,-0.080005519,0.050000001,0.59931141,-0.015497533,3.4675195e-22,4.6818399,-0.080003403,0.001
194,-0.19693352,-3.1563761e-20,1.2797026e-19,1.5586962,4.7531199,-0.080005527,0.050000001,0.62761885,0.058098361,3.4109146e-22,4.7531199,-0.080003403,0.001
194,-0.19386636,-2.8173161e-20,1.5705953e-20,1.514382,4.8244019,-0.080005519,0.050000001,0.65498197,0.12891923,-1.2328064e-23,4.8243999,-0.080003403,0.001
194,-0.18876006,4.8725446e-20,-1.8887833e-19,1.4484066,4.89569,-0.080005489,0.050000001,0.6810565,0.1958508,-4.8189465e-22,4.89569,-0.080003403,0.001
194,-0.18184729,-2.4519516e-20,4.5266772e-21,1.3627143,4.96698,-0.080005527,0.050000001,0.70553857,0.25785819,-2.5139495e-23,4.96698,-0.080003403,0.001
194,-0.17343837,-2.4327093e-20,6.197822e-20,1.2596974,5.0382724,-0.080005541,0.050000001,0.72815639,0.31401634,1.504302e-22,5.03827,-0.080003403,0.001
194,-0.16389954,-5.8054166e-20,7.7902933e-20,1.1425714,5.1095676,-0.080005296,0.050000001,0.74866581,0.36355606,9.6997927e-23,5.10957,-0.080003403,0.001
194,-0.15362673,-1.2770578e-19,2.2461792e-19,1.0155119,5.1808619,-0.08000505,0.050000001,0.76685977,0.40593094,3.6862892e-22,5.18086,-0.080003299,0.001
194,-0.14301446,-1.609329e-20,1.1216076e-20,0.88346702,5.2521596,-0.080005027,0.050000001,0.78258836,0.44088361,-5.2348437e-23,5.2521601,-0.080003299,0.001
194,-0.13242953,-1.1863541e-20,6.1825426e-21,0.75175345,5.3234615,-0.080005042,0.050000001,0.79577297,0.46847078,-5.1415975e-23,5.3234601,-0.080003299,0.001
194,-0.12218791,-5.7168003e-20,8.2357921e-20,0.62544972,5.3947701,-0.080005027,0.050000001,0.80641973,0.48906568,4.5942814e-23,5.3947701,-0.080003299,0.001
194,-0.11254235,-7.0201413e-21,4.8419663e-21,0.50882918,5.4660783,-0.080005035,0.050000001,0.81461841,0.50331032,-4.5700672e-23,5.4660802,-0.080003299,0.001
194,-0.10367439,-4.8735644e-21,3.5946454e-21,0.40494648,5.537384,-0.08000505,0.050000001,0.82053149,0.51204365,-5.6037965e-23,5.5373802,-0.080003299,0.001
194,-0.095697746,-2.6800846e-21,2.2129424e-21,0.31548044,5.6086979,-0.080005042,0.050000001,0.82437503,0.51621407,-3.7031573e-23,5.6086998,-0.080003299,0.001
194,-0.088671125,4.8241164e-20,-7.5763146e-20,0.24085036,5.6800103,-0.080005042,0.050000001,0.82639384,0.51679134,-1.1262945e-22,5.6800098,-0.080003299,0.001
194,-0.08260645,9.6203606e-20,-1.5294523e-19,0.1804214,5.7513218,-0.080005027,0.050000001,0.82683891,0.51469791,-1.5641176e-22,5.7513199,-0.080003299,0.001
194,-0.077482983,9.732105e-20,-1.5455457e-19,0.13282591,5.8226399,-0.080005005,0.050000001,0.82594746,0.51075894,-1.4481503e-22,5.8226399,-0.080003202,0.001
194,-0.073260382,1.5500066e-21,-1.6625332e-21,0.09628652,5.89396,-0.080005027,0.050000001,0.82392818,0.50567496,-5.9669372e-24,5.89396,-0.080003202,0.001
194,-0.069887251,-4.546984e-20,7.5814218e-20,0.068891585,5.965282,-0.080005012,0.050000001,0.82095355,0.50001276,5.1130405e-23,5.9652801,-0.080003202,0.001
194,-0.067308851,5.9463618e-22,9.3779848e-23,0.048804704,6.0366077,-0.080005012,0.050000001,0.81715727,0.49421221,-3.3869076e-24,6.0366101,-0.080003202,0.001
194,-0.06547223,4.7182637e-20,-7.7043706e-20,0.03440797,6.107934,-0.080005027,0.050000001,0.81263512,0.48860183,-5.7869877e-23,6.1079302,-0.080003202,0.001
194,-0.064329341,8.2803253e-22,-5.4513217e-22,0.024436878,6.1792617,-0.080005012,0.050000001,0.80744541,0.48341855,-1.0169958e-24,6.1792598,-0.080003202,0.001
194,-0.063839592,8.8197125e-20,-1.4767553e-19,0.018124152,6.2505894,-0.080005012,0.050000001,0.80161166,0.4788388,-1.0846499e-22,6.2505898,-0.080003202,0.001
194,-0.06397061,4.3760914e-20,-7.529175e-20,0.015233381,6.3219218,-0.080004983,0.050000001,0.79511994,0.47501332,-5.4025158e-23,6.3219199,-0.080003202,0.001
194,-0.064699337,-4.4076597e-20,7.2779848e-20,0.015864253,6.3932581,-0.080004998,0.050000001,0.78791606,0.47210002,5.4300799e-23,6.39326,-0.080003202,0.001
194,-0.066012897,-4.342791e-20,7.2004754e-20,0.019868858,6.4645925,-0.080005035,0.050000001,0.77991045,0.47027403,5.5092518e-23,6.4645901,-0.080003202,0.001
194,-0.067910172,-3.4311335e-22,1.1794047e-21,0.025948377,6.5359278,-0.08000505,0.050000001,0.77099788,0.46968749,-4.6494605e-26,6.5359302,-0.080003202,0.001
194,-0.070402004,8.7789803e-20,-1.4114343e-19,0.030721679,6.6072659,-0.080005087,0.050000001,0.76110232,0.4703663,-1.1840069e-22,6.6072698,-0.080003202,0.001
194,-0.073509686,4.7613907e-22,-1.3265697e-21,0.02829095,6.6786041,-0.080005042,0.050000001,0.75023884,0.47204879,-3.0058429e-26,6.6785998,-0.080003098,0.001
194,-0.077259831,-4.3934015e-20,7.008026e-20,0.010946125,6.749948,-0.080004781,0.050000001,0.7385726,0.47402465,6.3367549e-23,6.7499499,-0.080003098,0.001
194,-0.081671268,4.3302773e-20,-6.5674431e-20,-0.02898529,6.82129,-0.080004781,0.050000001,0.72645414,0.47505593,-6.9642881e-23,6.82129,-0.080003098,0.001
194,-0.086738773,5.0416738e-23,-9.5232056e-22,-0.096708797,6.892632,-0.080005042,0.050000001,0.7143985,0.47344419,5.9674123e-26,6.8926301,-0.080003098,0.001
194,-0.092413649,-4.3140167e-20,6.6022099e-20,-0.1928747,6.9639802,-0.080005042,0.050000001,0.70301467,0.46726295,6.963048e-23,6.9639802,-0.080003098,0.001
194,-0.098586544,-4.2395449e-23,1.1846614e-21,-0.31285551,7.0353303,-0.080005035,0.050000001,0.69290668,0.45469797,7.3826234e-24,7.0353298,-0.080003098,0.001
194,-0.10508288,6.9213429e-22,1.0772041e-21,-0.44776592,7.106678,-0.080005035,0.050000001,0.68457419,0.43438363,8.0150398e-24,7.1066799,-0.080003098,0.001
194,-0.1116698,1.9287907e-22,6.6903918e-23,-0.58671278,7.1780281,-0.080005027,0.050000001,0.67835045,0.40562603,-7.382636e-24,7.17803,-0.080003098,0.001
194,-0.11807531,3.0054574e-20,-6.2874141e-20,-0.71928161,7.2493801,-0.080004796,0.050000001,0.67439425,0.36845943,-1.0769216e-22,7.2493801,-0.080003098,0.001
194,-0.12401531,1.5872237e-21,6.1877159e-22,-0.83733428,7.3207321,-0.080004781,0.050000001,0.6727218,0.32354954,9.3836551e-24,7.3207302,-0.080003098,0.001
194,-0.12921961,-9.7321434e-21,-9.5826487e-23,-0.93565887,7.3920879,-0.080004796,0.050000001,0.67325383,0.27200812,-7.7730898e-24,7.3920898,-0.080003098,0.001
194,-0.13345307,5.3969996e-22,-7.3949295e-22,-1.0116044,7.4634423,-0.080004796,0.050000001,0.67586154,0.21520938,4.8506672e-25,7.4634399,-0.080003098,0.001
194,-0.13653186,-1.8594897e-20,6.3536712e-20,-1.0643433,7.5348001,-0.08000502,0.050000001,0.68039489,0.15463242,1.1744665e-22,7.5348001,-0.080003098,0.001
194,-0.13833362,-4.5486134e-22,1.4389334e-22,-1.0940833,7.6061583,-0.08000502,0.050000001,0.68669266,0.091776162,-8.634673e-26,7.6061602,-0.080003098,0.001
194,-0.13880162,1.492261e-21,6.4545905e-20,-1.1015682,7.6775179,-0.080005005,0.050000001,0.69458318,0.028107181,1.1181651e-22,7.6775198,-0.080003001,0.001
194,-0.1379399,-4.1235171e-22,1.586966e-21,-1.0878832,7.7488804,-0.080004767,0.050000001,0.70387751,-0.034970112,-3.3940854e-25,7.7488799,-0.080003001,0.001
194,-0.13581765,-1.8819029e-21,-6.441554e-20,-1.0544407,7.8202376,-0.080004521,0.050000001,0.71436399,-0.096133791,-1.1254675e-22,7.82024,-0.080003001,0.001
194,-0.13256137,6.9174837e-22,7.8947424e-24,-1.0031124,7.8915997,-0.080004744,0.050000001,0.72580355,-0.15417199,-8.8424928e-25,7.8916001,-0.080003001,0.001
194,-0.12833808,-2.7754514e-20,-7.1209459e-20,-0.93634564,7.9629683,-0.080004752,0.050000001,0.73792833,-0.2080244,-1.1581155e-22,7.9629698,-0.080003001,0.001
194,-0.12574822,-2.9834395e-20,-7.2705893e-20,-0.89527571,8,-0.080004759,0.050000001,0.74442381,-0.2333447,-1.1308214e-22,8,-0.080003001,0.001
194,-0.31776378,-3.7380441e-20,-3.1177284e-20,0.27243617,0.99998337,4.5718274e-08,0.050000001,-0.20462574,0.23640093,4.7234982e-22,1,2.9860132e-08,0.001
194,-0.31728765,-2.0641992e-20,-1.7356899e-20,0.24139795,1.0520648,4.7469857e-08,0.050000001,-0.20918846,0.26055202,2.6933615e-22,1.05208,1.8337801e-08,0.001
194,-0.31668118,-4.2455174e-20,-2.4018389e-20,0.1793153,1.1231143,2.3747196e-08,0.050000001,-0.21313736,0.29265165,3.986878e-22,1.12313,8.2149798e-09,0.001
194,-0.31629646,6.6684807e-20,4.6354433e-20,0.096019894,1.1941636,2.6827429e-10,0.050000001,-0.21459627,0.32286724,-5.4081714e-22,1.19418,2.3225899e-09,0.001
194,-0.31633753,5.663643e-20,3.2296301e-20,-0.009258165,1.2652144,-1.5488694e-10,0.050000001,-0.2133344,0.35010064,-5.4051023e-22,1.26524,-7.13759e-10,0.001
194,-0.31701362,-6.5176126e-20,-4.3514402e-20,-0.13635372,1.3362677,-3.2445308e-10,0.050000001,-0.20911063,0.373225,5.4043586e-22,1.33629,-1.99272e-09,0.001
194,-0.31851774,3.427931e-21,3.8027108e-21,-0.28393027,1.4073335,-2.5360869e-08,0.050000001,-0.20168442,0.39113578,2.4773258e-30,1.40736,-2.2894e-09,0.001
194,-0.32100013,6.8546926e-23,-3.9582454e-21,-0.44921881,1.4784037,-2.531287e-08,0.050000001,-0.19083947,0.40279651,9.29766e-31,1.47843,-2.1027899e-09,0.001
194,-0.32453969,-7.8618864e-20,-2.3483322e-20,-0.62793273,1.5494729,-2.5264219e-08,0.050000001,-0.1764167,0.40730408,5.6264018e-22,1.5495,-1.72815e-09,0.001
194,-0.32912233,1.1244866e-19,4.9134179e-20,-0.81434435,1.6205533,-2.5190534e-08,0.050000001,-0.15835345,0.40395764,-8.5388849e-22,1.62058,-1.32421e-09,0.001
194,-0.33462575,7.4509741e-20,1.9999146e-20,-1.0016166,1.6916391,-1.4203522e-10,0.050000001,-0.13672435,0.39232346,-5.7044847e-22,1.6916699,-9.6508701e-10,0.001
194,-0.34081456,-8.6462785e-20,-4.0392712e-20,-1.1825075,1.7627289,-9.8970415e-11,0.050000001,-0.11176338,0.37227371,5.3794942e-22,1.76276,-6.76599e-10,0.001
194,-0.34734887,1.9233951e-21,1.682061e-21,-1.3502383,1.8338293,-6.6871085e-11,0.050000001,-0.083860375,0.34400779,-1.5916683e-24,1.83386,-4.59598e-10,0.001
194,-0.35381165,-2.4615829e-20,-4.3676922e-21,-1.4993074,1.9049352,-2.5051202e-08,0.050000001,-0.053552225,0.30804005,3.048409e-22,1.90497,-3.03986e-10,0.001
194,-0.35973477,-1.016971e-23,-2.3234675e-21,-1.6261088,1.976045,-2.5021281e-08,0.050000001,-0.021459922,0.26512048,3.851081e-31,1.9760799,-1.96475e-10,0.001
194,-0.36463138,-3.0032941e-20,8.5011848e-21,-1.7291386,2.0471606,-1.7872282e-11,0.050000001,0.011799878,0.21615928,6.3539714e-22,2.0472,-1.2442e-10,0.001
194,-0.36803687,2.2770306e-24,2.2978904e-21,-1.8086621,2.1182849,-1.1070193e-11,0.050000001,0.04564647,0.16215357,-8.8585342e-25,2.11832,-7.73503e-11,0.001
194,-0.36952481,1.4496944e-20,1.7133946e-20,-1.866037,2.1894157,-2.5014204e-08,0.050000001,0.07959228,0.10409812,3.0809123e-22,2.18945,-4.7279e-11,0.001
194,-0.36873597,-1.7103007e-21,1.1942697e-20,-1.9029213,2.2605476,-5.0004044e-08,0.050000001,0.11326511,0.042962443,3.0254631e-22,2.2605801,-2.8443701e-11,0.001
194,-0.36540434,4.299965e-20,3.2434091e-20,-1.9206963,2.3316875,-2.4995341e-08,0.050000001,0.1464162,-0.020313149,-8.1619193e-25,2.3317201,-1.68561e-11,0.001
194,-0.35935438,-1.5784794e-20,-3.5048247e-20,-1.920051,2.4028356,-1.3903809e-12,0.050000001,0.17892405,-0.084768496,-6.1391897e-22,2.4028699,-9.8447604e-12,0.001
194,-0.35052326,6.9359482e-20,5.2240197e-20,-1.9008232,2.4739854,-7.9796586e-13,0.050000001,0.21071862,-0.14940223,2.6863402e-22,2.47402,-5.6684401e-12,0.001
194,-0.33897594,-8.1685236e-20,-6.7529746e-20,-1.8622622,2.5451415,-4.5142021e-13,0.050000001,0.24173714,-0.21315484,-7.9664703e-22,2.5451801,-3.2179899e-12,0.001
194,-0.32491183,-9.6689814e-20,-1.2125341e-19,-1.8035066,2.6163037,-2.5008129e-08,0.050000001,0.27190894,-0.27487126,-1.2066262e-21,2.6163399,-1.80117e-12,0.001
194,-0.30867064,1.6526614e-19,1.4705011e-19,-1.7242151,2.6874719,-5.0000139e-08,0.050000001,0.30111375,-0.33333686,1.5842706e-21,2.68751,-9.9383804e-13,0.001
194,-0.29071832,-2.4163106e-23,1.4240602e-20,-1.625163,2.7586436,-5.0000075e-08,0.050000001,0.32915658,-0.38734311,9.0525891e-25,2.7586801,-5.4048302e-13,0.001
194,-0.27161652,-5.5805656e-20,-3.6340804e-20,-1.5086293,2.8298218,-5.000004e-08,0.050000001,0.35577127,-0.43579727,-4.465755e-22,2.82986,-2.8963499e-13,0.001
194,-0.2519829,-1.9100724e-19,-1.5043308e-19,-1.3785261,2.9010012,-2.4992143e-08,0.050000001,0.38063428,-0.47782585,-7.8626663e-22,2.9010401,-1.52904e-13,0.001
194,-0.23243904,-1.1518101e-19,-1.1142706e-19,-1.2400715,2.9721894,-1.0918366e-14,0.050000001,0.40340108,-0.51287723,-4.0031859e-22,2.97223,-7.9504701e-14,0.001
194,-0.21356256,3.4571455e-19,2.650099e-19,-1.099225,3.0433838,-5.5528498e-15,0.050000001,0.42373979,-0.54077214,1.274833e-21,3.0434201,-4.0708e-14,0.001
194,-0.1958423,1.0474303e-19,9.6739723e-20,-0.96198291,3.1145804,-2.7217985e-15,0.050000001,0.44136733,-0.56171477,3.7035144e-22,3.11461,-2.05205e-14,0.001
194,-0.17965567,-1.5475071e-19,-1.2130371e-19,-0.83378989,3.185782,-1.4432726e-15,0.050000001,0.45606822,-0.57624966,-4.9005085e-22,3.1858201,-1.01812e-14,0.001
194,-0.16526239,2.1456019e-19,1.6149914e-19,-0.7192322,3.2569811,-7.0429773e-16,0.050000001,0.46769309,-0.58518749,5.0702223e-22,3.25702,-4.9691298e-15,0.001
194,-0.1528061,2.1941361e-19,1.8282058e-19,-0.62196994,3.3281894,-2.5008294e-08,0.050000001,0.47614539,-0.58952987,4.7842422e-22,3.3282299,-2.38316e-15,0.001
194,-0.14233775,4.443655e-21,1.9573389e-20,-0.54485351,3.3994038,-5.0000001e-08,0.050000001,0.48134431,-0.59040141,-5.6827596e-23,3.3994401,-1.12023e-15,0.001
194,-0.13383657,-3.2751043e-19,-2.6344392e-19,-0.48965707,3.4706237,-5.0000001e-08,0.050000001,0.48319077,-0.58900291,-6.9286625e-22,3.47066,-5.1303298e-16,0.001
194,-0.12723677,-1.0957179e-19,-9.0927196e-20,-0.45599943,3.5418499,-5.0000001e-08,0.050000001,0.48155966,-0.58655906,-2.4530399e-22,3.5418899,-2.2560201e-16,0.001
194,-0.12245288,-1.0618079e-19,-8.8334159e-20,-0.4392454,3.6130712,-2.499212e-08,0.050000001,0.47636715,-0.58420217,-1.8733399e-22,3.6131101,-9.1618399e-17,0.001
194,-0.11940115,-1.1158595e-19,-8.981171e-20,-0.42836893,3.6843011,8.500145e-17,0.050000001,0.46772712,-0.58273309,-2.1186285e-22,3.68434,-3.0117199e-17,0.001
194,-0.11801815,2.1637721e-19,1.6933205e-19,-0.40576389,3.7555375,-8.5036146e-17,0.050000001,0.45617127,-0.58228225,4.0133022e-22,3.7555799,-2.32558e-18,0.001
194,-0.11826766,2.1555655e-19,1.5035137e-19,-0.35053903,3.8267705,-1.7347235e-18,0.050000001,0.44282544,-0.58199364,4.1257748e-22,3.8268099,1.00256e-17,0.001
194,-0.12013321,4.2596855e-19,3.132748e-19,-0.24502788,3.8980174,3.124237e-17,0.050000001,0.42940751,-0.57993388,8.3202843e-22,3.8980601,1.5409999e-17,0.001
194,-0.12358842,-2.5758843e-21,3.0767336e-21,-0.081899561,3.9692638,6.2450045e-17,0.050000001,0.4179872,-0.57337552,2.7909252e-23,3.9693,1.7697e-17,0.001
194,-0.12855369,-3.2737893e-19,-2.3276183e-19,0.13208306,4.0405092,1.7347235e-18,0.050000001,0.41054693,-0.5594247,-6.1562725e-22,4.0405502,1.8627399e-17,0.001
194,-0.13485359,-1.1509776e-19,-8.0837117e-20,0.37783781,4.1117611,-6.0628587e-17,0.050000001,0.40854341,-0.5357632,-2.0469253e-22,4.1118002,1.8971999e-17,0.001
194,-0.14219178,-1.3472454e-20,-4.3960399e-22,0.63048869,4.183022,3.5041414e-18,0.050000001,0.41263846,-0.50119632,2.3866007e-23,4.1830602,1.90681e-17,0.001
194,-0.15015335,-1.7405248e-20,2.3582986e-21,0.86705506,4.254282,6.2450045e-17,0.050000001,0.42269665,-0.45581761,2.5519843e-23,4.2543201,1.90605e-17,0.001
194,-0.15824103,8.4986636e-21,4.9022193e-20,1.0717162,4.3255415,-1.1275703e-16,0.050000001,0.43800184,-0.40078023,1.7248802e-22,4.3255801,1.90109e-17,0.001
194,-0.16592762,-2.18351e-20,7.8782725e-21,1.2369471,4.3968058,5.9049989e-17,0.050000001,0.45755053,-0.33787635,2.3528259e-23,4.3968401,1.8945e-17,0.001
194,-0.17270896,-3.5331766e-20,1.0729648e-20,1.3616111,4.4680758,1.7347235e-18,0.050000001,0.48029345,-0.26912954,3.1207514e-23,4.4681101,1.88734e-17,0.001
194,-0.17814772,-7.1222925e-21,1.0998779e-19,1.4480954,4.5393457,1.2309598e-16,0.050000001,0.50527018,-0.19652218,3.3765137e-22,4.5393801,1.8800201e-17,0.001
194,-0.18190046,-3.9566359e-20,7.0633121e-20,1.5000057,4.6106215,-1.1105699e-16,0.050000001,0.53165758,-0.12186848,1.7686975e-22,4.6106601,1.8727401e-17,0.001
194,-0.18373364,-5.9194369e-20,2.1482551e-20,1.5209235,4.6819019,6.5919492e-17,0.050000001,0.5587638,-0.046787895,5.5479463e-24,4.6819401,1.86556e-17,0.001
194,-0.18353204,-5.7987784e-20,2.0302833e-20,1.5139767,4.7531819,1.7867651e-18,0.050000001,0.58601201,0.027276324,-8.2819761e-24,4.7532201,1.8585e-17,0.001
194,-0.18129374,-5.1964766e-20,2.1919425e-20,1.4818106,4.8244615,-1.1966123e-16,0.050000001,0.61292493,0.099024557,-2.1715981e-23,4.8245001,1.85157e-17,0.001
194,-0.17712164,-2.4463228e-21,-1.0415332e-19,1.4267489,4.8957472,-5.7245875e-17,0.050000001,0.63909757,0.16727565,-3.2311919e-22,4.8957901,1.8447699e-17,0.001
194,-0.17121403,-4.5216507e-20,1.5122372e-20,1.3510451,4.9670353,1.2143064e-16,0.050000001,0.66417152,0.23094733,-4.5328582e-23,4.9670701,1.8381e-17,0.001
194,-0.16384695,-5.5746571e-20,7.7808331e-20,1.2572234,5.0383315,5.1521288e-18,0.050000001,0.68783045,0.28908521,1.0819131e-22,5.0383701,1.8315499e-17,0.001
194,-0.15535589,3.1458729e-20,-1.1465744e-19,1.1484574,5.1096258,-1.1624382e-16,0.050000001,0.70978421,0.3408809,-2.9776223e-22,5.1096601,1.82513e-17,0.001
194,-0.14610748,1.2578981e-20,-5.926192e-20,1.0287026,5.1809216,1.8214596e-16,0.050000001,0.72977906,0.38574487,-1.5961742e-22,5.1809602,1.81882e-17,0.001
194,-0.13647339,-1.1802172e-20,4.2510161e-21,0.90261626,5.2522221,-1.1617443e-16,0.050000001,0.74760801,0.42335239,-3.393022e-23,5.2522602,1.8126399e-17,0.001
194,-0.12680396,-5.2198115e-20,7.4944211e-20,0.77523619,5.3235216,1.8048063e-16,0.050000001,0.76312655,0.45367903,6.2333826e-23,5.3235602,1.8065701e-17,0.001
194,-0.11740665,-5.2020087e-20,7.5909602e-20,0.65149027,5.3948255,2.5007347e-08,0.050000001,0.77626699,0.47700667,5.6692057e-23,5.3948598,1.80062e-17,0.001
194,-0.10853067,-5.3364892e-20,7.8511202e-20,0.53567654,5.466136,2.4992238e-08,0.050000001,0.78704298,0.49388915,3.8737914e-23,5.4661698,1.79479e-17,0.001
194,-0.10036065,-4.386876e-21,4.9669728e-21,0.43107033,5.537446,6.4184769e-17,0.050000001,0.79554337,0.50508857,-3.9350316e-23,5.5374799,1.7890501e-17,0.001
194,-0.09301845,4.3816387e-20,-6.9921926e-20,0.33970314,5.6087561,-5.722853e-17,0.050000001,0.80192107,0.51149893,-1.1688701e-22,5.6087899,1.7834199e-17,0.001
194,-0.086570904,2.1516604e-22,1.1548914e-21,0.26238301,5.6800656,2.5007468e-08,0.050000001,0.80637127,0.51406115,-3.0411636e-23,5.6801,1.7779e-17,0.001
194,-0.081039585,2.3290555e-21,-5.848791e-22,0.19885999,5.7513752,2.4992945e-08,0.050000001,0.80911076,0.5136928,-2.7085362e-23,5.75141,1.77248e-17,0.001
194,-0.076413423,3.0579038e-21,-1.1793571e-21,0.14810207,5.8226905,-5.5511151e-17,0.050000001,0.81035733,0.51123399,-2.2192817e-23,5.8227301,1.76716e-17,0.001
194,-0.072660729,2.5444976e-21,-2.2726447e-22,0.1085797,5.8940129,-5.5511151e-17,0.050000001,0.81031317,0.50741535,-1.6257185e-23,5.8940501,1.76195e-17,0.001
194,-0.069737747,1.8059245e-21,-8.0608387e-22,0.078529589,5.9653378,1.7347235e-18,0.050000001,0.80915427,0.50284129,-1.2252759e-23,5.9653702,1.75683e-17,0.001
194,-0.067596398,2.5606458e-21,-1.325307e-21,0.056206223,6.0366611,1.1459583e-16,0.050000001,0.80702484,0.49799222,-8.4792552e-24,6.0366998,1.7518e-17,0.001
194,-0.066189855,3.1502202e-21,-1.7927306e-21,0.040045403,6.107985,6.9388937e-20,0.050000001,0.80403477,0.49323785,-4.9231105e-24,6.1080198,1.74686e-17,0.001
194,-0.065475442,2.2014406e-21,-1.0777747e-21,0.028832357,6.1793156,-1.700029e-18,0.050000001,0.80025691,0.48885638,-1.5557548e-24,6.1793499,1.7420099e-17,0.001
194,-0.06541764,1.360535e-19,-2.2172499e-19,0.021858608,6.2506456,-1.1279171e-16,0.050000001,0.79572654,0.48506698,-1.6262534e-22,6.25068,1.73725e-17,0.001
194,-0.065989174,1.3451708e-19,-2.2267423e-19,0.018895112,6.3219752,5.8963254e-17,0.050000001,0.79043818,0.48206612,-1.6398623e-22,6.32201,1.7325799e-17,0.001
194,-0.067172281,-4.4585526e-20,7.1289411e-20,0.019861026,6.3933072,1.1622647e-16,0.050000001,0.78434408,0.48005456,5.7190144e-23,6.3933401,1.728e-17,0.001
194,-0.068960011,-7.2139404e-22,7.856526e-22,0.024111774,6.4646416,1.7347235e-18,0.050000001,0.7773658,0.47923097,-3.3673708e-26,6.4646702,1.7235e-17,0.001
194,-0.071357757,4.4464522e-20,-7.201375e-20,0.029518241,6.5359793,-5.8945903e-17,0.050000001,0.76942289,0.4797304,-5.8575939e-23,6.5360098,1.7190701e-17,0.001
194,-0.074383162,3.9903594e-22,-6.7634051e-22,0.031694431,6.6073198,-1.7347234e-20,0.050000001,0.76048267,0.48149931,3.6742692e-24,6.6073499,1.71473e-17,0.001
194,-0.07806363,-4.5360297e-20,6.8423786e-20,0.023935381,6.6786599,6.4150073e-17,0.050000001,0.75062233,0.4841319,7.0939907e-23,6.67869,1.71046e-17,0.001
194,-0.082429104,-4.5074774e-20,6.8685136e-20,-0.0016731436,6.75,5.3793775e-17,0.050000001,0.74007553,0.48673007,7.1735319e-23,6.75003,1.70627e-17,0.001
194,-0.08749757,4.6241545e-20,-6.8340344e-20,-0.052178308,6.8213396,-6.0715322e-17,0.050000001,0.72924554,0.48787251,-7.0864379e-23,6.8213701,1.70216e-17,0.001
194,-0.093256481,1.0192124e-21,-2.8491655e-21,-0.13142778,6.8926816,1.1622647e-16,0.050000001,0.71866822,0.48573747,1.0787697e-23,6.8927102,1.6981201e-17,0.001
194,-0.099643059,-4.3805731e-20,6.470736e-20,-0.23840018,6.9640293,-1.1627851e-16,0.050000001,0.7089293,0.47837412,9.2119737e-23,6.9640598,1.69416e-17,0.001
194,-0.10652804,-3.6394865e-20,6.2555333e-20,-0.36704457,7.035377,1.7520707e-18,0.050000001,0.70057046,0.4640508,1.0399397e-22,7.0354099,1.6902499e-17,0.001
194,-0.11371383,-3.1961713e-20,6.3787193e-20,-0.50772661,7.1067233,2.500569e-08,0.050000001,0.69400734,0.4415617,1.1000697e-22,7.10675,1.6864199e-17,0.001
194,-0.12094457,4.6921436e-20,-6.2996712e-20,-0.64959413,7.1780729,2.4994311e-08,0.050000001,0.68948936,0.41039747,-7.943568e-23,7.1781001,1.6826601e-17,0.001
194,-0.12792617,4.6974256e-20,-6.4882554e-20,-0.78282464,7.2494245,3.4174053e-18,0.050000001,0.68710959,0.37075809,-8.5896262e-23,7.2494602,1.6789599e-17,0.001
194,-0.13435502,-1.4740523e-20,6.2704814e-20,-0.90005767,7.3207788,3.4694469e-20,0.050000001,0.68684262,0.32343155,1.2371223e-22,7.3208098,1.6753299e-17,0.001
194,-0.13994411,1.0827706e-20,1.3472319e-21,-0.99674398,7.3921337,6.5850102e-17,0.050000001,0.68859059,0.26959822,8.5217954e-24,7.3921599,1.67176e-17,0.001
194,-0.14444526,2.260109e-20,8.795635e-22,-1.070623,7.4634891,-6.2432701e-17,0.050000001,0.69222033,0.21066135,1.3248862e-23,7.4635201,1.66826e-17,0.001
194,-0.14766504,3.144101e-21,6.6635609e-20,-1.1209919,7.5348482,2.500569e-08,0.050000001,0.69758445,0.14811972,1.257308e-22,7.5348701,1.66481e-17,0.001
194,-0.14947487,2.4526744e-20,-6.2512966e-20,-1.1480243,7.6062031,2.4994186e-08,0.050000001,0.70452815,0.083478458,-1.2780136e-22,7.6062298,1.6614201e-17,0.001
194,-0.14981571,1.6865583e-20,-6.5572714e-20,-1.1523342,7.6775608,1.1799589e-16,0.050000001,0.71288532,0.018220318,-1.3163006e-22,7.6775899,1.65809e-17,0.001
194,-0.14869729,1.1621392e-20,9.6764723e-22,-1.1348817,7.7489233,3.4347525e-18,0.050000001,0.72247219,-0.046225451,-2.783459e-24,7.74895,1.65482e-17,0.001
194,-0.14619738,1.2675577e-20,2.0676185e-21,-1.0970144,7.820281,-1.145091e-16,0.050000001,0.73308206,-0.10850623,-4.8960695e-24,7.8203101,1.6515999e-17,0.001
194,-0.14245428,1.0399518e-20,3.7053689e-21,-1.0406127,7.8916426,6.4132729e-17,0.050000001,0.74448049,-0.16737939,-6.7401822e-24,7.8916702,1.6484399e-17,0.001
194,-0.13765435,-3.9487547e-20,-1.3708059e-19,-0.96822459,7.9630136,3.469447e-18,0.050000001,0.75640327,-0.22175495,-2.2298821e-22,7.9630399,1.64534e-17,0.001
194,-0.13473578,-4.4149489e-20,-1.3981875e-19,-0.92413592,7.9999762,3.489826e-17,0.050000001,0.76270092,-0.24712566,-2.1841569e-22,8,1.6437551e-17,0.001
194,-0.30139339,8.2878192e-20,4.2150051e-20,0.0012507502,1.0000044,0.080187656,0.050000001,-0.17945664,0.24218762,-9.7445865e-22,1,0.080182672,0.001
194,-0.30163437,6.1265074e-20,1.6466982e-20,-0.041443877,1.0520357,0.080141433,0.050000001,-0.18144284,0.26432607,-6.0665463e-22,1.05203,0.080136903,0.001
194,-0.3025119,-7.0706888e-20,-4.530284e-20,-0.11782857,1.1230807,0.080097079,0.050000001,-0.18147752,0.2934573,6.4946446e-22,1.12308,0.080092996,0.001
194,-0.30412629,-7.271668e-21,8.8416108e-21,-0.21325381,1.1941261,0.080066487,0.050000001,-0.17860559,0.32044345,1.1037824e-22,1.19412,0.080062799,0.001
194,-0.3066628,5.5870751e-20,2.9555722e-20,-0.32784235,1.2651756,0.080045819,0.050000001,-0.17260496,0.3441878,-4.5875208e-22,1.26517,0.080042399,0.001
194,-0.31028333,-2.7883499e-20,-2.1174156e-20,-0.46063539,1.3362284,0.080031872,0.050000001,-0.16327329,0.36358136,2.0170266e-22,1.33623,0.080028698,0.001
194,-0.31510451,-3.3172185e-20,-9.6663882e-21,-0.6094085,1.4072905,0.080022618,0.050000001,-0.15045066,0.37755945,2.753509e-22,1.40729,0.080019802,0.001
194,-0.32117429,-3.0535905e-20,-4.444248e-21,-0.77058548,1.4783583,0.080016688,0.050000001,-0.13404822,0.38516727,2.4795188e-22,1.4783601,0.080013998,0.001
194,-0.32844919,-8.4731668e-22,3.8832701e-21,-0.9392969,1.5494277,0.080013022,0.050000001,-0.11407319,0.38561285,-4.3705381e-23,1.54943,0.080010302,0.001
194,-0.33678097,7.9195635e-20,1.8814018e-20,-1.1097318,1.6205081,0.080010653,0.050000001,-0.090652309,0.3783415,-5.9331413e-22,1.62051,0.080007903,0.001
194,-0.34591532,4.0171148e-20,1.0237312e-20,-1.2756351,1.6915897,0.080009036,0.050000001,-0.064065769,0.36309421,-2.8526919e-22,1.69159,0.080006398,0.001
194,-0.3555012,1.4921324e-20,-1.1226839e-20,-1.4309993,1.7626795,0.080008075,0.050000001,-0.034733776,0.33990625,-3.3544822e-22,1.7626801,0.080005497,0.001
194,-0.36509874,1.8483615e-21,-6.6154799e-21,-1.5708309,1.8337798,0.080007464,0.050000001,-0.0031755015,0.30911008,5.756178e-24,1.8337801,0.080004998,0.001
194,-0.37421834,-5.7481097e-20,-5.6767779e-22,-1.6916977,1.9048816,0.080006875,0.050000001,0.029998476,0.27129436,6.2822393e-22,1.90488,0.080004603,0.001
194,-0.38235557,-1.854276e-21,1.8929768e-21,-1.7919209,1.9759916,0.080006577,0.050000001,0.064155474,0.22722423,-5.3181819e-24,1.9759901,0.080004402,0.001
194,-0.38900861,-1.7308749e-20,8.0851961e-21,-1.8714498,2.0471098,0.080006562,0.050000001,0.098728597,0.17776103,3.2965568e-22,2.0471101,0.080004297,0.001
194,-0.39371076,1.4644295e-22,1.996568e-21,-1.9313523,2.118232,0.080006562,0.050000001,0.13322459,0.12378864,-5.5175342e-24,2.1182301,0.0800042,0.001
194,-0.39605024,9.2988405e-21,5.9073487e-21,-1.9731356,2.1893599,0.080006547,0.050000001,0.16725384,0.066171713,-4.3143241e-24,2.1893599,0.080004103,0.001
194,-0.39568949,-1.9293832e-21,-2.2165171e-21,-1.9980984,2.2604918,0.080006547,0.050000001,0.20054357,0.0057507665,2.9615921e-25,2.2604899,0.080004103,0.001
194,-0.3923718,2.1338201e-20,2.865131e-20,-2.006954,2.3316321,0.080006532,0.050000001,0.23293144,-0.056633119,3.1268583e-22,2.33163,0.080004103,0.001
194,-0.38593769,-1.1680358e-20,-2.7319281e-20,-1.9995265,2.4027779,0.080006264,0.050000001,0.26434672,-0.12010951,-3.1096826e-22,2.4027801,0.080003999,0.001
194,-0.37634489,9.5415503e-20,9.5308203e-20,-1.9746515,2.4739277,0.080006056,0.050000001,0.29475161,-0.18373315,8.8336255e-22,2.4739299,0.080003999,0.001
194,-0.36367729,-1.7250088e-21,1.9248262e-20,-1.9305921,2.5450842,0.080006056,0.050000001,0.32410625,-0.24642961,4.5371076e-23,2.5450799,0.080003999,0.001
194,-0.34816542,-1.0872874e-19,-1.4041213e-19,-1.8656276,2.6162441,0.080005996,0.050000001,0.35234243,-0.30699506,-1.524818e-21,2.61624,0.080003902,0.001
194,-0.33019224,1.2483868e-20,1.0420762e-20,-1.7788018,2.6874099,0.080006003,0.050000001,0.37932625,-0.36413673,2.7175115e-22,2.6874101,0.080003902,0.001
194,-0.31027958,-8.1309858e-24,-1.1868069e-21,-1.6706299,2.7585819,0.080006041,0.050000001,0.40484565,-0.41656113,0,2.75858,0.080003902,0.001
194,-0.28905568,9.7055279e-20,7.9845295e-20,-1.5435764,2.8297601,0.080006041,0.050000001,0.42862236,-0.46310276,4.4075136e-22,2.8297601,0.080003902,0.001
194,-0.26721036,-9.5288286e-20,-7.2073623e-20,-1.4020977,2.9009418,0.080006041,0.050000001,0.45033947,-0.50284946,-4.0377069e-22,2.9009399,0.080003902,0.001
194,-0.24543421,-1.9684371e-19,-1.683664e-19,-1.2521392,2.9721274,0.080006026,0.050000001,0.46968338,-0.535254,-8.1159494e-22,2.9721301,0.080003798,0.001
194,-0.22436407,1.4310382e-19,1.1629791e-19,-1.1003977,3.0433197,0.080006018,0.050000001,0.48637992,-0.56018364,5.7304401e-22,3.0433199,0.080003798,0.001
194,-0.20453373,1.0470837e-19,8.9697882e-20,-0.95340377,3.1145201,0.080006026,0.050000001,0.50022799,-0.57791936,3.7058345e-22,3.1145201,0.080003798,0.001
194,-0.18635002,-4.780975e-20,-4.1092863e-20,-0.81680763,3.1857202,0.080006033,0.050000001,0.51111072,-0.58909315,-1.6909523e-22,3.18572,0.080003798,0.001
194,-0.17008445,-5.151878e-21,-2.8804883e-21,-0.69494236,3.2569194,0.080006056,0.050000001,0.51899201,-0.59459436,0,3.2569201,0.080003798,0.001
194,-0.15588135,1.056032e-19,9.1933092e-20,-0.59086925,3.3281276,0.080005787,0.050000001,0.52389467,-0.59546721,2.4112461e-22,3.32813,0.080003701,0.001
194,-0.14378347,1.0852606e-19,9.7070983e-20,-0.50678307,3.3993418,0.080005534,0.050000001,0.52586126,-0.59283078,2.2564143e-22,3.3993399,0.080003701,0.001
194,-0.1337567,-1.0297669e-19,-9.1752418e-20,-0.44440234,3.4705622,0.080005519,0.050000001,0.52490497,-0.58783376,-2.4110709e-22,3.4705601,0.080003701,0.001
194,-0.12571834,1.2063613e-21,-3.3116024e-21,-0.40486372,3.5417883,0.080005534,0.050000001,0.52096456,-0.58164519,-2.1677808e-23,3.54179,0.080003701,0.001
194,-0.11956222,-1.2446962e-21,8.0242174e-21,-0.38724414,3.6130121,0.080005556,0.050000001,0.51390338,-0.57543087,-8.3665183e-24,3.6130099,0.080003701,0.001
194,-0.11517996,-1.047506e-19,-1.0001549e-19,-0.38585889,3.684242,0.080005504,0.050000001,0.50359243,-0.57023007,-1.9388098e-22,3.6842401,0.080003597,0.001
194,-0.11248045,1.022515e-19,8.3207675e-20,-0.38779226,3.7554758,0.080005519,0.050000001,0.49011531,-0.56668139,1.898758e-22,3.7554801,0.080003597,0.001
194,-0.11139998,-2.1979794e-21,-7.0671648e-22,-0.3730545,3.8267093,0.080005519,0.050000001,0.47403312,-0.56463158,3.8254248e-24,3.82671,0.080003597,0.001
194,-0.1119025,2.060316e-19,1.4908778e-19,-0.31913176,3.8979557,0.080005519,0.050000001,0.4565669,-0.56281775,4.032633e-22,3.8979599,0.080003597,0.001
194,-0.11396051,2.0264992e-19,1.6879569e-19,-0.20891607,3.969202,0.080005534,0.050000001,0.43956578,-0.55886328,3.8051712e-22,3.9691999,0.080003597,0.001
194,-0.11751876,-2.108431e-19,-1.6271643e-19,-0.038150437,4.0404477,0.080005549,0.050000001,0.42518073,-0.54971182,-3.6747781e-22,4.0404501,0.080003597,0.001
194,-0.12245223,-1.0910121e-19,-8.4517987e-20,0.18186964,4.1116996,0.080005527,0.050000001,0.41537604,-0.53239155,-1.6743714e-22,4.1117001,0.0800035,0.001
194,-0.1285298,-1.3767933e-20,-1.7893756e-22,0.42812076,4.18296,0.080005556,0.050000001,0.41147456,-0.50479287,2.3865682e-23,4.18296,0.0800035,0.001
194,-0.13540258,-1.884347e-20,3.3888939e-21,0.6740045,4.25422,0.080005556,0.050000001,0.41394043,-0.46613601,2.5520081e-23,4.25422,0.0800035,0.001
194,-0.14262636,-2.2095603e-20,4.4794617e-21,0.89740169,4.3254795,0.080005541,0.050000001,0.42245504,-0.4169676,2.551372e-23,4.32548,0.0800035,0.001
194,-0.14970648,5.1541269e-21,4.6249523e-20,1.0849003,4.3967457,0.080005571,0.050000001,0.43618914,-0.35879916,1.4877103e-22,4.39675,0.0800035,0.001
194,-0.15615107,1.949064e-20,9.3776516e-20,1.2315689,4.4680142,0.080005556,0.050000001,0.45410636,-0.29363444,2.7948988e-22,4.4680099,0.0800035,0.001
194,-0.16151941,-2.4621427e-20,5.9392699e-20,1.338158,4.539288,0.080005541,0.050000001,0.47518656,-0.22356272,1.5661263e-22,4.53929,0.0800035,0.001
194,-0.16545238,-5.5699118e-20,2.0831516e-20,1.4079694,4.6105623,0.080005527,0.050000001,0.49852362,-0.15055668,2.0976007e-23,4.6105599,0.080003403,0.001
194,-0.16769247,-6.1308863e-20,-7.7927464e-20,1.4448271,4.6818399,0.080005519,0.050000001,0.52335268,-0.076374955,-2.6337728e-22,4.6818399,0.080003403,0.001
194,-0.16810128,-4.5615036e-20,-8.6001833e-20,1.452167,4.7531199,0.080005527,0.050000001,0.5490275,-0.0025788774,-2.7392275e-22,4.7531199,0.080003403,0.001
194,-0.16664551,-2.6026259e-20,7.143489e-21,1.4328845,4.8244019,0.080005519,0.050000001,0.57500428,0.069435187,-9.3840408e-24,4.8243999,0.080003403,0.001
194,-0.16338947,-3.608208e-20,6.2700769e-20,1.3895389,4.89569,0.080005489,0.050000001,0.60081834,0.13841067,1.0171772e-22,4.89569,0.080003403,0.001
194,-0.15849753,-2.3983771e-20,1.1653658e-20,1.3246388,4.96698,0.080005527,0.050000001,0.62605727,0.20321642,-2.0583528e-23,4.96698,0.080003403,0.001
194,-0.1522105,2.1466148e-20,-1.0759492e-19,1.2408639,5.0382724,0.080005541,0.050000001,0.65035182,0.26285413,-2.6974593e-22,5.03827,0.080003403,0.001
194,-0.14482841,5.3634265e-20,-1.2597197e-19,1.1413578,5.1095676,0.080005296,0.050000001,0.67336631,0.31648415,-2.6801737e-22,5.10957,0.080003403,0.001
194,-0.13668653,3.2870267e-20,-6.6025414e-20,1.0299325,5.1808619,0.08000505,0.050000001,0.69479722,0.36346966,-1.2634374e-22,5.18086,0.080003299,0.001
194,-0.12812901,1.4662419e-21,-1.5568289e-21,0.91099679,5.2521596,0.080005027,0.050000001,0.71438581,0.40343207,0,5.2521601,0.080003299,0.001
194,-0.1194848,-4.2981261e-20,7.0016225e-20,0.7893275,5.3234615,0.080005042,0.050000001,0.73192704,0.43627328,9.5659444e-23,5.3234601,0.080003299,0.001
194,-0.1110469,-4.5695163e-20,7.1988876e-20,0.66965193,5.3947701,0.08000505,0.050000001,0.74728721,0.46218985,8.8667391e-23,5.3947701,0.080003299,0.001
194,-0.1030578,-5.0136212e-20,7.5387012e-20,0.55621594,5.4660783,0.080005065,0.050000001,0.76040792,0.48164442,6.8410188e-23,5.4660802,0.080003299,0.001
194,-0.095700584,-1.6497654e-21,2.8027634e-21,0.45241043,5.537384,0.08000505,0.050000001,0.77130926,0.49531841,-1.2209984e-23,5.5373802,0.080003299,0.001
194,-0.089100115,4.5736755e-20,-7.1481278e-20,0.3605113,5.6086979,0.080005042,0.050000001,0.78008199,0.50404084,-9.2886687e-23,5.6086998,0.080003299,0.001
194,-0.083330385,-5.6978658e-22,-1.5233674e-22,0.28166395,5.6800103,0.080005065,0.050000001,0.78686792,0.50870776,-9.4689862e-24,5.6800098,0.080003299,0.001
194,-0.078421444,-4.7474393e-20,7.4581519e-20,0.21597418,5.7513218,0.08000505,0.050000001,0.79184479,0.51021618,5.4949249e-23,5.7513199,0.080003299,0.001
194,-0.074371271,-4.5813253e-20,7.4945265e-20,0.16273995,5.8226376,0.080005005,0.050000001,0.79520482,0.50940615,5.3525979e-23,5.8226399,0.080003202,0.001
194,-0.071157001,-4.4251368e-20,7.446298e-20,0.12070449,5.89396,0.080005027,0.050000001,0.79713702,0.50702488,4.6368155e-23,5.89396,0.080003202,0.001
194,-0.068743199,4.7392379e-20,-7.350252e-20,0.088303,5.9652843,0.080005012,0.050000001,0.7978155,0.50370491,-6.3177377e-23,5.9652801,0.080003202,0.001
194,-0.067089342,1.844725e-21,-1.3911985e-21,0.063925371,6.0366077,0.080005012,0.050000001,0.79738921,0.49996132,-6.8061696e-24,6.0366101,0.080003202,0.001
194,-0.066155426,-4.4146549e-20,7.2455031e-20,0.04611795,6.1079316,0.080005027,0.050000001,0.79597771,0.49620184,5.265905e-23,6.1079302,0.080003202,0.001
194,-0.065905258,1.8420383e-21,-8.7130603e-22,0.033773899,6.1792593,0.080005012,0.050000001,0.79366517,0.49274707,2.3277105e-26,6.1792598,0.080003202,0.001
194,-0.066309199,4.6805614e-20,-7.3567686e-20,0.026249032,6.2505894,0.080005012,0.050000001,0.79049617,0.48986256,-5.4104069e-23,6.2505898,0.080003202,0.001
194,-0.067345835,1.3680206e-19,-2.2059353e-19,0.023263326,6.3219218,0.080004983,0.050000001,0.78647292,0.48779154,-1.6550621e-22,6.3219199,0.080003202,0.001
194,-0.06900353,-1.65677e-22,-1.8621637e-21,0.024445843,6.3932557,0.080004998,0.050000001,0.78155684,0.48677349,2.8585243e-24,6.39326,0.080003202,0.001
194,-0.071281813,4.4890478e-20,-7.0839399e-20,0.028552989,6.4645901,0.080005035,0.050000001,0.77568734,0.487019,-6.286319e-23,6.4645901,0.080003202,0.001
194,-0.074193113,4.5197889e-20,-7.3340276e-20,0.032590616,6.5359306,0.08000505,0.050000001,0.76881731,0.48862752,-5.8566813e-23,6.5359302,0.080003202,0.001
194,-0.077762052,-9.0345868e-20,1.4002789e-19,0.031258229,6.6072683,0.080005087,0.050000001,0.76096576,0.49144828,1.2973436e-22,6.6072698,0.080003202,0.001
194,-0.08202187,-4.6166795e-20,6.9628115e-20,0.0173024,6.6786041,0.080005042,0.050000001,0.75227344,0.49492189,7.0810774e-23,6.6785998,0.080003098,0.001
194,-0.087005906,-8.2165843e-22,-1.4655487e-21,-0.017081205,6.749948,0.080004781,0.050000001,0.74303347,0.49797466,8.4032706e-24,6.7499499,0.080003098,0.001
194,-0.092729956,1.97267e-22,-1.1881278e-21,-0.078064971,6.82129,0.080004781,0.050000001,0.73368829,0.49903259,1.4246856e-23,6.82129,0.080003098,0.001
194,-0.099173538,9.487798e-22,-1.7522339e-21,-0.1680526,6.8926296,0.080005042,0.050000001,0.72477537,0.4961949,1.0635535e-23,6.8926301,0.080003098,0.001
194,-0.10625967,1.892941e-21,-2.8650622e-21,-0.2845231,6.9639773,0.080005042,0.050000001,0.71684104,0.48753032,7.1148359e-24,6.9639802,0.080003098,0.001
194,-0.11383998,-3.8726192e-20,6.4005336e-20,-0.42032987,7.0353303,0.080005035,0.050000001,0.71035546,0.47141674,1.1721867e-22,7.0353298,0.080003098,0.001
194,-0.12169524,-3.3221457e-20,6.6443244e-20,-0.56542873,7.106678,0.080005057,0.050000001,0.70565069,0.44681215,1.2425449e-22,7.1066799,0.080003098,0.001
194,-0.12954728,4.8951541e-20,-6.5828106e-20,-0.70921266,7.1780252,0.080005057,0.050000001,0.70290053,0.41338015,-9.2711446e-23,7.17803,0.080003098,0.001
194,-0.1370817,1.7562379e-20,-1.5264321e-21,-0.84251666,7.2493777,0.080004796,0.050000001,0.70214069,0.37146237,2.4392095e-23,7.2493801,0.080003098,0.001
194,-0.14397661,-1.483726e-20,6.6654479e-20,-0.95870364,7.3207321,0.080004781,0.050000001,0.70331162,0.32193682,1.4011572e-22,7.3207302,0.080003098,0.001
194,-0.14992896,2.1641887e-20,2.3061775e-21,-1.0537293,7.3920879,0.080004796,0.050000001,0.7062999,0.2660349,1.7983998e-23,7.3920898,0.080003098,0.001
194,-0.1546769,2.3155795e-20,2.0807367e-21,-1.125609,7.4634423,0.080004796,0.050000001,0.71096712,0.20518675,1.3616116e-23,7.4634399,0.080003098,0.001
194,-0.15801792,2.3443203e-20,3.5464609e-21,-1.173707,7.5348001,0.080005042,0.050000001,0.71716738,0.14089581,8.6667667e-24,7.5348001,0.080003098,0.001
194,-0.15981816,2.6670284e-20,-6.200383e-20,-1.198112,7.6061583,0.08000505,0.050000001,0.72474939,0.074680269,-1.2775017e-22,7.6061602,0.080003098,0.001
194,-0.16001889,1.3803618e-20,-1.3530335e-19,-1.1993217,7.6775155,0.080005005,0.050000001,0.73355037,0.0080377972,-2.7012311e-22,7.6775198,0.080003001,0.001
194,-0.15863435,1.1144279e-20,-8.6673796e-22,-1.1781766,7.7488756,0.080004767,0.050000001,0.74339056,-0.057578914,-4.1147766e-24,7.7488799,0.080003001,0.001
194,-0.15574935,1.8157669e-20,7.1986466e-20,-1.1359591,7.8202353,0.080004521,0.050000001,0.75406748,-0.12078697,1.3125166e-22,7.82024,0.080003001,0.001
194,-0.15151544,1.2317332e-20,3.9359071e-21,-1.0745623,7.8915997,0.080004744,0.050000001,0.76535076,-0.18030964,-8.5196662e-24,7.8916001,0.080003001,0.001
194,-0.14613858,-1.595644e-20,-7.1170917e-20,-0.99663574,7.9629683,0.080004752,0.050000001,0.77698141,-0.2350287,-1.3054994e-22,7.9629698,0.080003001,0.001
194,-0.14288215,-1.9047506e-20,-7.2604279e-20,-0.94940931,8,0.080004632,0.050000001,0.78305066,-0.26045778,-1.2805207e-22,8,0.080003001,0.001
194,-0.28684726,5.9119426e-20,2.7554714e-20,-0.23966822,1.0000042,0.16041112,0.050000001,-0.13678187,0.24347296,-6.2677097e-22,1,0.1603713,0.001
194,-0.28777343,-2.6192408e-20,-2.1364387e-20,-0.29161096,1.0519955,0.1603207,0.050000001,-0.13555884,0.26334864,2.4800585e-22,1.05199,0.160282,0.001
194,-0.29002798,-1.0835216e-19,-3.8415647e-20,-0.37835553,1.1230304,0.16023383,0.050000001,-0.13097084,0.2891497,9.7648853e-22,1.1230299,0.16019601,0.001
194,-0.29345766,-6.8029789e-21,1.2082018e-20,-0.48123679,1.1940696,0.16017359,0.050000001,-0.12325529,0.31256536,3.3600438e-24,1.19407,0.160137,0.001
194,-0.29821992,3.5217586e-21,1.0266751e-20,-0.59971809,1.2651132,0.16013274,0.050000001,-0.1122345,0.33253083,-9.5769812e-24,1.26511,0.160097,0.001
194,-0.30442291,-4.582747e-23,-1.9955718e-21,-0.73219693,1.3361627,0.16010569,0.050000001,-0.097780548,0.34799555,-4.2891471e-26,1.3361599,0.160071,0.001
194,-0.31210396,-3.9145763e-20,-9.3206776e-21,-0.87589175,1.4072202,0.16008733,0.050000001,-0.079835854,0.35798022,2.7530004e-22,1.40722,0.160053,0.001
194,-0.32121262,-5.9992243e-21,-4.0578815e-21,-1.0269111,1.478282,0.16007541,0.050000001,-0.05845084,0.36164361,-2.5441111e-24,1.4782799,0.160042,0.001
194,-0.33159712,4.2085912e-20,6.4077227e-21,-1.180462,1.5493518,0.16006768,0.050000001,-0.03379222,0.35833132,-3.1214335e-22,1.54935,0.160034,0.001
194,-0.342994,-1.6958994e-20,1.2359077e-20,-1.3312719,1.62043,0.160063,0.050000001,-0.0061293538,0.34763619,2.9232358e-22,1.62043,0.16003001,0.001
194,-0.35504022,-2.782262e-21,6.2411638e-21,-1.4741172,1.6915096,0.16005963,0.050000001,0.024125135,0.32943887,3.9314489e-24,1.69151,0.160027,0.001
194,-0.36729711,5.6515196e-20,-1.3265722e-20,-1.6044523,1.7625997,0.16005747,0.050000001,0.056445774,0.30389759,-6.3347257e-22,1.7625999,0.160025,0.001
194,-0.37925941,-1.9301725e-20,1.001364e-20,-1.7189578,1.833698,0.16005589,0.050000001,0.090262614,0.27142191,3.5182358e-22,1.8336999,0.160024,0.001
194,-0.39039278,-3.1075722e-20,8.7162921e-21,-1.8157557,1.9047976,0.16005448,0.050000001,0.12497529,0.23260657,3.223448e-22,1.9048001,0.160023,0.001
194,-0.4001736,1.8170109e-20,-1.4315779e-20,-1.8944046,1.9759079,0.1600537,0.050000001,0.16000508,0.18817526,-3.4591427e-22,1.9759099,0.16002201,0.001
194,-0.40809935,-5.7976423e-21,-2.9181607e-21,-1.955642,2.0470221,0.16005336,0.050000001,0.19485469,0.13890436,-5.5927714e-24,2.04702,0.16002201,0.001
194,-0.41370827,4.9952137e-21,8.8311244e-22,-2.0008519,2.1181421,0.16005303,0.050000001,0.22912173,0.085556269,1.1507044e-23,2.11814,0.16002201,0.001
194,-0.41660139,4.4892869e-21,1.1234275e-21,-2.0314338,2.1892703,0.16005246,0.050000001,0.26250947,0.02887875,1.1492994e-23,2.18927,0.16002101,0.001
194,-0.41645736,-4.2305426e-22,-4.7074705e-22,-2.0483351,2.2604024,0.16005209,0.050000001,0.29482791,-0.030399717,-5.7417529e-24,2.2604001,0.16002101,0.001
194,-0.41303393,-2.0979037e-21,-6.3186734e-22,-2.0516908,2.3315401,0.16005169,0.050000001,0.32597485,-0.09154059,-5.7382527e-24,2.3315401,0.16002101,0.001
194,-0.40618056,6.4753169e-21,-6.9672866e-21,-2.0404615,2.4026818,0.1600513,0.050000001,0.35590938,-0.15373923,0,2.4026799,0.16002101,0.001
194,-0.39586094,7.3639489e-20,1.1745724e-19,-2.0124946,2.4738319,0.1600509,0.050000001,0.38460854,-0.21606623,9.8573312e-22,2.47383,0.16002101,0.001
194,-0.38217592,2.972923e-20,5.1119584e-20,-1.9650393,2.5449903,0.16005051,0.050000001,0.41202682,-0.27741608,3.1235486e-22,2.5449901,0.16002101,0.001
194,-0.36538336,-7.2837886e-20,-1.1454685e-19,-1.895502,2.6161504,0.16005038,0.050000001,0.43806162,-0.3365151,-9.7670128e-22,2.6161499,0.16002101,0.001
194,-0.34590429,-3.1935256e-20,-4.3529782e-20,-1.8024089,2.6873145,0.16005003,0.050000001,0.46253482,-0.39198473,-3.0414645e-22,2.68731,0.16001999,0.001
194,-0.32430986,3.8830116e-21,-5.4548531e-21,-1.6862606,2.7584844,0.16004963,0.050000001,0.48519558,-0.44245601,0,2.7584801,0.16001999,0.001
194,-0.30128998,9.2853072e-20,1.0716703e-19,-1.5499759,2.8296599,0.16004945,0.050000001,0.50574207,-0.48670986,4.7233931e-22,2.8296599,0.16001999,0.001
194,-0.27759781,-1.0166713e-19,-9.7205257e-20,-1.3987482,2.900842,0.16004929,0.050000001,0.52386689,-0.52382505,-4.3012629e-22,2.90084,0.16001999,0.001
194,-0.25398138,-2.0571837e-19,-2.1778629e-19,-1.2394083,2.9720275,0.16004889,0.050000001,0.53930223,-0.5532918,-8.6843211e-22,2.9720299,0.16001999,0.001
194,-0.23112352,-1.3478144e-20,-1.6141029e-20,-1.0794442,3.0432198,0.16004874,0.050000001,0.55185485,-0.57505524,7.0373985e-23,3.04322,0.16001999,0.001
194,-0.20958953,2.1939658e-19,2.1724487e-19,-0.92587888,3.114418,0.16004859,0.050000001,0.56142944,-0.58949566,7.0904686e-22,3.1144199,0.16001999,0.001
194,-0.1898015,1.1320194e-19,1.16953e-19,-0.78448355,3.1856179,0.16004844,0.050000001,0.56802803,-0.59734488,3.5262252e-22,3.1856201,0.16001999,0.001
194,-0.17203189,-1.1301563e-19,-1.0646969e-19,-0.65933192,3.2568197,0.16004829,0.050000001,0.57173401,-0.59957433,-3.1849786e-22,3.25682,0.16001999,0.001
194,-0.15641776,-1.1231973e-19,-1.1081255e-19,-0.55282408,3.3280275,0.1600474,0.050000001,0.57268351,-0.59727603,-2.3744486e-22,3.3280301,0.160019,0.001
194,-0.14298904,-1.086458e-19,-1.1370493e-19,-0.46614894,3.3992419,0.16004701,0.050000001,0.57102871,-0.59156609,-2.1746893e-22,3.39924,0.160019,0.001
194,-0.13169612,2.2066278e-19,2.1456325e-19,-0.40003413,3.4704599,0.16004682,0.050000001,0.5668906,-0.58352941,4.3901172e-22,3.4704599,0.160019,0.001
194,-0.12244035,1.0991324e-19,1.1289776e-19,-0.35541028,3.5416818,0.16004665,0.050000001,0.56030834,-0.57422167,2.1891367e-22,3.5416801,0.160019,0.001
194,-0.11509845,-6.8131622e-22,-6.0373841e-21,-0.33307204,3.6129098,0.1600465,0.050000001,0.55119455,-0.56470054,-9.3658016e-24,3.61291,0.160019,0.001
194,-0.10954482,-1.0161929e-19,-9.2176716e-20,-0.33171275,3.6841397,0.16004628,0.050000001,0.53934711,-0.55602115,-1.822318e-22,3.68414,0.160019,0.001
194,-0.10566851,-1.0216578e-19,-1.0354286e-19,-0.3445403,3.7553718,0.16004634,0.050000001,0.52457011,-0.54909194,-1.7350073e-22,3.7553699,0.160019,0.001
194,-0.10338467,2.7839808e-21,6.0944414e-21,-0.35659838,3.8266096,0.16004615,0.050000001,0.50692219,-0.54433841,5.9286546e-24,3.8266101,0.160019,0.001
194,-0.10263912,9.6127254e-20,8.7968312e-20,-0.34580332,3.8978517,0.16004597,0.050000001,0.48701549,-0.54127151,1.6955169e-22,3.89785,0.160019,0.001
194,-0.10339803,2.0046289e-19,1.7008807e-19,-0.28899962,3.9690998,0.1600458,0.050000001,0.46619105,-0.53820175,3.6787134e-22,3.9691,0.160019,0.001
194,-0.10562138,-1.0061148e-19,-8.1974911e-20,-0.17101911,4.0403476,0.1600454,0.050000001,0.44642013,-0.53235751,-1.8464306e-22,4.04035,0.160019,0.001
194,-0.10922355,-7.8298073e-21,-3.4222833e-21,0.0081357723,4.1115994,0.16004501,0.050000001,0.4299027,-0.52048242,-8.8776773e-24,4.1115999,0.160018,0.001
194,-0.11403326,-1.5835179e-22,1.1448213e-21,0.23237576,4.1828599,0.16004485,0.050000001,0.41852683,-0.49969769,-3.0286702e-25,4.1828599,0.160018,0.001
194,-0.11976992,-9.2040031e-20,-7.8542783e-20,0.47548759,4.2541199,0.16004464,0.050000001,0.41343439,-0.46825767,-1.7958556e-22,4.2541199,0.160018,0.001
194,-0.12604952,9.8591508e-22,-2.1366049e-21,0.71048582,4.3253794,0.1600447,0.050000001,0.41487539,-0.42586797,0,4.3253798,0.160018,0.001
194,-0.13242047,2.7419842e-20,3.9285832e-20,0.91721392,4.3966455,0.16004452,0.050000001,0.42236197,-0.37351677,1.2493379e-22,4.3966498,0.160018,0.001
194,-0.13841353,3.9851675e-20,8.3996773e-20,1.0851641,4.4679155,0.16004433,0.050000001,0.43497857,-0.31301549,2.5908936e-22,4.4679198,0.160018,0.001
194,-0.14359209,3.8765483e-20,1.3559488e-19,1.2119684,4.5391879,0.16004437,0.050000001,0.45168433,-0.24649251,3.7559975e-22,4.5391898,0.160018,0.001
194,-0.14759028,-2.7248777e-20,1.451448e-20,1.2999119,4.6104622,0.16004418,0.050000001,0.47149962,-0.17604975,1.0463067e-23,4.6104598,0.160018,0.001
194,-0.15013653,-6.6319445e-20,-1.7285137e-19,1.3528975,4.6817398,0.16004398,0.050000001,0.49358249,-0.10359527,-5.0177693e-22,4.6817398,0.160018,0.001
194,-0.15106402,-1.3862881e-20,-9.8400107e-20,1.374763,4.7530198,0.16004404,0.050000001,0.51721728,-0.030820567,-2.730598e-22,4.7530198,0.160018,0.001
194,-0.15031242,1.386614e-22,-5.1901128e-21,1.3687708,4.8243055,0.16004384,0.050000001,0.54179889,0.040777277,-3.5234378e-24,4.8243098,0.160018,0.001
194,-0.14792407,-3.5647429e-20,1.1360753e-19,1.3377219,4.8955941,0.16004363,0.050000001,0.56680948,0.10985768,2.5490239e-22,4.8955898,0.160018,0.001
194,-0.14402744,4.1362588e-20,-1.0684744e-19,1.2842904,4.9668841,0.16004367,0.050000001,0.59178632,0.17523816,-2.2323216e-22,4.9668798,0.160018,0.001
194,-0.13882315,8.6439082e-20,-2.3184619e-19,1.2112775,5.0381756,0.16004349,0.050000001,0.6163072,0.23587538,-4.7211546e-22,5.0381799,0.160018,0.001
194,-0.13257463,2.0398662e-20,-1.4336783e-20,1.121852,5.1094699,0.16004285,0.050000001,0.63998705,0.29088753,1.8732113e-23,5.1094699,0.160017,0.001
194,-0.12558295,-4.8246392e-20,1.1435436e-19,1.0197041,5.180768,0.16004245,0.050000001,0.66247749,0.33960328,2.1141399e-22,5.1807699,0.160017,0.001
194,-0.11816302,-5.9337711e-20,1.2011784e-19,0.90901077,5.2520652,0.16004223,0.050000001,0.68346781,0.38158774,2.0051765e-22,5.25207,0.160017,0.001
194,-0.11061889,-8.0295107e-20,1.3233749e-19,0.79426897,5.32337,0.16004226,0.050000001,0.70269787,0.41667587,1.6541407e-22,5.32337,0.160017,0.001
194,-0.10322438,-5.0075007e-22,1.7247903e-21,0.67999816,5.3946781,0.16004205,0.050000001,0.71997273,0.44498304,9.9156013e-26,5.39468,0.160017,0.001
194,-0.09621045,3.5568605e-20,-6.2588925e-20,0.57035834,5.465982,0.16004188,0.050000001,0.73516959,0.46688545,-9.3012298e-23,5.4659801,0.160017,0.001
194,-0.089754723,1.0402901e-22,-1.887491e-22,0.46875238,5.5372896,0.16004191,0.050000001,0.74824482,0.4829824,1.4573264e-26,5.5372901,0.160017,0.001
194,-0.083982624,4.4207421e-20,-6.7802502e-20,0.37762293,5.6086016,0.16004169,0.050000001,0.75922745,0.49402755,-7.199587e-23,5.6086001,0.160017,0.001
194,-0.078971714,4.6046666e-20,-7.1166626e-20,0.29838225,5.6799178,0.1600415,0.050000001,0.76820767,0.50086266,-6.047888e-23,5.6799202,0.160017,0.001
194,-0.074759431,4.5807753e-20,-7.2859148e-20,0.23146674,5.7512321,0.16004151,0.050000001,0.77531946,0.50434953,-5.7888002e-23,5.7512298,0.160017,0.001
194,-0.071351729,-9.2540269e-20,1.4156519e-19,0.17648713,5.8225474,0.16004157,0.050000001,0.78072524,0.50531507,1.1640925e-22,5.8225498,0.160017,0.001
194,-0.068734214,-1.3924747e-19,2.1906338e-19,0.13246427,5.8938699,0.16004136,0.050000001,0.78459597,0.50450987,1.6913214e-22,5.8938699,0.160017,0.001
194,-0.066879876,9.2277536e-20,-1.428913e-19,0.098074056,5.9651957,0.16004114,0.050000001,0.78709775,0.50258386,-1.1059041e-22,5.9651999,0.160017,0.001
194,-0.065756291,4.6045316e-20,-7.2893967e-20,0.071891889,6.03652,0.16004117,0.050000001,0.78837949,0.50008047,-5.5595269e-23,6.03652,0.160017,0.001
194,-0.065330699,-9.2374684e-20,1.4591462e-19,0.052620362,6.1078477,0.16004123,0.050000001,0.78856581,0.49744177,1.0977694e-22,6.1078501,0.160017,0.001
194,-0.065573961,5.4847138e-22,6.9093931e-22,0.03929374,6.1791754,0.16004099,0.050000001,0.78774756,0.49503037,4.6808551e-25,6.1791801,0.160017,0.001
194,-0.066462927,4.5853074e-20,-7.2214541e-20,0.03132407,6.2505054,0.16004102,0.050000001,0.78597611,0.49315873,-5.4181258e-23,6.2505102,0.160017,0.001
194,-0.067982629,4.7398926e-20,-7.3515406e-20,0.02831311,6.3218379,0.16004105,0.050000001,0.78326172,0.49211538,-5.549177e-23,6.3218398,0.160017,0.001
194,-0.070128128,-7.6890088e-22,5.0198473e-22,0.029502966,6.3931723,0.16004083,0.050000001,0.77957904,0.49217021,0,6.3931699,0.160017,0.001
194,-0.072906114,9.1249473e-20,-1.4256573e-19,0.032965831,6.4645081,0.16004065,0.050000001,0.77489185,0.49353111,-1.2711631e-22,6.46451,0.160017,0.001
194,-0.07633622,1.1274153e-21,-1.7970133e-21,0.034852937,6.5358443,0.16004021,0.050000001,0.7691943,0.49624264,1.7675379e-28,6.53584,0.160016,0.001
194,-0.080450609,-9.142901e-20,1.4248814e-19,0.029129205,6.607182,0.1600403,0.050000001,0.7625621,0.50004202,1.2705545e-22,6.6071801,0.160016,0.001
194,-0.085288271,-3.9941136e-22,8.2191309e-22,0.0082684318,6.6785197,0.16004008,0.050000001,0.75519717,0.50421619,-6.4928762e-26,6.6785202,0.160016,0.001
194,-0.090884537,-9.8364376e-22,-5.9649466e-22,-0.035127394,6.7498617,0.1600396,0.050000001,0.7474438,0.50753337,0,6.7498598,0.160016,0.001
194,-0.097253069,-4.6612991e-20,6.7543737e-20,-0.10618676,6.821208,0.16003963,0.050000001,0.7397657,0.50830436,8.5048823e-23,6.8212099,0.160016,0.001
194,-0.10436435,-1.3467207e-22,1.2401775e-21,-0.20590208,6.8925495,0.1600399,0.050000001,0.73268408,0.50459307,2.375841e-26,6.89255,0.160016,0.001
194,-0.1121271,4.7756013e-20,-6.7531516e-20,-0.33046216,6.9638977,0.16003993,0.050000001,0.72669327,0.4945254,-8.5117252e-23,6.9639001,0.160016,0.001
194,-0.12037453,-1.3276185e-21,-2.6427845e-21,-0.47194219,7.0352502,0.16003995,0.050000001,0.72218776,0.47660962,-5.388742e-24,7.0352502,0.160016,0.001
194,-0.1288667,-4.0596047e-20,6.5850634e-20,-0.62017971,7.1065974,0.16003998,0.050000001,0.71941876,0.44996759,1.1189463e-22,7.1065998,0.160016,0.001
194,-0.13730563,1.1255433e-21,1.9229269e-21,-0.76498932,7.1779451,0.16003978,0.050000001,0.71849179,0.41441837,5.2121243e-24,7.1779499,0.160016,0.001
194,-0.1453585,8.5004093e-21,-7.3115314e-22,-0.89785981,7.2492995,0.16003932,0.050000001,0.71939451,0.37041938,1.2591762e-23,7.2493,0.160016,0.001
194,-0.15268584,-2.5335694e-20,6.643821e-20,-1.0127493,7.3206582,0.16003932,0.050000001,0.72203815,0.31891903,1.2976128e-22,7.3206601,0.160016,0.001
194,-0.15896995,1.1239917e-20,6.0571068e-22,-1.106011,7.3920121,0.16003935,0.050000001,0.72629398,0.26119021,7.0120024e-24,7.3920102,0.160016,0.001
194,-0.1639372,1.2003647e-20,2.7292012e-23,-1.1758593,7.4633679,0.16003914,0.050000001,0.73201782,0.19867054,4.7287182e-24,7.4633698,0.160016,0.001
194,-0.16737413,1.405101e-20,1.3673305e-21,-1.2216663,7.5347242,0.1600394,0.050000001,0.73906136,0.13287388,4.3724801e-24,7.5347199,0.160016,0.001
194,-0.16914292,1.1377831e-20,2.6393372e-21,-1.2434545,7.606082,0.16003942,0.050000001,0.7472738,0.065320164,1.7517293e-24,7.6060801,0.160016,0.001
194,-0.16919143,6.3262866e-21,-6.7088697e-20,-1.2416126,7.6774392,0.1600392,0.050000001,0.756495,-0.0024754014,-1.389964e-22,7.6774402,0.160016,0.001
194,-0.1675365,1.2751141e-22,-7.3082215e-20,-1.2168583,7.7488017,0.16003898,0.050000001,0.76654869,-0.06903746,-1.4564437e-22,7.7487998,0.160016,0.001
194,-0.1642642,1.4740518e-20,6.9176268e-20,-1.1703777,7.8201656,0.16003875,0.050000001,0.77723652,-0.13295852,1.3113371e-22,7.8201699,0.160016,0.001
194,-0.15954281,4.8774818e-20,1.5119159e-19,-1.1040639,7.8915277,0.16003901,0.050000001,0.78833103,-0.19292276,2.6396995e-22,7.89153,0.160016,0.001
194,-0.1535987,1.4037672e-20,6.9197309e-21,-1.0206907,7.9628916,0.16003904,0.050000001,0.79957771,-0.24778268,-5.1396891e-24,7.9628901,0.160016,0.001
194,-0.15001029,5.8790115e-22,-3.2808843e-20,-0.97037703,8.000001,0.1600388,0.050000001,0.8053624,-0.27317509,-7.4449928e-23,8,0.160016,0.001
194,-0.27424639,4.0373122e-20,-3.8588619e-20,-0.44150817,0.99999291,0.2410794,0.050000001,-0.079405703,0.2393712,-5.3029977e-22,1,0.24074323,0.001
194,-0.27582836,2.4302723e-20,-4.9273369e-20,-0.49956226,1.0519516,0.24094626,0.050000001,-0.074548841,0.25686201,1.0093469e-22,1.05196,0.240613,0.001
194,-0.27933884,7.6689776e-20,2.522333e-21,-0.59191096,1.1229727,0.24081735,0.050000001,-0.064936966,0.27918175,-9.4483903e-23,1.12298,0.24048799,0.001
194,-0.28436941,6.4807643e-20,2.6491857e-20,-0.69711357,1.1940044,0.24072674,0.050000001,-0.052185867,0.29892814,-6.1636154e-22,1.19401,0.240401,0.001
194,-0.29104158,-3.3935818e-20,-2.6932997e-21,-0.81414217,1.2650442,0.24066433,0.050000001,-0.036184274,0.31509888,-5.5995916e-23,1.2650501,0.24034201,0.001
194,-0.29940629,-6.5136318e-20,4.0409126e-21,-0.94099134,1.3360896,0.24062172,0.050000001,-0.016893147,0.32672927,1.9064332e-22,1.3361,0.240302,0.001
194,-0.30942518,8.1723267e-20,-7.3004659e-21,-1.0747098,1.4071414,0.24059218,0.050000001,0.0056379703,0.33294958,-4.1131642e-22,1.40715,0.24027599,0.001
194,-0.32096034,7.2578578e-20,-8.0396018e-21,-1.2115476,1.4782013,0.24057139,0.050000001,0.031240033,0.33303863,-2.5144276e-22,1.47821,0.24025799,0.001
194,-0.33376899,-9.7173256e-20,4.0761542e-21,-1.3471917,1.5492692,0.24055704,0.050000001,0.059627756,0.32648253,5.1658969e-22,1.54928,0.240246,0.001
194,-0.34750035,-6.1439932e-20,1.1548207e-20,-1.4772239,1.6203409,0.24054669,0.050000001,0.090428643,0.31300998,5.4167729e-22,1.62035,0.240238,0.001
194,-0.36171341,9.3486815e-20,-3.2077974e-20,-1.597608,1.6914208,0.24053866,0.050000001,0.12316674,0.29259712,-6.3382543e-22,1.69143,0.24023201,0.001
194,-0.37590641,3.114799e-20,-1.2540498e-20,-1.7051367,1.7625111,0.24053241,0.050000001,0.15728943,0.26547378,-3.0864298e-22,1.76252,0.240228,0.001
194,-0.38953808,-8.9617885e-20,-6.036023e-21,-1.7977911,1.8336029,0.24052691,0.050000001,0.19223166,0.23207526,2.0608929e-22,1.8336101,0.240225,0.001
194,-0.40205759,-1.0160379e-21,4.359134e-21,-1.8748372,1.9047027,0.24052201,0.050000001,0.22744234,0.19296992,3.8651897e-24,1.9047101,0.24022201,0.001
194,-0.4129346,1.869869e-21,-1.6153164e-20,-1.9366412,1.9758109,0.2405182,0.050000001,0.26242107,0.14881024,-2.847311e-22,1.9758199,0.24022,0.001
194,-0.4216741,-5.8568568e-23,-6.7427363e-20,-1.984376,2.0469205,0.24051479,0.050000001,0.29675928,0.10026144,-6.336925e-22,2.0469301,0.240219,0.001
194,-0.4278143,5.4555088e-20,6.3547537e-20,-2.0195131,2.1180408,0.24051106,0.050000001,0.33015746,0.047961868,8.1143576e-22,2.1180501,0.240217,0.001
194,-0.43097126,-6.4193662e-20,7.5613575e-20,-2.043267,2.1891673,0.24050735,0.050000001,0.36240914,-0.0074382606,7.3069184e-22,2.1891699,0.240215,0.001
194,-0.43084335,-2.1409062e-21,-6.3519156e-22,-2.0562272,2.2602987,0.24050403,0.050000001,0.39338547,-0.06529858,-4.5774575e-23,2.2603099,0.24021401,0.001
194,-0.42718986,2.5531362e-21,-5.1591174e-21,-2.0577989,2.3314323,0.24050093,0.050000001,0.42302495,-0.12495676,-8.5512157e-25,2.33144,0.24021301,0.001
194,-0.41986439,-8.5788654e-21,1.0144895e-19,-2.0458341,2.4025786,0.24049759,0.050000001,0.451309,-0.18564954,7.3107812e-22,2.40259,0.240211,0.001
194,-0.40883687,4.7276942e-20,-9.3513754e-21,-2.0169828,2.4737287,0.24049468,0.050000001,0.47819468,-0.24642441,4.1234647e-24,2.4737401,0.24021,0.001
194,-0.39422262,1.8646166e-20,1.2996134e-20,-1.9674325,2.5448828,0.24049176,0.050000001,0.50358284,-0.30611861,-5.4681497e-23,2.5448899,0.240209,0.001
194,-0.37630486,-6.7785506e-20,-9.3221084e-20,-1.8938774,2.6160429,0.2404886,0.050000001,0.52729577,-0.36337888,-5.9476704e-22,2.61605,0.240207,0.001
194,-0.35554308,7.2538951e-20,5.8765411e-21,-1.7946742,2.6872072,0.24048595,0.050000001,0.5490768,-0.41674322,-3.9445074e-23,2.6872101,0.240206,0.001
194,-0.33255738,1.3071336e-19,1.1825255e-19,-1.670717,2.7583787,0.24048297,0.050000001,0.56861502,-0.46478459,6.257219e-22,2.7583899,0.240205,0.001
194,-0.30809516,-1.4353945e-19,-1.1774287e-19,-1.5257858,2.8295527,0.24048021,0.050000001,0.58558619,-0.50626409,-5.4310632e-22,2.82956,0.24020401,0.001
194,-0.28296036,-2.1955046e-20,9.7433289e-21,-1.3661445,2.9007325,0.24047768,0.050000001,0.59971118,-0.54030329,-6.7016668e-24,2.9007399,0.24020299,0.001
194,-0.25794461,-1.0115912e-19,-9.5418127e-20,-1.1996164,2.9719181,0.24047491,0.050000001,0.61079729,-0.56647772,-4.0029259e-22,2.97193,0.24020199,0.001
194,-0.23375884,-1.3124899e-19,-1.2627881e-19,-1.0343552,3.0431106,0.24047212,0.050000001,0.61876583,-0.58484507,-3.4654904e-22,3.0431199,0.2402,0.001
194,-0.21098118,1.0518944e-19,9.6153348e-20,-0.87769192,3.1143045,0.24046955,0.050000001,0.6236586,-0.59590423,4.0090103e-22,3.11431,0.240199,0.001
194,-0.19003184,9.0034364e-20,1.0749948e-19,-0.73528546,3.1855047,0.24046719,0.050000001,0.62561846,-0.6004923,3.3667203e-22,3.1855099,0.240198,0.001
194,-0.17117243,-1.0481036e-19,-1.1341738e-19,-0.6107502,3.2567105,0.24046484,0.050000001,0.62485743,-0.59965193,-2.7867969e-22,3.2567201,0.240197,0.001
194,-0.15452516,-8.9367366e-20,-1.0508068e-19,-0.50579721,3.3279181,0.24046224,0.050000001,0.62162054,-0.59450608,-2.2307313e-22,3.32793,0.240196,0.001
194,-0.140102,5.4036769e-21,1.6649406e-20,-0.4206785,3.3991327,0.24045987,0.050000001,0.61614859,-0.58615822,5.9841726e-23,3.3991399,0.24019501,0.001
194,-0.12783641,3.2852021e-19,3.4402524e-19,-0.35496598,3.4703529,0.24045748,0.050000001,0.60864097,-0.57562947,6.5360819e-22,3.47036,0.24019399,0.001
194,-0.11761492,1.1296384e-19,1.2283007e-19,-0.30852488,3.5415726,0.24045528,0.050000001,0.59921712,-0.56385374,2.3017237e-22,3.54158,0.24019299,0.001
194,-0.10930158,-1.0417878e-19,-1.1094329e-19,-0.28207582,3.6127982,0.24045306,0.050000001,0.58786809,-0.55172539,-2.2757963e-22,3.6128099,0.240192,0.001
194,-0.10275856,-5.0828912e-21,-4.761887e-22,-0.27652436,3.6840281,0.24045086,0.050000001,0.57442617,-0.54016393,-2.6631345e-25,3.6840401,0.240191,0.001
194,-0.097861879,-1.0252941e-19,-9.6997202e-20,-0.29022616,3.7552624,0.24044932,0.050000001,0.55859452,-0.53010601,-1.7255896e-22,3.75527,0.240191,0.001
194,-0.094512887,1.7385874e-20,5.1314303e-21,-0.3150242,3.8265028,0.2404473,0.050000001,0.5401057,-0.52231109,8.7247945e-24,3.82651,0.24019,0.001
194,-0.092643961,4.5279176e-21,-3.5214121e-21,-0.33387557,3.8977423,0.24044503,0.050000001,0.51902038,-0.51695973,1.8993986e-23,3.8977499,0.240189,0.001
194,-0.092213809,-1.8855471e-20,-5.6724852e-21,-0.32311311,3.9689882,0.24044302,0.050000001,0.49603733,-0.51319891,-8.3058534e-24,3.9690001,0.240188,0.001
194,-0.093189776,-4.6354127e-21,-6.1799076e-21,-0.26008084,4.0402379,0.24044079,0.050000001,0.47263768,-0.50892937,-8.299578e-24,4.0402498,0.240187,0.001
194,-0.095514432,1.5011624e-20,3.6194625e-21,-0.13282174,4.1114926,0.24043876,0.050000001,0.450903,-0.50107765,3.7203933e-23,4.1114998,0.24018601,0.001
194,-0.099067174,1.1398299e-20,5.8688408e-21,0.053770725,4.1827507,0.24043694,0.050000001,0.43303707,-0.48634079,8.7568956e-24,4.1827598,0.24018499,0.001
194,-0.10363302,-3.1011066e-21,1.7600608e-22,0.27917325,4.2540107,0.24043535,0.050000001,0.42080277,-0.46209866,-2.8974202e-23,4.2540202,0.24018499,0.001
194,-0.10889456,6.9878467e-20,7.9845321e-20,0.51518756,4.3252726,0.24043372,0.050000001,0.41513216,-0.42707229,1.844336e-22,4.3252802,0.24018399,0.001
194,-0.11445472,1.0376345e-20,8.5293953e-21,0.73572093,4.3965383,0.24043162,0.050000001,0.41606566,-0.38147178,9.315406e-24,4.3965502,0.240183,0.001
194,-0.11987948,-1.2320106e-19,-1.5605172e-19,0.92333466,4.4678063,0.24042976,0.050000001,0.4229719,-0.32668239,-3.6617954e-22,4.4678102,0.240182,0.001
194,-0.1247482,6.5233273e-20,1.632842e-19,1.0705758,4.5390782,0.24042861,0.050000001,0.43488249,-0.26472187,4.3383947e-22,4.5390902,0.240182,0.001
194,-0.12869589,2.4225934e-20,3.3074731e-22,1.1772351,4.610352,0.2404267,0.050000001,0.45077032,-0.19777991,-1.2132876e-23,4.6103601,0.240181,0.001
194,-0.13143967,-7.0339898e-20,-1.644958e-19,1.2467194,4.6816325,0.2404248,0.050000001,0.46970743,-0.1279133,-4.2752257e-22,4.6816401,0.24018,0.001
194,-0.13279071,2.1342667e-20,8.2923079e-20,1.2832775,4.7529144,0.2404236,0.050000001,0.49089813,-0.056956638,2.0903804e-22,4.7529202,0.24018,0.001
194,-0.13266434,1.4949649e-22,4.2397776e-21,1.2907262,4.8242002,0.24042192,0.050000001,0.51367396,0.013493211,5.868795e-24,4.8242102,0.240179,0.001
194,-0.13108326,5.7408362e-21,3.0380199e-21,1.2722411,4.8954883,0.24042025,0.050000001,0.53746802,0.082024246,5.8981958e-24,4.8955002,0.240178,0.001
194,-0.12814255,7.4530209e-21,-1.6154332e-21,1.2306565,4.9667783,0.24041903,0.050000001,0.56176913,0.14737992,-2.4201405e-23,4.9667902,0.240178,0.001
194,-0.12399917,9.0738392e-20,-2.1931949e-19,1.1688963,5.0380702,0.24041736,0.050000001,0.58610696,0.20846893,-3.9074469e-22,5.0380802,0.24017701,0.001
194,-0.11888051,5.4777613e-20,-1.2044047e-19,1.0901529,5.109364,0.24041592,0.050000001,0.61005282,0.2643787,-1.757542e-22,5.1093702,0.24017601,0.001
194,-0.11305384,-8.8528275e-20,2.1806554e-19,0.99798602,5.1806622,0.24041466,0.050000001,0.63321257,0.31439674,3.9105287e-22,5.1806698,0.24017601,0.001
194,-0.10680162,-6.2041564e-20,1.2179283e-19,0.89638937,5.2519646,0.24041314,0.050000001,0.65522891,0.35803834,2.0121682e-22,5.2519698,0.24017499,0.001
194,-0.10039987,-8.7613297e-20,1.3262851e-19,0.78961384,5.3232703,0.24041189,0.050000001,0.67579257,0.39507654,1.6577694e-22,5.3232799,0.24017499,0.001
194,-0.094101161,-5.5787011e-21,1.901701e-21,0.68195373,5.3945746,0.24041015,0.050000001,0.69465274,0.42554834,3.1579273e-25,5.3945799,0.240174,0.001
194,-0.088120341,4.2844547e-20,-6.288503e-20,0.57738954,5.4658823,0.24040863,0.050000001,0.71163088,0.44974843,-9.3417268e-23,5.4658899,0.240173,0.001
194,-0.082627393,5.3279996e-21,-1.084204e-22,0.47928071,5.5371928,0.24040759,0.050000001,0.7266227,0.46818623,1.0110557e-25,5.5372,0.240173,0.001
194,-0.077745058,4.4669808e-20,-6.8007811e-20,0.39018503,5.6085019,0.24040626,0.050000001,0.73959935,0.48153657,-7.223894e-23,5.60851,0.240172,0.001
194,-0.073552415,4.5153815e-20,-7.5503709e-20,0.31171602,5.6798182,0.24040522,0.050000001,0.75059974,0.49057645,-6.3964111e-23,5.6798301,0.240172,0.001
194,-0.070092037,4.9787355e-20,-7.7328088e-20,0.24457645,5.7511339,0.24040389,0.050000001,0.75971353,0.49612033,-6.1436714e-23,5.7511401,0.240171,0.001
194,-0.067377031,-9.3671871e-20,1.4224133e-19,0.18866931,5.8224521,0.24040282,0.050000001,0.76706904,0.4989683,1.1666219e-22,5.8224602,0.240171,0.001
194,-0.065400839,-9.4299928e-20,1.4567243e-19,0.14329779,5.893774,0.24040149,0.050000001,0.77281463,0.49986225,1.1286655e-22,5.8937802,0.24017,0.001
194,-0.064144567,5.1580524e-20,-7.1056042e-20,0.10739915,5.9651003,0.24040043,0.050000001,0.77710295,0.49945948,-5.6066995e-23,5.9651098,0.24017,0.001
194,-0.063583851,4.6895144e-20,-7.3362829e-20,0.079780847,6.0364242,0.24039933,0.050000001,0.78007776,0.49832293,-5.4795099e-23,6.0364299,0.240169,0.001
194,-0.063693501,-4.6617809e-20,7.2457364e-20,0.0593514,6.1077523,0.24039848,0.050000001,0.78186345,0.49692604,5.4345133e-23,6.10776,0.240169,0.001
194,-0.06445156,3.5319972e-23,8.0520711e-22,0.045291647,6.1790824,0.24039689,0.050000001,0.78255332,0.49567157,2.8511479e-26,6.17909,0.24016801,0.001
194,-0.065841869,4.6437467e-20,-7.3693088e-20,0.037042696,6.250412,0.24039599,0.050000001,0.78220302,0.49491689,-5.4381622e-23,6.2504201,0.24016801,0.001
194,-0.067856178,-8.937039e-20,1.4195859e-19,0.034009703,6.3217444,0.24039534,0.050000001,0.78083104,0.49499151,1.152107e-22,6.3217502,0.24016801,0.001
194,-0.070496537,9.5839201e-20,-1.3905868e-19,0.034958273,6.3930802,0.24039397,0.050000001,0.77842963,0.49618489,-1.2109948e-22,6.3930898,0.24016701,0.001
194,-0.073776901,1.4258782e-19,-2.1438612e-19,0.037241243,6.4644146,0.24039289,0.050000001,0.77499408,0.49868625,-1.7940833e-22,6.4644198,0.24016701,0.001
194,-0.077724665,-9.5570852e-20,1.3810362e-19,0.036222894,6.5357523,0.24039178,0.050000001,0.77056521,0.50247002,1.208549e-22,6.5357599,0.24016599,0.001
194,-0.082378641,-1.3910272e-19,2.1085052e-19,0.025343873,6.6070924,0.24039114,0.050000001,0.76527774,0.50715309,2.0962519e-22,6.6071,0.24016599,0.001
194,-0.087782748,6.8561706e-23,2.4050583e-21,-0.002937811,6.6784325,0.24038997,0.050000001,0.75939035,0.51187694,-1.2724047e-25,6.6784401,0.240165,0.001
194,-0.09397351,8.9116588e-20,-1.426893e-19,-0.055387095,6.7497721,0.24038902,0.050000001,0.75328612,0.51527709,-1.502078e-22,6.7497802,0.240165,0.001
194,-0.10096143,-2.9148072e-21,-9.6127386e-21,-0.13598058,6.8211179,0.24038835,0.050000001,0.74743652,0.51558703,-1.0599629e-23,6.8211298,0.240165,0.001
194,-0.10870759,2.9568282e-21,-5.8595269e-21,-0.24441497,6.8924642,0.24038742,0.050000001,0.74233276,0.51087391,-5.5024752e-24,6.8924699,0.240164,0.001
194,-0.11710721,-8.8345087e-20,1.3811669e-19,-0.37581801,6.96381,0.24038674,0.050000001,0.7384088,0.49934861,2.1362659e-22,6.96382,0.240164,0.001
194,-0.12597729,3.292742e-20,-6.666288e-20,-0.52176207,7.0351577,0.24038605,0.050000001,0.73598284,0.47965908,-1.1452922e-22,7.0351701,0.240164,0.001
194,-0.13505983,8.6868162e-20,-1.4094515e-19,-0.67215651,7.1065097,0.24038512,0.050000001,0.73523039,0.45108086,-2.172922e-22,7.1065202,0.240163,0.001
194,-0.14403921,-2.8867954e-20,6.1687679e-20,-0.81726718,7.1778622,0.24038419,0.050000001,0.73619443,0.41356894,1.0271899e-22,7.1778698,0.240163,0.001
194,-0.15256584,1.3461434e-20,-3.6171623e-21,-0.94917423,7.2492137,0.24038298,0.050000001,0.73881763,0.3676784,-7.9131592e-24,7.2492199,0.240162,0.001
194,-0.16028576,1.1402086e-20,2.1005789e-21,-1.0623541,7.3205724,0.24038227,0.050000001,0.74298245,0.31441385,4.3869983e-24,7.32058,0.240162,0.001
194,-0.16686805,-6.3528814e-22,2.1952491e-21,-1.1535079,7.3919263,0.24038152,0.050000001,0.74854213,0.25507522,4.3412065e-24,7.3919301,0.240162,0.001
194,-0.17202732,-1.3028389e-20,-2.0908089e-21,-1.2210286,7.4632821,0.24038056,0.050000001,0.7553429,0.1911083,-4.5385294e-26,7.4632902,0.240161,0.001
194,-0.17553797,-7.4448477e-21,1.4492839e-19,-1.2643439,7.5346422,0.24038009,0.050000001,0.76323223,0.1240293,2.9960523e-22,7.5346498,0.240161,0.001
194,-0.1772458,-1.9260109e-20,-1.4052374e-19,-1.2834241,7.6059999,0.24037936,0.050000001,0.77206451,0.055362228,-3.0059468e-22,7.60601,0.240161,0.001
194,-0.17713742,2.1715057e-20,-1.4579126e-19,-1.2785045,7.6773577,0.24037816,0.050000001,0.78168428,-0.013371213,-3.0021436e-22,7.6773701,0.24016,0.001
194,-0.1752314,6.8610997e-21,6.8844569e-20,-1.2501283,7.7487221,0.24037765,0.050000001,0.79191089,-0.080664523,1.5277956e-22,7.7487302,0.24016,0.001
194,-0.17158307,-5.5080865e-20,-1.5358091e-19,-1.1994057,7.8200865,0.24037735,0.050000001,0.80254799,-0.14507121,-2.845206e-22,7.8200898,0.24016,0.001
194,-0.16638701,4.719774e-20,1.4379943e-19,-1.1282398,7.8914499,0.24037685,0.050000001,0.81337595,-0.2052502,2.7289688e-22,7.8914599,0.24016,0.001
194,-0.15989268,6.8383222e-20,2.2688184e-19,-1.0395256,7.9628143,0.24037585,0.050000001,0.82414401,-0.26002401,4.0458563e-22,7.9628201,0.240159,0.001
194,-0.15598331,6.5663374e-20,1.9405894e-19,-0.98621339,7.9999933,0.24037546,0.050000001,0.82958364,-0.28525788,3.1240826e-22,8,0.240159,0.001
194,-0.26332039,1.8907648e-19,-1.5168052e-19,-0.59386814,0.9997223,0.32436979,0.050000001,-0.0088296235,0.228881,-1.8789775e-21,1,0.32298511,0.001
194,-0.26554045,-5.7199017e-19,-2.8144588e-20,-0.65400219,1.0516025,0.32418501,0.050000001,-6.9828595e-05,0.24389789,6.9167243e-21,1.05188,0.32280901,0.001
194,-0.2701984,-1.0340803e-18,3.8514969e-19,-0.74641305,1.1226114,0.32399976,0.050000001,0.014755839,0.26266962,1.2217162e-20,1.12289,0.32263601,0.001
194,-0.27662203,2.0837555e-19,1.1243189e-19,-0.84842086,1.1936352,0.32386369,0.050000001,0.032524358,0.27874276,-7.3110881e-22,1.19391,0.322512,0.001
194,-0.28489041,5.3738983e-19,-1.4949366e-19,-0.95873129,1.2646716,0.32376304,0.050000001,0.053270128,0.29120564,-6.8002825e-21,1.26494,0.322422,0.001
194,-0.29499793,5.7078549e-19,-5.1105477e-19,-1.0752546,1.3357106,0.32368746,0.050000001,0.076944575,0.29920259,-7.4410704e-21,1.3359801,0.322357,0.001
194,-0.30683917,-3.0729752e-19,3.4385257e-19,-1.1952058,1.40676,0.32362843,0.050000001,0.1034008,0.30198625,6.8698901e-21,1.40703,0.322308,0.001
194,-0.32020304,-5.4956158e-19,5.21147e-19,-1.3152916,1.4778183,0.32358134,0.050000001,0.13238637,0.29896083,7.5289212e-21,1.47808,0.32227099,0.001
194,-0.33477569,4.629413e-19,-4.1768609e-19,-1.4319679,1.5488858,0.32354265,0.050000001,0.16355009,0.28973702,-7.1387924e-21,1.54915,0.32224199,0.001
194,-0.35014555,-1.203698e-19,-1.599484e-19,-1.5417989,1.6199597,0.32350877,0.050000001,0.19646159,0.27414736,-5.2072807e-22,1.6202199,0.32221699,0.001
194,-0.36582419,-2.1964347e-19,7.8387042e-19,-1.6419041,1.6910394,0.32347861,0.050000001,0.23063111,0.2522366,8.4129979e-21,1.6913,0.32219601,0.001
194,-0.38127452,-1.6749161e-19,8.8184924e-20,-1.7302712,1.762128,0.32345152,0.050000001,0.26553571,0.22425972,-3.7996691e-22,1.76238,0.32217801,0.001
194,-0.39594075,4.9620606e-19,-9.2744876e-19,-1.8058784,1.8332235,0.32342586,0.050000001,0.30066839,0.19062725,-9.9104469e-21,1.83348,0.32216099,0.001
194,-0.40927148,1.8610768e-19,-6.6603413e-20,-1.8687598,1.9043231,0.32340106,0.050000001,0.33555886,0.15185526,1.1813267e-23,1.90458,0.32214499,0.001
194,-0.42074808,-2.1663546e-19,-9.0526137e-21,-1.9197849,1.9754268,0.32337725,0.050000001,0.3697955,0.10850789,-2.9946239e-23,1.97568,0.32212901,0.001
194,-0.4299086,1.6434111e-20,-1.4952265e-19,-1.9603081,2.0465386,0.32335475,0.050000001,0.40306172,0.061145715,-7.1325986e-22,2.0467899,0.322115,0.001
194,-0.43623,5.6109612e-21,1.5497879e-18,-1.9916335,2.117661,0.32333246,0.050000001,0.43517503,0.010314044,1.1851387e-20,2.1179099,0.32210001,0.001
194,-0.43934062,-5.9991956e-19,-1.3137896e-18,-2.0145736,2.1887872,0.32331106,0.050000001,0.46604368,-0.043458506,-1.012449e-20,2.1890299,0.32208699,0.001
194,-0.439017,5.1332761e-19,1.0429822e-19,-2.028909,2.2599206,0.32328963,0.050000001,0.49558079,-0.099634215,5.052603e-23,2.26017,0.32207301,0.001
194,-0.43499589,1.0424988e-19,-1.0129078e-19,-2.0326898,2.3310566,0.32326907,0.050000001,0.52372402,-0.15758412,1.4521045e-22,2.3313,0.32205999,0.001
194,-0.42712823,-2.7605504e-19,-1.4678939e-18,-2.0223534,2.4022007,0.32324865,0.050000001,0.55042124,-0.21652491,-9.7572642e-21,2.4024401,0.322047,0.001
194,-0.41539359,4.1506835e-19,1.4130377e-18,-1.9933065,2.4733505,0.32322881,0.050000001,0.57555187,-0.27544639,9.6529522e-21,2.4735899,0.322034,0.001
194,-0.39992574,-1.7337638e-19,7.528826e-20,-1.9409153,2.5445058,0.32320976,0.050000001,0.59890652,-0.33309546,-6.578939e-23,2.54475,0.32202199,0.001
194,-0.38103983,-1.2321161e-20,-6.4537232e-20,-1.8617493,2.6156683,0.32319054,0.050000001,0.62018675,-0.38802114,7.0410967e-23,2.6159101,0.32201001,0.001
194,-0.35923725,1.3807856e-18,1.8133336e-18,-1.7547233,2.6868343,0.32317173,0.050000001,0.63903487,-0.43869284,8.0210727e-21,2.6870699,0.321998,0.001
194,-0.33518624,1.5163966e-18,2.1043307e-18,-1.6218343,2.7580066,0.32315332,0.050000001,0.65508479,-0.48366436,8.0044652e-21,2.75824,0.32198599,0.001
194,-0.30967769,-1.5487192e-18,-2.0092835e-18,-1.4682189,2.8291841,0.32313547,0.050000001,0.66801953,-0.52174455,-9.1148268e-21,2.8294201,0.32197499,0.001
194,-0.28355303,-5.9113387e-19,-9.2460853e-19,-1.3014599,2.9003637,0.3231177,0.050000001,0.67762828,-0.55215281,-4.0739348e-21,2.9006,0.32196301,0.001
194,-0.25762534,-5.5230436e-20,4.4189526e-20,-1.1303207,2.9715474,0.32310039,0.050000001,0.68384415,-0.57460481,2.5449655e-22,2.9717801,0.32195199,0.001
194,-0.23260833,-8.8340056e-19,-1.0676279e-18,-0.96334511,3.0427394,0.3230837,0.050000001,0.68674779,-0.58931041,-3.4913165e-21,3.0429699,0.321942,0.001
194,-0.20907059,4.560564e-20,-6.8994915e-20,-0.80773419,3.1139371,0.3230671,0.050000001,0.68654817,-0.59690017,-1.6869927e-22,3.1141701,0.321931,0.001
194,-0.18741511,-8.7870859e-19,-9.5515755e-19,-0.6686132,3.1851392,0.3230511,0.050000001,0.68354785,-0.59830517,-1.9895323e-21,3.18537,0.32192099,0.001
194,-0.16788208,7.5083386e-19,8.4866591e-19,-0.54883122,3.2563457,0.32303524,0.050000001,0.67809176,-0.59461653,1.7398403e-21,3.2565701,0.32191101,0.001
194,-0.15057069,8.8921833e-19,9.7797305e-19,-0.44925651,3.3275554,0.32301977,0.050000001,0.67052442,-0.58695805,2.0230818e-21,3.32778,0.32190099,0.001
194,-0.13547301,-6.2534772e-19,-7.2918484e-19,-0.36930582,3.398771,0.32300442,0.050000001,0.66115487,-0.57639337,-1.4228651e-21,3.3989999,0.32189101,0.001
194,-0.12250867,1.2318229e-19,1.3436458e-19,-0.30762047,3.4699917,0.32298926,0.050000001,0.6502291,-0.56386936,2.395221e-22,3.4702101,0.321881,0.001
194,-0.11155205,-1.445873e-21,-5.8870157e-21,-0.2629554,3.5412149,0.32297471,0.050000001,0.63790751,-0.55020225,-2.6004827e-25,3.54144,0.321872,0.001
194,-0.10245963,6.4731164e-19,8.3926288e-19,-0.23510516,3.6124384,0.32296053,0.050000001,0.62423873,-0.53612196,1.0775669e-21,3.6126599,0.321863,0.001
194,-0.095085941,-6.4297814e-19,-8.0860079e-19,-0.22521685,3.6836708,0.32294649,0.050000001,0.60911816,-0.52235097,-1.0441683e-21,3.6838901,0.321854,0.001
194,-0.089299738,-6.2358975e-19,-8.27244e-19,-0.23453866,3.7549086,0.32293284,0.050000001,0.59226674,-0.50968689,-1.0754489e-21,3.7551301,0.321845,0.001
194,-0.08499451,1.2975225e-18,1.5899311e-18,-0.26101601,3.8261511,0.32291961,0.050000001,0.57328618,-0.49896476,1.988104e-21,3.82637,0.32183701,0.001
194,-0.082094491,-6.9691711e-20,-8.299105e-20,-0.29505605,3.897393,0.32290605,0.050000001,0.55185968,-0.49079743,-1.6036868e-22,3.8976099,0.32182801,0.001
194,-0.080553867,-1.2887523e-18,-1.4758845e-18,-0.31773356,3.9686368,0.32289338,0.050000001,0.52807915,-0.48511609,-1.8561953e-21,3.9688499,0.32181999,0.001
194,-0.080345094,-9.2425058e-20,-5.7069704e-20,-0.30452862,4.0398865,0.32288066,0.050000001,0.50275475,-0.48072264,-4.2489086e-23,4.0401001,0.321812,0.001
194,-0.081432708,5.6638685e-19,6.0137788e-19,-0.23429306,4.1111422,0.32286802,0.050000001,0.47750556,-0.47518137,7.4364804e-22,4.1113601,0.32180399,0.001
194,-0.083737589,6.1152506e-19,6.2319663e-19,-0.098948434,4.1823983,0.32285604,0.050000001,0.45449471,-0.46524861,9.9191749e-22,4.18261,0.321796,0.001
194,-0.087103635,7.158686e-20,1.0765352e-19,0.091922209,4.2536602,0.32284454,0.050000001,0.43588582,-0.44772387,1.7221309e-22,4.25387,0.321789,0.001
194,-0.091280125,-4.7239432e-19,-5.0472736e-19,0.31446153,4.3249288,0.32283264,0.050000001,0.4232868,-0.4203479,-7.5390329e-22,4.32514,0.32178101,0.001
194,-0.095930301,4.5972051e-19,5.5896932e-19,0.53980714,4.3961949,0.32282096,0.050000001,0.41742381,-0.38233367,1.1200181e-21,4.3964,0.32177401,0.001
194,-0.10066717,-8.5821953e-20,-1.458562e-19,0.74371547,4.4674644,0.3228099,0.050000001,0.41815561,-0.3343389,-3.8176695e-22,4.46767,0.321767,0.001
194,-0.10509763,-4.1002697e-19,-4.6053658e-19,0.91170144,4.5387378,0.322799,0.050000001,0.42474777,-0.27804294,-8.7749858e-22,4.53895,0.32176,0.001
194,-0.10886625,-1.5290549e-21,7.6287661e-21,1.0389104,4.610014,0.32278806,0.050000001,0.43620887,-0.21559936,2.1838275e-23,4.61022,0.321753,0.001
194,-0.11168545,-4.1971138e-20,-9.2313996e-20,1.1268362,4.681294,0.3227773,0.050000001,0.45154461,-0.14918596,-2.3648614e-22,4.6815,0.32174599,0.001
194,-0.11334862,-1.9947638e-20,-5.613534e-19,1.1795746,4.7525802,0.32276696,0.050000001,0.46987733,-0.080794275,-1.0795183e-21,4.75279,0.32174,0.001
194,-0.11373258,3.4365905e-21,9.8602352e-21,1.2014865,4.8238659,0.32275677,0.050000001,0.4904626,-0.012165471,5.0489607e-23,4.82407,0.321733,0.001
194,-0.11288396,8.5913712e-20,6.2008369e-19,1.1963707,4.8951535,0.32274705,0.050000001,0.51265937,0.055187203,1.2455692e-21,4.89536,0.32172701,0.001
194,-0.11086518,-7.5173605e-20,1.0375388e-19,1.1674776,4.9664435,0.32273695,0.050000001,0.53590095,0.11993974,1.6177866e-22,4.96665,0.32172,0.001
194,-0.1077483,2.9972329e-19,-8.7454394e-19,1.1178465,5.0377378,0.32272735,0.050000001,0.55968148,0.18096143,-1.3635067e-21,5.03794,0.32171401,0.001
194,-0.10374208,6.5514217e-20,-9.4136417e-20,1.0506227,5.109036,0.32271814,0.050000001,0.58353257,0.23730263,-1.5508296e-22,5.1092401,0.32170799,0.001
194,-0.099081069,-3.4929071e-19,8.9580434e-19,0.96926016,5.1803331,0.32270935,0.050000001,0.60701197,0.28820369,1.3886382e-21,5.1805401,0.32170299,0.001
194,-0.094013967,-1.4630383e-21,1.643535e-20,0.87756848,5.2516375,0.32270047,0.050000001,0.6297158,0.3331317,0,5.2518401,0.321697,0.001
194,-0.0887869,4.8974257e-19,-8.8398621e-19,0.77959681,5.3229418,0.32269132,0.050000001,0.65128839,0.37180206,-9.5508715e-22,5.3231401,0.32169101,0.001
194,-0.083627284,5.742736e-19,-9.5067599e-19,0.67940903,5.3942471,0.32268265,0.050000001,0.67143041,0.40418321,-9.2174073e-22,5.3944502,0.321686,0.001
194,-0.078731857,-5.0448189e-19,8.5081151e-19,0.58081698,5.46556,0.32267386,0.050000001,0.68990922,0.4304859,9.2599861e-22,5.4657602,0.32168001,0.001
194,-0.074258551,-5.5736769e-19,9.1648624e-19,0.48713398,5.5368719,0.32266554,0.050000001,0.70656711,0.45113394,8.9328913e-22,5.5370698,0.321675,0.001
194,-0.070324533,2.1138948e-21,1.149622e-20,0.40096006,5.6081834,0.32265764,0.050000001,0.72132194,0.46672061,0,5.6083798,0.32167,0.001
194,-0.06700822,6.7097464e-19,-9.9718939e-19,0.32405725,5.6795015,0.32264969,0.050000001,0.73416221,0.47795114,-7.4656827e-22,5.6796999,0.32166499,0.001
194,-0.064354911,-3.5297804e-21,1.8339382e-21,0.25736362,5.7508216,0.3226417,0.050000001,0.74513435,0.48558399,5.0034584e-24,5.75102,0.32166001,0.001
194,-0.062383488,-9.5867818e-21,-3.2588674e-20,0.20106038,5.8221416,0.32263392,0.050000001,0.75433105,0.49038112,2.5236773e-23,5.82234,0.32165501,0.001
194,-0.061094236,2.0564715e-20,3.0305309e-21,0.15473834,5.8934612,0.32262632,0.050000001,0.76187456,0.49306491,5.247016e-24,5.8936601,0.32165,0.001
194,-0.060475897,-6.7804858e-19,1.014147e-18,0.11761434,5.9647856,0.32261872,0.050000001,0.76789975,0.49429011,7.0933095e-22,5.9649801,0.32164499,0.001
194,-0.060511749,1.2062217e-21,3.7738875e-21,0.088763759,6.0361137,0.32261148,0.050000001,0.77254057,0.4946329,-8.2432079e-25,6.0363102,0.32164001,0.001
194,-0.061184227,-1.2545445e-20,1.6245969e-20,0.067321807,6.1074395,0.32260472,0.050000001,0.7759155,0.49459344,1.1139689e-23,6.1076298,0.32163599,0.001
194,-0.062478669,-9.8491992e-21,1.6204389e-20,0.052602138,6.1787696,0.32259718,0.050000001,0.77811652,0.49461132,1.1059455e-23,6.1789598,0.32163101,0.001
194,-0.06438598,1.8822272e-20,1.561394e-20,0.044012722,6.250103,0.32259032,0.050000001,0.77920252,0.49508458,1.2069365e-23,6.2502999,0.32162699,0.001
194,-0.06690485,-1.0284342e-19,1.5412323e-19,0.040668495,6.3214374,0.32258391,0.050000001,0.77920282,0.49637347,1.2862055e-22,6.32163,0.321623,0.001
194,-0.070044748,-5.5784352e-19,9.2032642e-19,0.040779892,6.3927712,0.32257697,0.050000001,0.77813339,0.49877122,7.8974473e-22,6.3929601,0.32161799,0.001
194,-0.07382784,-5.5731573e-19,9.2476187e-19,0.040980648,6.4641089,0.32257053,0.050000001,0.77602923,0.50242746,8.4644634e-22,6.4643002,0.321614,0.001
194,-0.078289285,5.4688147e-19,-9.0528662e-19,0.035986941,6.5354495,0.32256424,0.050000001,0.77298552,0.50722694,-7.7678303e-22,6.5356398,0.32161,0.001
194,-0.083475016,-1.5410268e-19,1.3394188e-19,0.018954962,6.6067891,0.32255796,0.050000001,0.76919615,0.51265818,2.9662829e-22,6.6069798,0.32160601,0.001
194,-0.089433953,5.0054185e-21,3.2165564e-21,-0.017367398,6.6781287,0.32255182,0.050000001,0.76497012,0.51772559,-7.9470684e-24,6.6783199,0.32160199,0.001
194,-0.096203595,7.3495726e-19,-1.1644962e-18,-0.078880027,6.7494707,0.32254615,0.050000001,0.76071626,0.52095956,-1.2394738e-21,6.74966,0.32159901,0.001
194,-0.10379066,6.9098729e-19,-1.0400749e-18,-0.16833869,6.8208189,0.32254019,0.050000001,0.75689667,0.52055502,-1.3896801e-21,6.8210101,0.32159501,0.001
194,-0.11214712,4.8253012e-20,-2.3685949e-21,-0.28423393,6.892169,0.32253423,0.050000001,0.75395834,0.51462239,1.0158406e-23,6.8923602,0.32159099,0.001
194,-0.12115397,-1.3632225e-19,1.4121979e-19,-0.42085528,6.9635153,0.32252845,0.050000001,0.75226527,0.5014891,-3.0574987e-23,6.9636998,0.321587,0.001
194,-0.13061343,5.8221113e-19,-1.0088101e-18,-0.56951851,7.0348625,0.32252321,0.050000001,0.75205451,0.47995752,-1.7075413e-21,7.0350499,0.32158399,0.001
194,-0.14025055,5.2158975e-20,-1.3802095e-19,-0.72039235,7.106215,0.3225176,0.050000001,0.75342613,0.44946027,-3.9886814e-22,7.1064,0.32157999,0.001
194,-0.14973339,-5.2954774e-19,1.052033e-18,-0.86433053,7.1775708,0.32251227,0.050000001,0.7563622,0.41007838,1.8101539e-21,7.1777601,0.32157701,0.001
194,-0.15869728,-5.3538598e-19,1.0471194e-18,-0.99406201,7.2489228,0.32250658,0.050000001,0.76076114,0.36245364,1.8870694e-21,7.2491102,0.32157299,0.001
194,-0.16677552,-3.068671e-19,1.0807404e-18,-1.1046338,7.3202782,0.32250139,0.050000001,0.76647896,0.3076345,2.177516e-21,7.3204699,0.32157001,0.001
194,-0.17362604,-9.1904018e-20,4.1359657e-20,-1.1931424,7.3916345,0.32249638,0.050000001,0.77335727,0.24693267,1.8932682e-23,7.39182,0.321567,0.001
194,-0.17895526,2.185856e-19,-1.0612104e-18,-1.2581625,7.4629922,0.32249165,0.050000001,0.78123915,0.18178894,-2.1649286e-21,7.4631801,0.32156399,0.001
194,-0.18253401,-8.4596755e-21,1.3059294e-19,-1.2990801,7.5343523,0.32248688,0.050000001,0.78996712,0.11371172,2.6744886e-22,7.5345402,0.32156101,0.001
194,-0.18421541,-5.93524e-20,-1.2772153e-18,-1.3156703,7.6057119,0.32248157,0.050000001,0.79939306,0.044240803,-2.624598e-21,7.6058998,0.32155699,0.001
194,-0.18393251,1.6043994e-19,9.5990247e-19,-1.307982,7.677072,0.32247651,0.050000001,0.80937612,-0.025096584,1.9942535e-21,7.6772599,0.32155401,0.001
194,-0.18171272,5.8138635e-20,1.2819463e-18,-1.2763711,7.7484365,0.32247186,0.050000001,0.819745,-0.092793822,2.5927381e-21,7.74862,0.321551,0.001
194,-0.17767404,-9.4663583e-20,-1.274279e-18,-1.2217687,7.8198047,0.32246792,0.050000001,0.83029217,-0.15737706,-2.5505147e-21,7.8199902,0.321549,0.001
194,-0.17200819,3.8779127e-19,1.1555929e-18,-1.1460514,7.8911691,0.32246345,0.050000001,0.84078771,-0.21746807,2.0601347e-21,7.8913498,0.32154599,0.001
194,-0.16497894,-5.7303486e-20,1.7117753e-19,-1.0522414,7.9625344,0.32245874,0.050000001,0.85098457,-0.27186954,2.7125809e-22,7.9627199,0.32154301,0.001
194,-0.16075701,-1.966032e-19,-4.442267e-19,-0.99599141,7.9998169,0.32245642,0.050000001,0.85601991,-0.29682499,-8.1143263e-22,8,0.32154143,0.001
194,-0.25372556,4.864399e-19,-7.0568055e-19,-0.70438933,0.99841893,0.41486087,0.050000001,0.074880429,0.21013968,-2.2625034e-21,1,0.41342059,0.001
194,-0.256459,-8.0942482e-19,-1.4488535e-19,-0.7600944,1.0487686,0.41459703,0.050000001,0.087236427,0.22247265,8.6487275e-21,1.0503401,0.41316599,0.001
194,-0.26210609,-3.1849156e-18,1.4396122e-18,-0.84656638,1.1197855,0.41430494,0.050000001,0.10717308,0.23798482,3.4865857e-20,1.12135,0.41288599,0.001
194,-0.26965541,-2.1786388e-18,2.5117168e-18,-0.94017726,1.1908191,0.41407159,0.050000001,0.12966645,0.25078413,2.4979252e-20,1.1923701,0.412664,0.001
194,-0.27914044,3.0453686e-18,-2.2532559e-18,-1.0395628,1.2618676,0.41388062,0.050000001,0.1546835,0.2600612,-3.4267837e-20,1.2634,0.41248399,0.001
194,-0.29050434,2.6795951e-18,-2.8827193e-18,-1.1427804,1.3329247,0.41371998,0.050000001,0.18210723,0.26507303,-2.9893645e-20,1.33445,0.412334,0.001
194,-0.3035875,-5.0316656e-18,5.1505757e-18,-1.2474105,1.4039909,0.4135806,0.050000001,0.21172774,0.2651858,6.0921671e-20,1.4055001,0.41220501,0.001
194,-0.31812799,-2.7311593e-18,4.2279976e-18,-1.3507873,1.4750681,0.41345596,0.050000001,0.24324849,0.25991461,3.6309623e-20,1.47657,0.41209,0.001
194,-0.33376619,2.9318368e-18,-3.0088062e-18,-1.4502116,1.5461524,0.41334197,0.050000001,0.27629569,0.24895555,-3.6653281e-20,1.54764,0.41198501,0.001
194,-0.35005811,1.9946898e-18,-3.6806291e-18,-1.5432281,1.6172441,0.41323566,0.050000001,0.31044349,0.23219535,-2.8498776e-20,1.6187201,0.411888,0.001
194,-0.36649641,-1.9282521e-18,5.3750258e-18,-1.6279261,1.6883394,0.41313466,0.050000001,0.34523574,0.20970339,4.5126283e-20,1.68981,0.411796,0.001
194,-0.38253677,1.0840711e-18,-4.3912471e-18,-1.7031615,1.7594433,0.41303828,0.050000001,0.38021809,0.18171282,-3.6736338e-20,1.7609,0.411708,0.001
194,-0.39762533,9.7319236e-19,-2.1880962e-19,-1.7686273,1.8305553,0.41294551,0.050000001,0.41497186,0.14857614,-3.3287117e-21,1.832,0.41162401,0.001
194,-0.41122004,-9.6025484e-19,4.2956043e-18,-1.8247541,1.9016705,0.41285479,0.050000001,0.44913337,0.11072034,3.1641675e-20,1.90311,0.411542,0.001
194,-0.42281249,6.2951345e-19,-4.6104086e-18,-1.872506,1.9727925,0.41276667,0.050000001,0.48240936,0.068603262,-3.6022859e-20,1.97422,0.41146201,0.001
194,-0.43193683,1.6183167e-20,3.4593191e-20,-1.9129772,2.0439222,0.41268072,0.050000001,0.51460564,0.022695744,5.1083542e-22,2.0453401,0.41138399,0.001
194,-0.43815857,-9.3418356e-19,-4.3939086e-18,-1.946782,2.1150591,0.41259658,0.050000001,0.54559779,-0.026527606,-2.8420162e-20,2.1164601,0.41130701,0.001
194,-0.44109306,-1.8365631e-18,-8.1520386e-18,-1.9735962,2.1862023,0.41251469,0.050000001,0.57530445,-0.078633286,-4.8810503e-20,2.1875999,0.41123301,0.001
194,-0.44044459,1.4299197e-18,5.5088508e-18,-1.9916351,2.2573488,0.41243398,0.050000001,0.60366607,-0.13312958,3.9596322e-20,2.2587299,0.41115999,0.001
194,-0.43598261,4.1313312e-18,1.3344165e-17,-1.9973357,2.3285019,0.41235474,0.050000001,0.63058943,-0.18934998,7.7621052e-20,2.32988,0.41108799,0.001
194,-0.42757365,2.8490927e-18,6.175448e-18,-1.9858569,2.3996599,0.41227752,0.050000001,0.65590131,-0.2464162,2.5030965e-20,2.4010301,0.41101801,0.001
194,-0.41521704,-2.2655451e-18,-4.9969658e-18,-1.9519458,2.4708216,0.41220185,0.050000001,0.67932993,-0.30320317,-2.7739014e-20,2.4721799,0.41094899,0.001
194,-0.39907566,-3.2033245e-18,-6.9965443e-18,-1.8910257,2.5419891,0.41212788,0.050000001,0.70051152,-0.35834935,-3.503548e-20,2.54334,0.410882,0.001
194,-0.3795023,8.5802663e-20,-1.8376796e-19,-1.8005269,2.6131673,0.41205567,0.050000001,0.71901268,-0.41032445,5.1403696e-22,2.6145101,0.410817,0.001
194,-0.35704091,1.3870784e-18,1.8417941e-18,-1.6809367,2.6843472,0.41198426,0.050000001,0.73439187,-0.45757535,8.2260139e-21,2.6856799,0.410752,0.001
194,-0.3323971,1.3946235e-18,2.0509261e-18,-1.53616,2.755533,0.41191447,0.050000001,0.74627572,-0.49871212,7.6600431e-21,2.75686,0.410689,0.001
194,-0.30638647,-1.2053586e-18,-1.6888833e-18,-1.3731049,2.8267252,0.4118464,0.050000001,0.75441968,-0.53267521,-7.8512623e-21,2.8280399,0.41062701,0.001
194,-0.27985668,-4.1935056e-19,-6.3094664e-19,-1.2005844,2.8979185,0.41177973,0.050000001,0.75875574,-0.55886394,-3.7893095e-21,2.89923,0.41056699,0.001
194,-0.25360996,-5.8733062e-18,-7.7981551e-18,-1.0279125,2.969116,0.41171384,0.050000001,0.75940359,-0.57718563,-2.0045643e-20,2.9704199,0.41050699,0.001
194,-0.22833456,-5.3787461e-19,-8.9027257e-19,-0.86345822,3.0403221,0.41164979,0.050000001,0.75664937,-0.58802629,-2.2067482e-21,3.04162,0.410449,0.001
194,-0.20456733,5.7731996e-18,7.779254e-18,-0.7136451,3.1115294,0.41158712,0.050000001,0.75089663,-0.59214497,1.9741778e-20,3.1128199,0.41039199,0.001
194,-0.182676,-6.4787317e-18,-8.1891187e-18,-0.58249038,3.1827433,0.41152543,0.050000001,0.74260998,-0.59053987,-1.6052395e-20,3.1840301,0.41033599,0.001
194,-0.16287145,1.1017037e-18,1.0674505e-18,-0.47171837,3.2539637,0.41146517,0.050000001,0.73225701,-0.58430988,2.5145067e-21,3.25524,0.41028199,0.001
194,-0.14523071,6.3174753e-18,8.1481368e-18,-0.38117665,3.3251834,0.41140607,0.050000001,0.72026187,-0.57453823,1.5741656e-20,3.3264501,0.41022801,0.001
194,-0.12973113,-8.7401258e-19,-8.5159376e-19,-0.30945674,3.3964093,0.41134843,0.050000001,0.70697618,-0.56221151,-1.8583826e-21,3.39767,0.41017601,0.001
194,-0.1162844,-8.9402052e-21,-2.2997579e-20,-0.25453073,3.4676428,0.41129187,0.050000001,0.69266099,-0.54817808,-1.7698087e-23,3.4689,0.41012499,0.001
194,-0.1047627,1.8825713e-20,3.8160252e-20,-0.21440706,3.5388765,0.41123608,0.050000001,0.67748398,-0.53313816,-1.1357263e-23,3.5401299,0.410074,0.001
194,-0.095021032,-4.2861298e-18,-5.8567034e-18,-0.18788114,3.6101143,0.41118181,0.050000001,0.66151273,-0.51767206,-6.4488321e-21,3.6113601,0.410025,0.001
194,-0.08691375,4.4831419e-18,5.9839718e-18,-0.17526083,3.6813605,0.41112867,0.050000001,0.64469117,-0.50230688,6.3597349e-21,3.6826,0.40997699,0.001
194,-0.080307156,3.9554627e-18,5.485495e-18,-0.17844287,3.7526088,0.41107666,0.050000001,0.62680805,-0.48762089,5.9751072e-21,3.75384,0.40992999,0.001
194,-0.075088993,-3.1902501e-18,-4.3918117e-18,-0.19917621,3.823859,0.41102538,0.050000001,0.6074782,-0.47431743,-4.454906e-21,3.8250799,0.40988299,0.001
194,-0.071176052,4.546056e-18,5.9419109e-18,-0.2351525,3.8951104,0.41097528,0.050000001,0.58621609,-0.46315351,5.8395066e-21,3.8963301,0.40983799,0.001
194,-0.068518817,-1.4564661e-18,-1.6310922e-18,-0.27575314,3.9663639,0.41092607,0.050000001,0.56266588,-0.4546299,-2.136509e-21,3.9675801,0.40979299,0.001
194,-0.067095958,-8.6394796e-18,-1.1087681e-17,-0.30099851,4.037622,0.41087815,0.050000001,0.53694862,-0.44849393,-1.1075809e-20,4.0388298,0.40975001,0.001
194,-0.066896401,4.9900824e-18,5.7892787e-18,-0.28642491,4.1088853,0.41083089,0.050000001,0.50996125,-0.4433234,6.5824739e-21,4.1100898,0.40970701,0.001
194,-0.067887031,3.1205107e-19,7.3381415e-19,-0.21275036,4.1801577,0.41078505,0.050000001,0.48341775,-0.43651003,2.852102e-22,4.1813598,0.409666,0.001
194,-0.069975726,-3.8986023e-18,-4.647276e-18,-0.075172029,4.25143,0.41073999,0.050000001,0.45951933,-0.424795,-5.0319691e-21,4.2526202,0.40962499,0.001
194,-0.072983548,3.3771375e-18,3.8908297e-18,0.11343227,4.3227038,0.41069534,0.050000001,0.44037798,-0.40517026,4.3923448e-21,4.3238902,0.40958399,0.001
194,-0.076640159,3.9549327e-19,4.7993805e-19,0.32747,4.39398,0.41065192,0.050000001,0.42747536,-0.37572601,1.0486497e-21,4.3951602,0.409545,0.001
194,-0.080607526,2.964276e-18,4.2665554e-18,0.53852707,4.4652591,0.41060981,0.050000001,0.4213843,-0.3360557,6.8573152e-21,4.4664402,0.40950701,0.001
194,-0.084521048,-5.9446239e-19,-6.6524724e-19,0.72431964,4.5365429,0.41056812,0.050000001,0.42184523,-0.28712672,-1.4534229e-21,4.5377202,0.40946901,0.001
194,-0.088035509,-2.8596589e-18,-4.1393661e-18,0.87281513,4.6078291,0.4105272,0.050000001,0.42806634,-0.23079118,-6.6527786e-21,4.6090002,0.40943199,0.001
194,-0.090862028,5.0864253e-21,-7.3868127e-20,0.98118192,4.6791143,0.41048709,0.050000001,0.43905544,-0.16923448,-5.5642531e-23,4.6802802,0.40939599,0.001
194,-0.09278857,-4.736654e-20,-6.6058768e-19,1.0520704,4.7504086,0.41044742,0.050000001,0.45385191,-0.10459086,-1.3185637e-21,4.7515702,0.40935999,0.001
194,-0.093685903,-1.3674615e-20,-7.8132269e-20,1.0900861,4.8217049,0.41040903,0.050000001,0.47160602,-0.038775008,-1.1002531e-23,4.8228598,0.409325,0.001
194,-0.093516305,-6.7635152e-19,5.8160297e-18,1.0998025,4.8930011,0.41037145,0.050000001,0.49159929,0.026566148,9.0797459e-21,4.8941498,0.409291,0.001
194,-0.092318907,1.3164768e-18,-5.4291776e-18,1.085119,4.9643002,0.41033462,0.050000001,0.51323044,0.090038173,-7.9203117e-21,4.9654498,0.40925801,0.001
194,-0.090188138,9.3463778e-19,-5.5584837e-18,1.0493283,5.0356007,0.41029856,0.050000001,0.53594846,0.15045048,-8.330439e-21,5.0367398,0.40922499,0.001
194,-0.087278597,-1.2327882e-18,5.041818e-18,0.99552399,5.1069045,0.41026309,0.050000001,0.55923402,0.20680177,7.26512e-21,5.1080399,0.40919301,0.001
194,-0.083779655,-3.2194167e-19,8.4543897e-19,0.92698771,5.1782117,0.41022798,0.050000001,0.58260787,0.25828543,1.2160813e-21,5.1793499,0.409161,0.001
194,-0.079902872,-1.9498511e-20,5.7861109e-20,0.84726036,5.2495222,0.41019434,0.050000001,0.60562462,0.30430874,0,5.2506499,0.40913099,0.001
194,-0.075862482,4.1787812e-18,-7.346009e-18,0.76007468,5.3208342,0.41016066,0.050000001,0.62788391,0.34451917,-7.0348989e-21,5.32196,0.4091,0.001
194,-0.071859606,4.26219e-19,-6.8189999e-19,0.66922802,5.3921456,0.41012836,0.050000001,0.64903641,0.37880039,-6.4002635e-22,5.39327,0.409071,0.001
194,-0.06807106,2.1232691e-19,1.6879458e-19,0.57835245,5.4634638,0.41009629,0.050000001,0.66879714,0.40727115,1.252541e-21,5.4645801,0.409042,0.001
194,-0.064641908,-6.9864838e-19,1.1276379e-18,0.49066663,5.5347862,0.41006458,0.050000001,0.6869536,0.4302586,1.0676975e-21,5.5359001,0.409013,0.001
194,-0.061682731,5.632993e-19,-6.9418233e-19,0.40878162,5.6061077,0.41003367,0.050000001,0.70336741,0.44825929,1.5265631e-22,5.6072202,0.40898499,0.001
194,-0.059270322,-4.250961e-18,6.6742246e-18,0.33459568,5.6774321,0.41000336,0.050000001,0.71797335,0.46189219,4.4247603e-21,5.6785402,0.40895799,0.001
194,-0.057451997,5.6844844e-19,-8.0274027e-19,0.26927486,5.7487555,0.40997359,0.050000001,0.73077059,0.47184664,-2.0307083e-22,5.7498598,0.40893099,0.001
194,-0.056251314,4.3452943e-18,-6.834433e-18,0.21329685,5.8200793,0.40994418,0.050000001,0.74181163,0.47883433,-4.5385138e-21,5.8211799,0.40890399,0.001
194,-0.055674851,-4.545477e-18,7.1394488e-18,0.16656515,5.8914065,0.4099153,0.050000001,0.75118625,0.48354715,4.6575911e-21,5.8925099,0.408878,0.001
194,-0.05571847,4.2985181e-18,-6.7667183e-18,0.12862109,5.9627371,0.40988737,0.050000001,0.75900531,0.48662865,-4.3013658e-21,5.96383,0.40885299,0.001
194,-0.056372616,-2.1406931e-19,2.8816354e-19,0.09884198,6.0340691,0.40985996,0.050000001,0.76538634,0.48866421,2.0065845e-22,6.0351601,0.40882799,0.001
194,-0.05762694,1.9247388e-19,-3.5998114e-19,0.076599263,6.1054034,0.40983337,0.050000001,0.77043802,0.49017805,-5.0006637e-22,6.1064901,0.408804,0.001
194,-0.059473794,-2.2434971e-19,3.4095666e-19,0.061322182,6.1767406,0.40980688,0.050000001,0.77424824,0.49164373,2.5352861e-22,6.1778302,0.40878001,0.001
194,-0.061910629,-4.8011622e-18,7.5938514e-18,0.052328169,6.2480793,0.40978077,0.050000001,0.77687937,0.49349436,5.1296099e-21,6.2491598,0.40875599,0.001
194,-0.064943276,5.7735869e-20,-7.7441974e-20,0.048386991,6.3194189,0.40975547,0.050000001,0.7783761,0.49611104,-4.4671297e-23,6.3204999,0.40873301,0.001
194,-0.068588205,-5.759324e-18,8.9409142e-18,0.047152773,6.3907585,0.40973058,0.050000001,0.77878356,0.49977714,7.5507235e-21,6.39184,0.40871099,0.001
194,-0.072874278,-5.7320113e-18,8.846475e-18,0.044650596,6.4621024,0.40970579,0.050000001,0.77818173,0.50459033,7.8802654e-21,6.4631801,0.40868801,0.001
194,-0.077842899,5.8337587e-18,-9.0204335e-18,0.035166487,6.5334463,0.40968189,0.050000001,0.77672088,0.51034331,-7.6724863e-21,6.5345201,0.408667,0.001
194,-0.083544895,5.0040353e-18,-7.802219e-18,0.011828389,6.6047926,0.40965781,0.050000001,0.77464765,0.51641023,-6.8021186e-21,6.6058602,0.408645,0.001
194,-0.090031393,1.7993324e-20,3.6216969e-20,-0.032117993,6.6761403,0.40963456,0.050000001,0.77230912,0.52168906,7.6518293e-24,6.6772099,0.40862399,0.001
194,-0.097338066,6.0484592e-18,-9.0048461e-18,-0.10164171,6.7474861,0.40961224,0.050000001,0.77012551,0.52464718,-1.094618e-20,6.7485499,0.408604,0.001
194,-0.10546619,5.313178e-19,-8.9891547e-19,-0.19840854,6.8188381,0.40958974,0.050000001,0.76853549,0.52348387,-1.0521725e-21,6.8199,0.40858299,0.001
194,-0.11435989,-5.0493053e-18,7.5745301e-18,-0.31998247,6.8901925,0.40956795,0.050000001,0.76793224,0.51638407,9.3621772e-21,6.8912501,0.408564,0.001
194,-0.1238898,-3.8790722e-20,5.2521568e-20,-0.46016502,6.9615464,0.40954623,0.050000001,0.76860762,0.50180054,-2.7258752e-22,6.9626002,0.408544,0.001
194,-0.13384607,6.3432723e-19,-1.1570022e-18,-0.61029959,7.0329022,0.40952545,0.050000001,0.77072215,0.47868067,-1.778965e-21,7.0339599,0.40852499,0.001
194,-0.14394352,-4.1705619e-18,8.0027152e-18,-0.76099825,7.1042562,0.40950471,0.050000001,0.77430695,0.4465887,1.4228287e-20,7.10531,0.40850601,0.001
194,-0.15384072,-4.0385352e-18,9.0262618e-18,-0.90376598,7.175612,0.40948448,0.050000001,0.77929127,0.40569916,1.6577538e-20,7.1766601,0.40848801,0.001
194,-0.16316475,4.9432174e-19,1.3166129e-18,-1.0319849,7.2469716,0.4094643,0.050000001,0.78553891,0.35670093,3.5682374e-21,7.2480202,0.40847,0.001
194,-0.17153959,8.5319689e-19,1.3947755e-18,-1.1411227,7.3183336,0.40944454,0.050000001,0.79288512,0.30065894,3.6428376e-21,7.3193798,0.408452,0.001
194,-0.17861441,2.944051e-18,-8.1421356e-18,-1.2284209,7.3896956,0.40942571,0.050000001,0.80116159,0.23887649,-1.6248601e-20,7.3907399,0.40843499,0.001
194,-0.18408975,2.5397871e-18,-9.2752507e-18,-1.2923225,7.4610577,0.40940663,0.050000001,0.81020683,0.17278409,-1.8484748e-20,7.4621,0.40841699,0.001
194,-0.18773676,1.1122384e-20,-1.4897143e-19,-1.3318975,7.5324221,0.40938836,0.050000001,0.81987715,0.10388715,-7.457956e-23,7.5334601,0.40840101,0.001
194,-0.18940556,-2.9524709e-20,-1.1855893e-18,-1.3465692,7.603786,0.40936998,0.050000001,0.83001411,0.033741001,-2.4248016e-21,7.6048198,0.408384,0.001
194,-0.18898056,6.865959e-20,1.0747504e-18,-1.3361638,7.6751513,0.40935171,0.050000001,0.84042841,-0.036099467,2.2322063e-21,7.6761899,0.40836799,0.001
194,-0.1864924,9.374728e-20,1.0361914e-18,-1.3009628,7.7465172,0.40933388,0.050000001,0.85093778,-0.10409581,2.3260745e-21,7.74755,0.40835199,0.001
194,-0.18211509,2.3633793e-18,7.9587662e-18,-1.241894,7.8178897,0.40931666,0.050000001,0.86134905,-0.16874568,1.4237672e-20,7.8189201,0.40833601,0.001
194,-0.17604998,2.4897692e-19,9.8445929e-19,-1.1609583,7.8892593,0.40929982,0.050000001,0.87142956,-0.22863384,1.3552407e-21,7.8902898,0.40832099,0.001
194,-0.16857299,-2.3152616e-18,-8.8045766e-18,-1.0614806,7.9606252,0.40928322,0.050000001,0.88093048,-0.2825357,-1.6028334e-20,7.9616499,0.408306,0.001
194,-0.16397306,-1.2704586e-18,-4.7796775e-18,-1.0005475,7.9989748,0.4092744,0.050000001,0.88559169,-0.30777684,-8.5462023e-21,8,0.40829796,0.001
194,-0.2459355,-2.9961275e-19,3.0701599e-19,-0.80310398,1.0009588,0.51072562,0.050000001,0.16865021,0.18334042,6.6264045e-21,1,0.51302087,0.001
194,-0.24850914,1.9518697e-19,-2.2463679e-19,-0.83984172,1.0416631,0.51042122,0.050000001,0.18133743,0.19177069,-2.4921825e-21,1.04071,0.51270801,0.001
194,-0.25485843,-2.1900548e-18,1.1582562e-18,-0.9115172,1.1127225,0.50998068,0.050000001,0.20561115,0.20461717,2.2162028e-20,1.11178,0.51225299,0.001
194,-0.26313764,-3.550078e-18,4.2138317e-18,-0.98975319,1.1838026,0.50960678,0.050000001,0.23200127,0.21485946,3.8822119e-20,1.18287,0.51186502,0.001
194,-0.27334037,3.2658166e-18,-2.9225788e-18,-1.0731478,1.2548991,0.5092814,0.050000001,0.26041916,0.22178754,-3.6254483e-20,1.25397,0.51152498,0.001
194,-0.28537139,4.8043746e-18,-6.5621698e-18,-1.1599388,1.3260061,0.50899184,0.050000001,0.29070348,0.22475816,-5.5317096e-20,1.32508,0.51122099,0.001
194,-0.29903921,-4.9980341e-18,4.5818043e-18,-1.2481135,1.3971212,0.50872743,0.050000001,0.32261562,0.22323011,5.442082e-20,1.39621,0.51094198,0.001
194,-0.31405553,-3.5255641e-18,5.8942736e-18,-1.3355627,1.4682457,0.5084818,0.050000001,0.35585082,0.21679243,4.4986059e-20,1.46734,0.51068199,0.001
194,-0.33004618,2.3653099e-18,-2.2151156e-18,-1.4202474,1.5393782,0.50825012,0.050000001,0.39005423,0.20518757,-2.6795317e-20,1.53848,0.510436,0.001
194,-0.34656262,2.4381343e-18,-3.9487303e-18,-1.5004357,1.6105146,0.50802922,0.050000001,0.42484033,0.18831797,-3.0486898e-20,1.60962,0.51020098,0.001
194,-0.36310488,-2.2829962e-18,7.0583462e-18,-1.5748827,1.6816566,0.50781679,0.050000001,0.45982087,0.16623473,5.159456e-20,1.68077,0.50997502,0.001
194,-0.37914219,1.2723707e-18,-3.5891888e-18,-1.6428804,1.7528064,0.5076108,0.050000001,0.49462742,0.13911834,-3.258488e-20,1.75193,0.50975502,0.001
194,-0.39413425,1.593654e-18,-6.972264e-18,-1.7043113,1.8239605,0.50741065,0.050000001,0.52893633,0.10724873,-4.1939414e-20,1.82309,0.50954098,0.001
194,-0.40755439,-1.5259826e-18,5.2097026e-18,-1.7595521,1.8951215,0.50721556,0.050000001,0.56248623,0.070963979,3.9664422e-20,1.89425,0.50933301,0.001
194,-0.41890371,5.856782e-19,-5.1529353e-18,-1.8092346,1.9662918,0.50702494,0.050000001,0.59509206,0.030625783,-3.8606212e-20,1.96543,0.50912899,0.001
194,-0.42770469,2.1067355e-20,-7.2609255e-20,-1.8535895,2.0374627,0.50683868,0.050000001,0.62664407,-0.013392293,5.2299585e-22,2.0366001,0.50893003,0.001
194,-0.43360725,-3.7924241e-19,-1.2586079e-18,-1.8918816,2.1086404,0.50665683,0.050000001,0.65702468,-0.06070796,-1.3139956e-20,2.10779,0.50873601,0.001
194,-0.43622878,-1.0175843e-18,-6.0751168e-18,-1.9221289,2.1798213,0.50647861,0.050000001,0.68608493,-0.11087187,-3.6756216e-20,2.1789701,0.50854498,0.001
194,-0.43517977,-7.2043745e-19,5.8946741e-19,-1.9409044,2.2510085,0.50630385,0.050000001,0.71370596,-0.16331795,1.5609628e-20,2.25017,0.508358,0.001
194,-0.43026456,3.4414851e-18,1.2746722e-17,-1.9435281,2.3221993,0.50613308,0.050000001,0.73968738,-0.21729358,7.5614855e-20,2.3213601,0.50817603,0.001
194,-0.42137426,4.3142217e-18,1.2614725e-17,-1.924688,2.3933971,0.50596577,0.050000001,0.76368839,-0.27182037,5.9758655e-20,2.39257,0.50799698,0.001
194,-0.40853712,-2.2648517e-18,-5.6695749e-18,-1.8794392,2.4645977,0.5058018,0.050000001,0.78526306,-0.32566702,-3.5738429e-20,2.4637699,0.50782102,0.001
194,-0.39195579,-5.5073631e-18,-1.2567833e-17,-1.8044277,2.5358014,0.50564176,0.050000001,0.80390078,-0.37740603,-5.6546778e-20,2.5349801,0.50765002,0.001
194,-0.37202555,8.2347723e-20,-4.0780893e-19,-1.6990088,2.6070137,0.50548494,0.050000001,0.81907874,-0.42550948,4.1614705e-22,2.6062,0.50748199,0.001
194,-0.34932855,2.4041347e-18,4.7761752e-18,-1.5658416,2.67823,0.50533104,0.050000001,0.83034712,-0.46850306,1.8284003e-20,2.6774199,0.50731701,0.001
194,-0.32459441,-2.2752011e-19,-2.016708e-19,-1.410836,2.7494483,0.50518042,0.050000001,0.83740938,-0.50514811,-1.0108018e-21,2.7486401,0.50715601,0.001
194,-0.29863748,4.1425454e-20,-1.2651263e-19,-1.2423371,2.8206747,0.50503302,0.050000001,0.84017479,-0.53458887,-1.1784071e-22,2.81987,0.506998,0.001
194,-0.27228382,3.4862085e-18,5.3855165e-18,-1.0697546,2.8919072,0.50488889,0.050000001,0.83878034,-0.55644238,1.3179598e-20,2.8911099,0.50684398,0.001
194,-0.24629681,-5.4840313e-18,-7.3854209e-18,-0.90209216,2.9631395,0.50474727,0.050000001,0.8335703,-0.57080978,-1.9471869e-20,2.9623401,0.50669199,0.001
194,-0.22131249,-3.5160941e-18,-5.5823396e-18,-0.74668688,3.0343773,0.50460905,0.050000001,0.82504338,-0.57821578,-1.3291199e-20,3.0335901,0.50654399,0.001
194,-0.1978178,5.5172868e-18,7.6164591e-18,-0.60858744,3.1056154,0.50447375,0.050000001,0.81378317,-0.57948822,1.9767373e-20,3.10483,0.50639898,0.001
194,-0.1761359,-5.4294465e-18,-7.1554175e-18,-0.49037901,3.1768594,0.50434101,0.050000001,0.80038548,-0.57562625,-1.3870788e-20,3.17608,0.506257,0.001
194,-0.15644343,3.2372526e-18,4.4638851e-18,-0.39251125,3.2481079,0.50421089,0.050000001,0.78540164,-0.56767356,7.0954155e-21,3.24733,0.506118,0.001
194,-0.13879795,5.7442656e-18,7.8528234e-18,-0.31386489,3.3193598,0.50408375,0.050000001,0.76929832,-0.55661964,1.4644585e-20,3.3185899,0.50598198,0.001
194,-0.12316944,-6.1709117e-18,-8.7532236e-18,-0.25241923,3.3906159,0.50395906,0.050000001,0.75243807,-0.54333889,-1.2432444e-20,3.3898499,0.50584799,0.001
194,-0.10946853,6.0165072e-20,-4.1707658e-20,-0.20580539,3.461874,0.50383687,0.050000001,0.73507398,-0.52856243,1.0279087e-22,3.4611101,0.50571698,0.001
194,-0.09757138,2.9855703e-18,4.363269e-18,-0.17174901,3.5331354,0.50371724,0.050000001,0.71735615,-0.51287585,5.4554355e-21,3.5323801,0.50558901,0.001
194,-0.087340683,-4.726096e-18,-6.4773424e-18,-0.14850126,3.6044037,0.50360048,0.050000001,0.69934356,-0.49674144,-7.3015039e-21,3.6036501,0.50546402,0.001
194,-0.078637928,6.8720217e-18,9.5984334e-18,-0.13539974,3.6756771,0.5034861,0.050000001,0.68100351,-0.48053709,9.6663817e-21,3.6749201,0.50534099,0.001
194,-0.071333408,2.2968498e-18,2.9152442e-18,-0.1335229,3.7469511,0.50337392,0.050000001,0.66219467,-0.46463284,4.3505443e-21,3.7462001,0.50522101,0.001
194,-0.065314777,-9.8927302e-18,-1.4179082e-17,-0.14559542,3.8182247,0.50326377,0.050000001,0.64262801,-0.44949794,-1.3394587e-20,3.8174801,0.50510299,0.001
194,-0.060493641,6.6618984e-18,9.1486019e-18,-0.17401677,3.8895006,0.50315624,0.050000001,0.62184191,-0.43576735,8.5790819e-21,3.8887601,0.50498801,0.001
194,-0.056811355,4.9252749e-18,7.4022615e-18,-0.21679871,3.9607811,0.50305092,0.050000001,0.59927803,-0.42415372,5.6451026e-21,3.9600401,0.504875,0.001
194,-0.054240044,-6.0314892e-18,-7.4456214e-18,-0.26327538,4.0320649,0.50294781,0.050000001,0.5745219,-0.41511521,-8.3822364e-21,4.0313301,0.50476402,0.001
194,-0.052775286,1.5402435e-18,1.18119e-18,-0.2932491,4.103353,0.50284678,0.050000001,0.54766554,-0.40835351,2.5218903e-21,4.1026201,0.50465602,0.001
194,-0.052414998,-1.701413e-18,-2.135959e-18,-0.28233442,4.1746497,0.50274718,0.050000001,0.51961285,-0.40240741,-2.0602155e-21,4.1739202,0.50454903,0.001
194,-0.053126842,-4.3034324e-18,-5.1931379e-18,-0.21199629,4.2459459,0.50265032,0.050000001,0.49211004,-0.39467305,-5.6895579e-21,4.2452202,0.50444502,0.001
194,-0.054815043,4.0896517e-18,4.7060907e-18,-0.078718193,4.3172383,0.50255579,0.050000001,0.46738869,-0.38197422,5.6147106e-21,4.3165102,0.50434399,0.001
194,-0.057299495,3.9305955e-21,5.7471794e-21,0.10339107,4.388535,0.50246269,0.050000001,0.447568,-0.36146593,1.3843076e-23,4.3878198,0.50424403,0.001
194,-0.060317252,2.7638751e-18,4.0664302e-18,0.30804828,4.4598379,0.50237155,0.050000001,0.43410674,-0.33144805,6.550253e-21,4.4591198,0.50414598,0.001
194,-0.063551746,1.1612287e-19,2.3481683e-19,0.50698733,4.5311437,0.50228214,0.050000001,0.42753553,-0.29171482,2.5123198e-22,4.5304298,0.50405002,0.001
194,-0.066676617,-1.7278836e-18,-1.7435286e-18,0.6788016,4.6024499,0.5021947,0.050000001,0.42755097,-0.24337848,-3.6869124e-21,4.6017399,0.50395602,0.001
194,-0.069400288,8.3386682e-19,2.5840715e-18,0.81263053,4.6737576,0.50210881,0.050000001,0.43332738,-0.18835874,3.3060196e-21,4.6730499,0.50386399,0.001
194,-0.071498521,-1.1448162e-18,-2.4920253e-18,0.906744,4.7450719,0.50202477,0.050000001,0.44385532,-0.12884128,-3.1976256e-21,4.74437,0.50377399,0.001
194,-0.072833888,-8.2584689e-19,-2.6576149e-18,0.96467,4.8163867,0.50194275,0.050000001,0.45816016,-0.066919945,-3.3090076e-21,4.81568,0.50368601,0.001
194,-0.073280334,-7.6434161e-19,4.8766987e-18,0.99162102,4.8877025,0.50186175,0.050000001,0.47540653,-0.0044034207,7.3710274e-21,4.8870001,0.50359899,0.001
194,-0.072842382,1.8733521e-18,-7.7976488e-18,0.99245143,4.9590211,0.50178266,0.050000001,0.49489906,0.057168271,-1.0322627e-20,4.9583201,0.50351399,0.001
194,-0.071646184,8.4304542e-19,-5.4099899e-18,0.97122908,5.0303426,0.50170541,0.050000001,0.51602614,0.11648428,-7.9969164e-21,5.0296502,0.50343102,0.001
194,-0.069790758,-1.9501507e-18,8.1751807e-18,0.93148535,5.101665,0.50162947,0.050000001,0.53823197,0.17246799,1.0835064e-20,5.1009698,0.50335002,0.001
194,-0.067422658,-1.8357728e-20,1.2192939e-19,0.87652135,5.1729913,0.50155479,0.050000001,0.56100935,0.22426105,1.2014703e-23,5.1722999,0.50326997,0.001
194,-0.064714335,1.727724e-18,-3.4418963e-18,0.80965173,5.2443194,0.50148219,0.050000001,0.58388186,0.27120861,-2.934984e-21,5.2436299,0.50319201,0.001
194,-0.061845753,5.4850806e-18,-9.7830618e-18,0.73429561,5.3156476,0.50141066,0.050000001,0.60641086,0.31287831,-8.5677389e-21,5.31496,0.503115,0.001
194,-0.058990054,-1.590761e-18,3.1755319e-18,0.65392667,5.3869777,0.50134087,0.050000001,0.62820524,0.34906328,2.6857242e-21,5.3862901,0.50304002,0.001
194,-0.056302954,-1.5594811e-18,3.4871176e-18,0.57190448,5.4583139,0.50127244,0.050000001,0.64893168,0.379778,3.5691624e-21,5.4576302,0.50296599,0.001
194,-0.053915195,1.5458274e-19,-2.3831782e-19,0.49129373,5.5296497,0.50120538,0.050000001,0.66832328,0.40523806,-2.1481132e-22,5.5289698,0.50289398,0.001
194,-0.051928855,1.6132522e-19,-5.1849884e-20,0.41469818,5.6009879,0.50113916,0.050000001,0.68618679,0.42583233,6.2249845e-22,5.6003098,0.502823,0.001
194,-0.050417807,-1.75043e-18,2.5937747e-18,0.34413058,5.6723261,0.50107425,0.050000001,0.70240253,0.44208047,2.1244016e-21,5.6716499,0.50275302,0.001
194,-0.049430579,2.3791673e-18,-3.7247587e-18,0.28095093,5.7436638,0.50101078,0.050000001,0.71691853,0.45458832,-1.7126326e-21,5.74299,0.50268501,0.001
194,-0.048994791,2.2844938e-18,-3.4630187e-18,0.22590742,5.8150034,0.50094855,0.050000001,0.72974032,0.46400326,-2.6990901e-21,5.8143301,0.50261903,0.001
194,-0.049122807,-7.3846657e-18,1.1552567e-17,0.17923565,5.8863478,0.50088716,0.050000001,0.74091959,0.47097594,7.1799867e-21,5.8856802,0.50255299,0.001
194,-0.049816877,2.052568e-18,-3.0476328e-18,0.14082892,5.9576936,0.50082767,0.050000001,0.75053638,0.47613132,-2.2746144e-21,5.9570298,0.50248897,0.001
194,-0.051074035,3.1413044e-18,-5.0112748e-18,0.11037225,6.0290384,0.50076914,0.050000001,0.75868481,0.48005617,-2.9929483e-21,6.0283699,0.50242603,0.001
194,-0.052890629,2.56522e-18,-4.1676151e-18,0.087463103,6.1003861,0.50071156,0.050000001,0.76545894,0.48329335,-2.6252467e-21,6.09972,0.50236398,0.001
194,-0.055265341,-2.5263202e-18,4.0137715e-18,0.071606345,6.1717377,0.50065553,0.050000001,0.77094054,0.48634472,2.3831251e-21,6.1710801,0.50230402,0.001
194,-0.058201797,-2.0839835e-18,3.1933146e-18,0.061981164,6.2430902,0.50060028,0.050000001,0.77519596,0.48966864,2.0800412e-21,6.2424302,0.502244,0.001
194,-0.061712019,-2.9141474e-18,4.5260511e-18,0.057020035,6.3144426,0.50054628,0.050000001,0.77828771,0.4936555,3.4126798e-21,6.3137798,0.502186,0.001
194,-0.065818824,-1.0652462e-17,1.6567119e-17,0.053908505,6.3857961,0.50049281,0.050000001,0.78029352,0.49857125,1.3046831e-20,6.3851399,0.50212902,0.001
194,-0.070557065,-2.3448188e-18,3.5216094e-18,0.04824657,6.4571543,0.50043982,0.050000001,0.78133768,0.50446302,3.6852504e-21,6.4565001,0.50207198,0.001
194,-0.075973444,1.0852853e-17,-1.659902e-17,0.034145944,6.5285125,0.50038874,0.050000001,0.7816205,0.51104754,-1.4206625e-20,6.5278602,0.50201702,0.001
194,-0.082122721,8.1791751e-18,-1.2488556e-17,0.0049391929,6.5998726,0.50033838,0.050000001,0.78143185,0.51761961,-1.1612588e-20,6.5992198,0.50196302,0.001
194,-0.089057885,-3.0605412e-18,4.6622497e-18,-0.045536239,6.6712332,0.50028902,0.050000001,0.78114313,0.52301943,4.3579591e-21,6.6705799,0.50190997,0.001
194,-0.096814618,5.2139986e-18,-7.5975803e-18,-0.12139571,6.7425909,0.50024098,0.050000001,0.78117263,0.52570218,-1.0275912e-20,6.74194,0.501858,0.001
194,-0.10539082,1.0744573e-19,-3.0902527e-19,-0.22345932,6.8139548,0.50019348,0.050000001,0.78192884,0.52391136,-1.7118369e-22,6.8133101,0.50180697,0.001
194,-0.11472622,-8.3849669e-18,1.2435288e-17,-0.34872249,6.8853168,0.50014675,0.050000001,0.78375101,0.51592475,1.520461e-20,6.8846698,0.50175703,0.001
194,-0.12468763,-7.3895098e-21,1.1146018e-19,-0.49084571,6.9566803,0.50010115,0.050000001,0.78686547,0.50031197,5.237188e-24,6.9560399,0.50170797,0.001
194,-0.13505879,7.3251309e-20,-1.8418608e-19,-0.64141935,7.0280476,0.50005639,0.050000001,0.79136711,0.47613445,-1.3998914e-22,7.0274,0.50165999,0.001
194,-0.1455507,-3.9397215e-18,7.4806195e-18,-0.79156446,7.0994158,0.5000121,0.050000001,0.79723048,0.44304085,1.351883e-20,7.0987701,0.50161201,0.001
194,-0.15581666,-3.680079e-18,8.0899091e-18,-0.9333083,7.1707811,0.49996895,0.050000001,0.80434066,0.4012565,1.4964182e-20,7.1701398,0.50156599,0.001
194,-0.16547737,1.0582234e-18,1.9586481e-19,-1.0604173,7.2421513,0.49992636,0.050000001,0.81253153,0.3514865,1.5424533e-21,7.2415099,0.50151998,0.001
194,-0.17415011,1.1594095e-18,2.9181384e-19,-1.1684977,7.3135276,0.49988458,0.050000001,0.82161528,0.29478759,1.4308e-21,7.3128901,0.50147498,0.001
194,-0.1814747,3.0358209e-18,-7.7405072e-18,-1.2546926,7.3848977,0.49984372,0.050000001,0.83140075,0.2324537,-1.5510562e-20,7.3842602,0.50143099,0.001
194,-0.18714024,3.0256414e-18,-1.3537044e-17,-1.3172773,7.4562674,0.49980354,0.050000001,0.84170598,0.16590947,-2.7015932e-20,7.4556298,0.50138801,0.001
194,-0.1909017,-2.9621126e-21,-1.0074449e-19,-1.3552397,7.5276437,0.49976426,0.050000001,0.85236084,0.096654706,1.9006244e-22,7.52701,0.50134599,0.001
194,-0.1925862,-7.9669451e-19,-1.9630758e-19,-1.3679594,7.5990181,0.49972564,0.050000001,0.86318487,0.026217036,-3.4452827e-22,7.5983801,0.50130397,0.001
194,-0.1921187,-7.2966822e-19,-5.2433217e-18,-1.3550842,7.6703939,0.49968728,0.050000001,0.87398273,-0.043843661,-9.9443928e-21,7.6697602,0.50126302,0.001
194,-0.18953004,3.4041015e-19,5.0827498e-18,-1.3167504,7.7417698,0.49964961,0.050000001,0.88456416,-0.111924,1.0344188e-20,7.7411399,0.50122303,0.001
194,-0.18495165,1.484498e-18,8.6344041e-18,-1.2539465,7.8131475,0.49961275,0.050000001,0.89473546,-0.17647772,1.6391405e-20,7.81252,0.50118297,0.001
194,-0.17860922,9.9757355e-20,5.6623863e-19,-1.1688048,7.8845282,0.49957702,0.050000001,0.90427589,-0.23606899,8.3895688e-22,7.8839002,0.50114501,0.001
194,-0.17079735,1.1520401e-18,1.6940644e-18,-1.064832,7.9559059,0.49954134,0.050000001,0.91294849,-0.28945196,1.379312e-21,7.9552798,0.50110602,0.001
194,-0.16519952,4.1457496e-19,6.0688944e-19,-0.99096912,8.0006247,0.49951974,0.050000001,0.9176954,-0.31841177,4.1495156e-22,8,0.50108284,0.001
194,-0.24053584,-4.8737673e-19,5.3198627e-19,-0.93624043,1.0007702,0.59730166,0.050000001,0.25768808,0.1530049,5.6330075e-21,1,0.59807354,0.001
194,-0.24306728,-1.9199521e-20,5.9869588e-20,-0.95501739,1.0368451,0.5970006,0.050000001,0.27031484,0.15934247,4.1889713e-22,1.03608,0.59777099,0.001
194,-0.24990024,-3.9223483e-19,6.8630658e-19,-1.0014799,1.1079334,0.59650159,0.050000001,0.2971583,0.16999984,3.8085197e-21,1.10717,0.59726799,0.001
194,-0.25861576,-1.5878653e-18,2.4307236e-18,-1.0562149,1.1790432,0.59607142,0.050000001,0.32588303,0.17817909,1.747348e-20,1.17829,0.596834,0.001
194,-0.26917398,1.4394025e-18,-1.6938674e-18,-1.1177471,1.2501694,0.59569198,0.050000001,0.35634065,0.18325679,-1.6038803e-20,1.24942,0.59644997,0.001
194,-0.28145188,2.6964518e-18,-4.288419e-18,-1.1843845,1.3213097,0.59535044,0.050000001,0.38832644,0.18467152,-3.1092579e-20,1.32057,0.59610403,0.001
194,-0.29523817,-3.0358348e-19,-2.6005481e-19,-1.2543308,1.3924556,0.59503579,0.050000001,0.4215768,0.18195346,4.1214966e-22,1.3917201,0.59578401,0.001
194,-0.31023571,-1.4086657e-18,2.118234e-18,-1.3257742,1.4636118,0.59474158,0.050000001,0.45579103,0.17474435,1.5455976e-20,1.46288,0.59548497,0.001
194,-0.32606977,1.4879644e-19,1.0748181e-19,-1.3970425,1.5347762,0.59446251,0.050000001,0.49063593,0.16281679,0,1.53405,0.59520102,0.001
194,-0.3423008,1.8086313e-19,-1.2737637e-19,-1.4667379,1.6059446,0.59419507,0.050000001,0.52576935,0.14607473,9.2357285e-23,1.60522,0.59492803,0.001
194,-0.35844469,-9.4274767e-19,3.3481771e-18,-1.5338275,1.6771187,0.59393728,0.050000001,0.56086558,0.12454225,2.0427514e-20,1.6763999,0.59466499,0.001
194,-0.37399071,2.3080366e-19,1.0159486e-19,-1.5976161,1.7482984,0.5936873,0.050000001,0.59562838,0.098348588,-1.9315744e-21,1.7475899,0.59441,0.001
194,-0.38841799,1.2879112e-18,-7.2269132e-18,-1.6577039,1.8194847,0.59344417,0.050000001,0.62980676,0.067709342,-4.3811857e-20,1.8187799,0.59416199,0.001
194,-0.40121761,-2.0973039e-19,-6.0946259e-19,-1.7138467,1.8906792,0.59320652,0.050000001,0.66320235,0.032887504,-1.4098588e-21,1.88998,0.59391898,0.001
194,-0.41190517,-2.6827264e-19,-4.4056312e-19,-1.7656198,1.9618758,0.59297454,0.050000001,0.69566721,-0.0058213095,-1.0267342e-21,1.96118,0.593683,0.001
194,-0.42002794,3.0826924e-20,-9.034687e-20,-1.8118349,2.0330737,0.59274757,0.050000001,0.72707677,-0.048092909,7.9470613e-24,2.0323801,0.59345102,0.001
194,-0.42517963,2.8786736e-19,4.3240685e-18,-1.8501884,2.1042802,0.59252608,0.050000001,0.7572785,-0.093555935,2.3955438e-20,2.10359,0.593225,0.001
194,-0.42699027,2.1679133e-19,6.0391366e-19,-1.8772608,2.1754897,0.592309,0.050000001,0.78606117,-0.14170043,1.2363161e-21,2.1748099,0.59300297,0.001
194,-0.42515191,-1.3407655e-18,-4.3584854e-18,-1.8885659,2.2467024,0.59209633,0.050000001,0.81314844,-0.19185537,-2.1356004e-20,2.2460201,0.59278601,0.001
194,-0.41946599,-2.8675369e-19,-3.6542542e-20,-1.8790669,2.3179221,0.59188849,0.050000001,0.83815312,-0.24317175,7.5174663e-22,2.31725,0.592574,0.001
194,-0.40985608,8.4314111e-19,4.1859715e-18,-1.8440019,2.3891423,0.59168482,0.050000001,0.86056966,-0.29456693,2.0500696e-20,2.3884699,0.59236598,0.001
194,-0.39639947,-6.1674108e-20,-4.0500983e-19,-1.7798626,2.4603724,0.59148544,0.050000001,0.87982458,-0.34475195,-2.7154534e-21,2.4597099,0.59216201,0.001
194,-0.37935764,-2.1176415e-18,-4.9330037e-18,-1.6854821,2.5316026,0.59129047,0.050000001,0.89533025,-0.39229178,-1.8855805e-20,2.5309401,0.59196299,0.001
194,-0.35917753,-1.1971338e-19,-5.2463429e-19,-1.5627452,2.6028364,0.59109956,0.050000001,0.90657645,-0.4357461,-1.1375273e-21,2.60218,0.59176803,0.001
194,-0.33647519,1.9463053e-18,4.2089142e-18,-1.4166358,2.674077,0.5909124,0.050000001,0.91321045,-0.47381157,1.6747981e-20,2.67342,0.59157699,0.001
194,-0.31198683,1.6404635e-20,1.3043652e-19,-1.2547234,2.745321,0.59072924,0.050000001,0.91510552,-0.50547951,6.530231e-23,2.7446699,0.59139001,0.001
194,-0.28650448,2.9521114e-19,4.6995165e-19,-1.0860453,2.8165669,0.59054995,0.050000001,0.91239035,-0.53014636,1.565416e-21,2.8159201,0.59120703,0.001
194,-0.26080263,3.1648933e-18,5.0330086e-18,-0.91962397,2.8878212,0.59037399,0.050000001,0.90543461,-0.54766124,1.2262602e-20,2.8871801,0.59102702,0.001
194,-0.23557521,-4.39219e-19,-7.0401776e-19,-0.76323825,2.9590774,0.59020209,0.050000001,0.89479834,-0.55829978,-1.8622536e-21,2.9584401,0.59085202,0.001
194,-0.21138635,-3.1285882e-18,-4.9634294e-18,-0.62254667,3.0303357,0.59003383,0.050000001,0.88115132,-0.56268233,-1.2610974e-20,3.0297,0.59068,0.001
194,-0.18865132,-9.0680127e-20,-1.7799258e-20,-0.5007931,3.1015997,0.5898692,0.050000001,0.86519623,-0.56165224,2.8095575e-22,3.10097,0.59051198,0.001
194,-0.1676406,-4.3636031e-19,-8.2827368e-19,-0.39900497,3.1728644,0.58970773,0.050000001,0.84759772,-0.55615461,-1.4952142e-21,3.17223,0.59034699,0.001
194,-0.14849186,3.3766778e-18,4.9988605e-18,-0.31643245,3.2441339,0.58954966,0.050000001,0.82892746,-0.54713261,7.7610358e-21,3.24351,0.590186,0.001
194,-0.13124338,-1.7413084e-20,2.245214e-19,-0.25121748,3.3154039,0.58939505,0.050000001,0.80964392,-0.53545094,1.8620408e-22,3.31478,0.59002799,0.001
194,-0.11585721,-6.2848352e-18,-9.2863158e-18,-0.20098132,3.3866777,0.58924371,0.050000001,0.79008162,-0.5218522,-1.2905619e-20,3.38606,0.58987302,0.001
194,-0.10224681,2.5738329e-20,-8.457808e-20,-0.1632778,3.4579558,0.58909529,0.050000001,0.77045935,-0.50694436,4.2463379e-23,3.45734,0.58972198,0.001
194,-0.090296812,3.0231913e-18,4.4655672e-18,-0.13589689,3.5292401,0.58894962,0.050000001,0.75089222,-0.4912051,5.7104971e-21,3.52863,0.58957303,0.001
194,-0.079881348,5.1285347e-20,2.6624731e-20,-0.11708763,3.6005261,0.5888077,0.050000001,0.73141319,-0.47500256,2.6945153e-23,3.59992,0.58942801,0.001
194,-0.070873968,2.9716852e-18,4.6231389e-18,-0.10580891,3.6718142,0.58866876,0.050000001,0.71198261,-0.45862037,4.0513004e-21,3.6712101,0.58928603,0.001
194,-0.063155591,-2.5516799e-18,-3.7173021e-18,-0.10222104,3.7431045,0.58853245,0.050000001,0.69248998,-0.44230446,-3.1958828e-21,3.7425001,0.58914697,0.001
194,-0.056620371,-5.3874679e-18,-8.2937033e-18,-0.10826906,3.8143985,0.58839864,0.050000001,0.67272836,-0.42634037,-6.9280876e-21,3.8138001,0.58901,0.001
194,-0.051181566,2.3153352e-18,3.4766331e-18,-0.12740976,3.8856945,0.58826798,0.050000001,0.65234691,-0.41115245,2.9737715e-21,3.8850999,0.58887702,0.001
194,-0.046775319,4.5998587e-18,6.9411066e-18,-0.16238631,3.956995,0.58814007,0.050000001,0.6308248,-0.3973529,5.3183739e-21,3.9563999,0.58874601,0.001
194,-0.043363824,2.4078808e-18,3.4895367e-18,-0.21089226,4.028295,0.58801502,0.050000001,0.60755897,-0.38562265,2.5362616e-21,4.0276999,0.58861798,0.001
194,-0.040934522,-2.0682967e-18,-3.0076103e-18,-0.26142386,4.0995989,0.58789235,0.050000001,0.58212459,-0.3763501,-2.2745643e-21,4.09901,0.58849299,0.001
194,-0.039490562,-2.1852098e-18,-3.2019398e-18,-0.29311994,4.170907,0.58777159,0.050000001,0.5546546,-0.36912772,-2.3681636e-21,4.17032,0.58837003,0.001
194,-0.039030097,2.8940316e-20,-2.1004568e-20,-0.28183046,4.2422171,0.58765399,0.050000001,0.52613389,-0.3623957,-2.4827506e-24,4.2416301,0.58824998,0.001
194,-0.039517395,6.30169e-22,4.0770065e-20,-0.21044171,4.3135314,0.58753872,0.050000001,0.49838609,-0.35353535,4.4118258e-23,4.3129501,0.58813202,0.001
194,-0.0408534,-1.6764712e-19,-2.6815378e-19,-0.077592604,4.384841,0.58742589,0.050000001,0.47368082,-0.33949143,-1.4619016e-22,4.3842602,0.58801699,0.001
194,-0.042860772,-5.7156674e-21,3.7627415e-20,0.10070988,4.4561567,0.58731526,0.050000001,0.45411131,-0.31766725,4.8837331e-23,4.4555802,0.58790398,0.001
194,-0.045292284,2.7835889e-19,4.0842627e-19,0.29745761,4.5274773,0.5872066,0.050000001,0.4410561,-0.28666669,2.8913075e-22,4.5268998,0.58779299,0.001
194,-0.047862276,1.1796585e-18,2.5090925e-18,0.48496714,4.5988016,0.58710063,0.050000001,0.43494812,-0.24655703,3.1330679e-21,4.5982299,0.58768499,0.001
194,-0.050289635,9.104137e-19,2.9228224e-18,0.64323038,4.6701236,0.58699685,0.050000001,0.43539989,-0.19862777,3.5569917e-21,4.6695499,0.58757901,0.001
194,-0.052336764,-1.0830228e-18,-2.3591175e-18,0.7629267,4.741447,0.58689505,0.050000001,0.44153401,-0.14485599,-3.0347627e-21,4.74088,0.587475,0.001
194,-0.05383189,-9.0805975e-19,-3.1672733e-18,0.84349847,4.8127751,0.58679527,0.050000001,0.45232031,-0.087403975,-3.7968022e-21,4.8122101,0.58737302,0.001
194,-0.05466776,-3.7114415e-20,-3.2815844e-21,0.88922632,4.8841057,0.58669728,0.050000001,0.46677798,-0.02827272,3.6361676e-24,4.8835402,0.587273,0.001
194,-0.054820575,6.534048e-19,-2.5285385e-18,0.90572923,4.9554396,0.58660126,0.050000001,0.48405728,0.030819423,-2.9253668e-21,4.9548802,0.58717501,0.001
194,-0.05433942,6.7908478e-20,-1.5373718e-19,0.89819342,5.026772,0.58650756,0.050000001,0.50345731,0.088436358,-1.1177779e-22,5.0262098,0.58707899,0.001
194,-0.053312067,-6.3024406e-19,2.8499879e-18,0.87101108,5.0981078,0.58641535,0.050000001,0.52438074,0.14342049,3.2436058e-21,5.0975499,0.58698499,0.001
194,-0.051860034,-1.052029e-21,4.062684e-20,0.8279134,5.169446,0.58632517,0.050000001,0.5462817,0.19484632,-1.6446326e-24,5.16889,0.58689302,0.001
194,-0.050123915,1.7026318e-18,-3.3663565e-18,0.77227712,5.2407842,0.58623707,0.050000001,0.56865579,0.24200581,-2.8255157e-21,5.2402301,0.58680302,0.001
194,-0.048252974,2.2398049e-18,-4.1297592e-18,0.70739084,5.3121243,0.58615029,0.050000001,0.5910396,0.28440732,-3.0923774e-21,5.3115702,0.58671403,0.001
194,-0.046393253,-1.3926178e-18,2.7706262e-18,0.63649487,5.3834705,0.58606559,0.050000001,0.61301547,0.32177511,2.477437e-21,5.3829198,0.58662802,0.001
194,-0.044678487,-1.9232857e-18,3.5799227e-18,0.56271619,5.4548187,0.58598268,0.050000001,0.63421673,0.35403922,2.7886419e-21,5.4542699,0.58654302,0.001
194,-0.043222625,-3.3322354e-20,1.0595474e-19,0.48895791,5.5261607,0.58590144,0.050000001,0.65433985,0.38132513,9.7714332e-23,5.52561,0.58645999,0.001
194,-0.042116411,-3.1494935e-19,5.6033975e-19,0.41773859,5.597506,0.58582127,0.050000001,0.67315292,0.40393156,2.9839485e-22,5.5969601,0.58637798,0.001
194,-0.041427471,2.5058204e-18,-3.9806255e-18,0.35110661,5.6688566,0.58574277,0.050000001,0.69049382,0.42228919,-2.2932987e-21,5.6683102,0.58629799,0.001
194,-0.041202117,2.6206081e-18,-4.1723888e-18,0.29056072,5.7402086,0.58566564,0.050000001,0.70626938,0.43692532,-2.3430275e-21,5.7396698,0.58621901,0.001
194,-0.041468773,-2.7500176e-18,4.3899555e-18,0.23705123,5.8115606,0.58559036,0.050000001,0.72044456,0.4484216,2.5097837e-21,5.8110199,0.58614302,0.001
194,-0.042242873,-2.6114022e-18,4.0733546e-18,0.19107731,5.8829169,0.58551615,0.050000001,0.7330364,0.45738259,2.3206199e-21,5.88238,0.58606702,0.001
194,-0.043530874,-2.6949499e-18,4.3320466e-18,0.15281485,5.9542685,0.58544391,0.050000001,0.74409461,0.46440595,2.4839291e-21,5.9537301,0.58599299,0.001
194,-0.045334794,2.2440287e-18,-3.4982936e-18,0.1221973,6.0256243,0.58537328,0.050000001,0.75368929,0.47006932,-2.1520311e-21,6.0250902,0.58592099,0.001
194,-0.047655914,2.7930033e-18,-4.4390031e-18,0.09898746,6.0969825,0.58530384,0.050000001,0.76189649,0.4749206,-2.5537592e-21,6.0964499,0.58585,0.001
194,-0.050497878,-2.4086796e-18,3.8037057e-18,0.082688726,6.1683426,0.5852356,0.050000001,0.76879019,0.47947401,2.2911495e-21,6.16781,0.58578002,0.001
194,-0.053869843,2.7407548e-18,-4.3544152e-18,0.07228741,6.2397094,0.58516872,0.050000001,0.77444232,0.48419473,-3.019783e-21,6.2391801,0.58571202,0.001
194,-0.057789054,-2.4210998e-18,3.695936e-18,0.065875806,6.3110714,0.58510333,0.050000001,0.77893388,0.48946214,2.8206924e-21,6.3105402,0.58564502,0.001
194,-0.06228428,-5.8188744e-18,9.036968e-18,0.060238492,6.382431,0.5850389,0.050000001,0.78237766,0.49550641,6.698837e-21,6.3818998,0.58557898,0.001
194,-0.06739711,2.396273e-18,-3.690116e-18,0.050676107,6.4537969,0.58497512,0.050000001,0.78494287,0.5023123,-2.8305323e-21,6.45327,0.58551401,0.001
194,-0.073180594,5.818687e-18,-8.7895352e-18,0.031299796,6.5251651,0.58491313,0.050000001,0.78687596,0.50951809,-7.5916431e-21,6.5246401,0.58545101,0.001
194,-0.079694942,3.0190316e-18,-4.5077162e-18,-0.0041768514,6.5965333,0.58485252,0.050000001,0.78850323,0.5163461,-4.4788991e-21,6.5960102,0.58538902,0.001
194,-0.086997084,-2.9213312e-18,4.3653998e-18,-0.061202571,6.667901,0.58479291,0.050000001,0.79021209,0.5215956,4.0806439e-21,6.6673799,0.58532798,0.001
194,-0.095124446,-1.2241333e-22,1.0129057e-19,-0.14300235,6.7392693,0.5847345,0.050000001,0.79240906,0.52373159,-7.5419465e-22,6.73875,0.58526802,0.001
194,-0.10407383,4.239626e-20,-1.0537217e-19,-0.24957921,6.8106418,0.5846771,0.050000001,0.79546458,0.52106398,-7.0795337e-23,6.8101201,0.58521003,0.001
194,-0.11378159,-3.1291037e-18,4.578716e-18,-0.37744272,6.8820119,0.58462042,0.050000001,0.79966009,0.51198173,5.5001994e-21,6.8814902,0.58515197,0.001
194,-0.1241088,-2.4915071e-20,6.676291e-20,-0.52019429,6.9533815,0.58456546,0.050000001,0.80515558,0.4951852,4.8158687e-23,6.9528599,0.585096,0.001
194,-0.13483422,-3.1606946e-19,6.1625964e-19,-0.66972929,7.0247579,0.58451098,0.050000001,0.81198257,0.46985474,9.7948817e-22,7.02424,0.58503997,0.001
194,-0.14566001,-3.6288525e-19,6.4522425e-19,-0.81766886,7.0961337,0.58445781,0.050000001,0.82005966,0.43573335,1.052054e-21,7.0956202,0.58498597,0.001
194,-0.15623121,2.273706e-19,-6.0726927e-19,-0.95657045,7.1675081,0.58440536,0.050000001,0.82922727,0.39310277,-9.6704714e-22,7.1669898,0.58493203,0.001
194,-0.16616209,7.1638365e-20,1.3497242e-20,-1.0805733,7.2388864,0.58435422,0.050000001,0.83928567,0.34268439,1.3432149e-22,7.2383699,0.58487999,0.001
194,-0.17506109,-5.5988128e-21,6.4479557e-21,-1.1854911,7.3102641,0.58430386,0.050000001,0.85001719,0.28553495,-5.4794768e-24,7.3097501,0.58482802,0.001
194,-0.18256062,2.8109507e-19,-5.3077249e-19,-1.2685893,7.3816419,0.58425426,0.050000001,0.86120653,0.22293104,-1.0945681e-21,7.3811302,0.58477801,0.001
194,-0.18833934,6.7777861e-19,-4.8745588e-18,-1.3282362,7.453022,0.58420539,0.050000001,0.87265015,0.15628007,-9.7798493e-21,7.4525099,0.584728,0.001
194,-0.1921411,1.4584038e-20,-1.724217e-19,-1.3634977,7.5244021,0.58415806,0.050000001,0.8841449,0.087062471,-1.8586008e-22,7.52389,0.58468002,0.001
194,-0.19379996,-8.0178002e-19,8.5444171e-20,-1.3737551,7.5957847,0.58411151,0.050000001,0.89550251,0.016798437,2.2000949e-22,7.5952702,0.58463198,0.001
194,-0.19324975,-5.8160672e-19,-5.1823924e-18,-1.3585374,7.6671686,0.58406556,0.050000001,0.90656561,-0.052948512,-9.8501903e-21,7.6666598,0.58458501,0.001
194,-0.19052322,1.8944743e-19,4.9095188e-18,-1.3177686,7.7385483,0.58402014,0.050000001,0.91715097,-0.12057529,9.8124244e-21,7.73804,0.584539,0.001
194,-0.18575025,-7.7764242e-19,5.8937982e-20,-1.2522203,7.8099303,0.58397549,0.050000001,0.92704052,-0.18452117,7.7511524e-22,7.8094201,0.58449298,0.001
194,-0.1791565,-3.5366309e-21,-1.4292657e-19,-1.163928,7.8813186,0.58393222,0.050000001,0.93600971,-0.24332926,-6.0411303e-23,7.8808098,0.58444899,0.001
194,-0.17105396,3.251312e-18,1.0552935e-17,-1.0565089,7.9527044,0.58388919,0.050000001,0.94383061,-0.29573566,1.7541145e-20,7.9521999,0.584405,0.001
194,-0.1648629,1.0954831e-18,3.679763e-18,-0.97526747,8.0005054,0.58386111,0.050000001,0.94815546,-0.32590714,5.9145159e-21,8,0.58437622,0.001
194,-0.23738997,3.9094847e-20,-1.8275444e-19,-1.1971804,1.0001066,0.67845213,0.050000001,0.35340229,0.12270966,-1.064039e-21,1,0.67853814,0.001
194,-0.2400897,1.0569267e-20,-6.2266654e-20,-1.196505,1.0355363,0.67815417,0.050000001,0.36577827,0.12786992,-5.8696597e-23,1.03543,0.67824101,0.001
194,-0.24729101,-2.7936968e-19,5.0952832e-19,-1.207719,1.1066326,0.67764825,0.050000001,0.39276034,0.13648385,3.7021599e-21,1.10653,0.677737,0.001
194,-0.2562758,-1.6654887e-19,1.7650659e-19,-1.230289,1.1777511,0.67721015,0.050000001,0.42172027,0.14277592,8.0146344e-22,1.17765,0.67729998,0.001
194,-0.26697141,3.0586851e-19,-5.3240136e-19,-1.2627659,1.2488831,0.67682242,0.050000001,0.45243871,0.14618714,-3.2554495e-21,1.24878,0.67691302,0.001
194,-0.27923,2.6418321e-19,-1.8536418e-19,-1.3035073,1.3200291,0.67647195,0.050000001,0.48465791,0.14621456,-9.7504672e-22,1.31993,0.67656302,0.001
194,-0.29282454,-8.5605632e-20,3.7762615e-19,-1.3507843,1.3911833,0.67614853,0.050000001,0.51808268,0.14243516,1.9207029e-21,1.39108,0.67623901,0.001
194,-0.30745381,-9.0118362e-20,9.3959535e-21,-1.4028909,1.4623495,0.6758455,0.050000001,0.55240166,0.13452213,-1.0851211e-24,1.46225,0.67593598,0.001
194,-0.32274795,-9.9780915e-21,1.4079718e-19,-1.4581851,1.5335196,0.67555767,0.050000001,0.58728725,0.12225895,5.9133337e-22,1.53342,0.67564797,0.001
194,-0.33828083,-6.3371716e-20,3.1084026e-19,-1.5151614,1.6046952,0.67528141,0.050000001,0.62242132,0.10553735,1.6910179e-21,1.6046,0.67537099,0.001
194,-0.35358584,-2.3536432e-19,6.7528595e-19,-1.5725363,1.6758772,0.67501473,0.050000001,0.65750569,0.084352627,3.686721e-21,1.6757801,0.67510402,0.001
194,-0.36817572,-1.6189751e-22,4.750659e-19,-1.6291478,1.7470651,0.67475575,0.050000001,0.69227833,0.058788657,1.870814e-21,1.7469701,0.67484403,0.001
194,-0.38155335,3.3230402e-19,-1.568629e-19,-1.683776,1.818257,0.67450404,0.050000001,0.72650939,0.028999727,-1.2667565e-21,1.8181601,0.67459202,0.001
194,-0.39322761,3.5249368e-20,-9.9392064e-20,-1.7349421,1.8894573,0.67425859,0.050000001,0.75999022,-0.004800553,-6.8416066e-22,1.88936,0.67434603,0.001
194,-0.40272966,2.1533203e-20,1.1105846e-20,-1.78062,1.9606612,0.67401844,0.050000001,0.79253078,-0.042330459,2.0613445e-23,1.96057,0.67410499,0.001
194,-0.40962309,-4.4240307e-20,-1.4493861e-19,-1.8180181,2.0318649,0.67378378,0.050000001,0.82392067,-0.083236754,-6.9135598e-22,2.03177,0.67387003,0.001
194,-0.4135133,-2.6775454e-19,-7.2292892e-19,-1.8435869,2.1030815,0.67355448,0.050000001,0.85388327,-0.12707072,-3.5441648e-21,2.1029899,0.67364001,0.001
194,-0.41406119,-1.3285533e-19,-6.0684203e-19,-1.8531072,2.1742976,0.67333001,0.050000001,0.88205147,-0.17322683,-2.8554218e-21,2.1742001,0.67341501,0.001
194,-0.41100788,1.4631211e-19,-1.5661896e-20,-1.8420231,2.2455192,0.67310989,0.050000001,0.90797096,-0.22093406,-4.6089609e-23,2.24543,0.67319399,0.001
194,-0.4042055,2.6666687e-19,8.2756256e-19,-1.8062007,2.3167436,0.67289501,0.050000001,0.93108708,-0.26921824,3.3850632e-21,2.3166499,0.672979,0.001
194,-0.39364314,-1.8117822e-19,-1.084633e-19,-1.7426513,2.3879709,0.67268431,0.050000001,0.9507845,-0.31692126,-6.479963e-22,2.3878801,0.67276698,0.001
194,-0.37947121,-2.6537595e-19,-8.3775596e-19,-1.6503875,2.4592094,0.67247856,0.050000001,0.96644807,-0.36274227,-3.353597e-21,2.45912,0.67256099,0.001
194,-0.36201775,1.1349873e-19,-2.7475844e-20,-1.5311705,2.5304496,0.67227638,0.050000001,0.97753656,-0.40532705,0,2.53036,0.67235798,0.001
194,-0.34177583,8.6236041e-20,2.0550516e-19,-1.389531,2.6016893,0.67207873,0.050000001,0.98367864,-0.44340861,5.1677099e-22,2.6015999,0.67216003,0.001
194,-0.31937426,-3.8430703e-19,-5.3064071e-19,-1.2323461,2.6729376,0.67188543,0.050000001,0.9847315,-0.47593865,-1.4341316e-21,2.6728499,0.67196602,0.001
194,-0.29552737,9.4591903e-20,1.1656646e-19,-1.0679902,2.7441878,0.67169595,0.050000001,0.98082155,-0.50219661,5.3925456e-22,2.7441001,0.671776,0.001
194,-0.27096835,3.6095192e-19,6.9985482e-19,-0.90505821,2.8154373,0.67151022,0.050000001,0.97234035,-0.52185994,2.0589053e-21,2.8153501,0.67158997,0.001
194,-0.24638593,3.351428e-19,7.1684258e-19,-0.75109881,2.8866954,0.67132878,0.050000001,0.95988423,-0.53500617,1.418357e-21,2.88661,0.671408,0.001
194,-0.2223776,-3.9062521e-19,-6.4928586e-19,-0.61181998,2.9579577,0.67115134,0.050000001,0.94418269,-0.54205525,-1.3463926e-21,2.95787,0.67123002,0.001
194,-0.19941567,-3.2035022e-20,-2.2268938e-19,-0.49066675,3.029222,0.67097747,0.050000001,0.92601246,-0.54367763,-6.6601529e-22,3.02913,0.67105597,0.001
194,-0.17783697,2.0536555e-19,3.6913423e-19,-0.38885051,3.1004922,0.67080718,0.050000001,0.90611786,-0.54068476,8.7573547e-22,3.1004,0.67088503,0.001
194,-0.1578543,-3.0170353e-19,-4.8334531e-19,-0.30585265,3.1717639,0.67064053,0.050000001,0.88515604,-0.53392649,-8.9982832e-22,3.17168,0.67071801,0.001
194,-0.1395734,1.5414614e-19,3.310754e-19,-0.23998341,3.2430358,0.67047697,0.050000001,0.86366194,-0.52421463,5.8886243e-22,3.24295,0.67055398,0.001
194,-0.12301248,-1.556514e-20,2.6296241e-20,-0.18891506,3.3143137,0.67031735,0.050000001,0.84203523,-0.51226884,-7.9556969e-23,3.31423,0.670394,0.001
194,-0.10813268,-2.9830695e-19,-5.6665693e-19,-0.15016399,3.3855937,0.67016113,0.050000001,0.82055068,-0.49869454,-6.7507712e-22,3.38551,0.670237,0.001
194,-0.094855733,7.7195965e-20,1.3743487e-19,-0.12141229,3.4568779,0.6700083,0.050000001,0.79937172,-0.48397869,1.1264325e-22,3.45679,0.670084,0.001
194,-0.083079189,7.7039156e-20,1.8273047e-19,-0.10070178,3.5281684,0.6698584,0.050000001,0.77856809,-0.46849725,3.0094597e-22,3.52808,0.66993397,0.001
194,-0.072692581,-1.1309144e-21,-2.1515774e-20,-0.08652126,3.5994582,0.66971177,0.050000001,0.75813925,-0.45253533,-9.6591474e-24,3.59937,0.66978699,0.001
194,-0.063584246,7.9971744e-19,1.3450001e-18,-0.077906907,3.6707497,0.66956836,0.050000001,0.73802656,-0.43630704,1.1154051e-21,3.67067,0.66964298,0.001
194,-0.055648603,1.7806064e-19,2.734344e-19,-0.074646711,3.7420437,0.66942793,0.050000001,0.71812248,-0.41998655,1.8849672e-22,3.74196,0.66950202,0.001
194,-0.048789416,-1.2942475e-19,-2.7068842e-19,-0.077757247,3.813344,0.6692903,0.050000001,0.69826055,-0.40375322,-2.421029e-22,3.8132601,0.66936398,0.001
194,-0.042925328,5.2187329e-20,1.1663247e-19,-0.08995606,3.8846462,0.66915524,0.050000001,0.67818272,-0.38786986,6.9657358e-23,3.8845601,0.66922897,0.001
194,-0.037992854,-2.9380667e-20,-4.4080758e-21,-0.11510465,3.9559522,0.66902292,0.050000001,0.65748709,-0.37276655,1.2819644e-23,3.9558699,0.66909599,0.001
194,-0.033951245,-2.2891356e-20,1.4429156e-20,-0.15555926,4.0272574,0.66889411,0.050000001,0.63561922,-0.35905689,-2.3680626e-23,4.0271802,0.66896701,0.001
194,-0.030784052,7.6234726e-21,1.0114006e-20,-0.20781994,4.0985637,0.66876793,0.050000001,0.61198431,-0.34736603,-2.0637818e-23,4.0984802,0.66883999,0.001
194,-0.028495234,-5.0956481e-20,-1.0477085e-19,-0.25905374,4.169878,0.66864383,0.050000001,0.58623016,-0.33794099,-5.8487782e-23,4.1697998,0.66871601,0.001
194,-0.027097452,-6.688437e-20,-1.1084899e-19,-0.28801557,4.2411919,0.66852236,0.050000001,0.55862093,-0.33018687,-6.0436104e-23,4.2411098,0.668594,0.001
194,-0.026588842,-5.8871666e-20,-1.0565335e-19,-0.27194464,4.3125105,0.66840351,0.050000001,0.53027624,-0.32240492,-3.6451716e-23,4.3124299,0.66847497,0.001
194,-0.026926022,-2.3022318e-19,-3.5310735e-19,-0.19663522,4.3838282,0.66828704,0.050000001,0.50309908,-0.31199652,-2.3417635e-22,4.38375,0.66835803,0.001
194,-0.028001022,-1.3475933e-21,-4.6192613e-21,-0.063819125,4.4551454,0.66817325,0.050000001,0.47933242,-0.29612952,-7.8218537e-25,4.45507,0.668244,0.001
194,-0.029635299,1.7238671e-19,2.5177325e-19,0.10870129,4.5264702,0.66806155,0.050000001,0.46094951,-0.27258167,2.0029051e-22,4.5263901,0.66813201,0.001
194,-0.031595562,3.7192577e-20,1.2602125e-19,0.29414731,4.5978007,0.66795254,0.050000001,0.44916314,-0.24035858,5.8728397e-23,4.5977201,0.66802299,0.001
194,-0.033628162,9.2910154e-20,3.2918537e-19,0.46665418,4.669126,0.66784525,0.050000001,0.44425935,-0.19983736,2.6559157e-22,4.6690502,0.66791499,0.001
194,-0.035498548,-2.3223567e-20,-7.5736431e-20,0.60855007,4.7404537,0.6677404,0.050000001,0.4457579,-0.15245727,-4.1569969e-23,4.7403798,0.66781002,0.001
194,-0.037021812,-1.1299561e-19,-6.7175415e-19,0.71238494,4.8117862,0.66763783,0.050000001,0.45274079,-0.10020977,-5.8147823e-22,4.8117099,0.66770703,0.001
194,-0.038076598,-1.0991912e-20,-5.0775862e-20,0.77872878,4.8831205,0.66753715,0.050000001,0.46416315,-0.045177665,6.6847616e-24,4.88304,0.667606,0.001
194,-0.038614813,3.9395265e-20,3.442856e-19,0.81240433,4.9544587,0.66743875,0.050000001,0.4790521,0.010762966,3.6584165e-22,4.95438,0.66750801,0.001
194,-0.038654409,1.6498062e-20,-9.1676065e-20,0.81928802,5.025794,0.66734207,0.050000001,0.49658111,0.066043533,-2.6570063e-23,5.0257201,0.66741103,0.001
194,-0.038258638,-1.5236366e-20,-9.2976161e-22,0.80471104,5.0971317,0.66724747,0.050000001,0.51605523,0.11939538,-2.3654494e-23,5.0970602,0.66731602,0.001
194,-0.037522711,-1.5392196e-20,9.398704e-20,0.77312517,5.1684742,0.66715485,0.050000001,0.53687203,0.16981566,2.8729995e-23,5.1683998,0.66722298,0.001
194,-0.036561951,2.0189505e-20,1.1258429e-21,0.72826815,5.2398162,0.66706395,0.050000001,0.55849528,0.21654019,-4.6057668e-24,5.2397399,0.66713202,0.001
194,-0.035501011,2.2681039e-19,-3.9312935e-19,0.67346984,5.3111582,0.6669749,0.050000001,0.58043945,0.25902566,-2.4995837e-22,5.31108,0.66704297,0.001
194,-0.03446332,2.1501799e-19,-4.1304641e-19,0.61185795,5.3825059,0.6668877,0.050000001,0.60226673,0.29693857,-2.3776033e-22,5.3824301,0.66695499,0.001
194,-0.033562526,2.7985572e-20,-3.2529634e-20,0.54640019,5.4538565,0.6668027,0.050000001,0.62358892,0.33014333,1.5446177e-23,5.4537802,0.66687,0.001
194,-0.032897152,3.7311749e-20,-3.090138e-20,0.47983274,5.5252042,0.66671908,0.050000001,0.64407748,0.35869166,1.1582513e-23,5.5251298,0.66678602,0.001
194,-0.032547146,-2.7636107e-19,4.7926871e-19,0.41456428,5.5965519,0.66663706,0.050000001,0.66347033,0.38280034,2.5719423e-22,5.5964799,0.666704,0.001
194,-0.032573052,7.3414444e-20,-8.3007523e-20,0.35261953,5.6679063,0.66655642,0.050000001,0.68157315,0.40282151,-1.7214165e-23,5.66783,0.666623,0.001
194,-0.033017378,5.3422271e-20,-6.6320711e-20,0.29557148,5.7392621,0.66647738,0.050000001,0.69825816,0.41920844,-3.36865e-23,5.7391901,0.66654402,0.001
194,-0.033907525,-3.3227946e-19,5.2075186e-19,0.24453238,5.810616,0.66639996,0.050000001,0.71345729,0.43247962,2.4024962e-22,5.8105402,0.666466,0.001
194,-0.035259712,-1.754601e-20,4.4562045e-21,0.20020893,5.8819766,0.66632384,0.050000001,0.72715527,0.44319054,1.0604347e-23,5.8818998,0.66639,0.001
194,-0.03708265,-1.9434626e-20,-1.0841719e-21,0.16298756,5.9533343,0.66624963,0.050000001,0.73937291,0.45190567,1.9139621e-23,5.9532599,0.66631597,0.001
194,-0.039381243,-2.9481958e-19,4.8987301e-19,0.1329931,6.0246921,0.66617703,0.050000001,0.75015551,0.45918432,2.8536646e-22,6.0246201,0.66624302,0.001
194,-0.042160064,-3.0574117e-20,7.6265413e-20,0.11007287,6.0960517,0.66610557,0.050000001,0.75956261,0.4655683,4.2378009e-23,6.0959802,0.66617101,0.001
194,-0.04542651,2.4950233e-19,-4.2244036e-19,0.093659669,6.1674161,0.66603559,0.050000001,0.76766264,0.47156751,-2.3903076e-22,6.1673398,0.66610098,0.001
194,-0.049194016,-1.136537e-19,2.1558801e-19,0.082516588,6.2387848,0.66596693,0.050000001,0.774535,0.47763547,1.1977318e-22,6.2387099,0.66603202,0.001
194,-0.053484362,1.6817612e-19,-2.8756644e-19,0.074388072,6.3101463,0.66589999,0.050000001,0.78028321,0.48412159,-2.3376026e-22,6.31007,0.66596502,0.001
194,-0.058331512,-3.8522716e-20,-6.7324517e-21,0.065730222,6.3815122,0.66583419,0.050000001,0.78505653,0.49120072,-1.0535485e-23,6.3814402,0.66589898,0.001
194,-0.063781753,-3.0115281e-19,5.0568617e-19,0.051696587,6.4528823,0.66576934,0.050000001,0.78906804,0.4987815,3.4485672e-22,6.4528098,0.66583401,0.001
194,-0.069892496,4.7566346e-20,1.1724528e-21,0.026549974,6.52425,0.66570544,0.050000001,0.79260498,0.50642014,-1.1039303e-23,6.5241799,0.66576999,0.001
194,-0.076726779,-1.9171937e-20,7.5368839e-20,-0.015476714,6.5956202,0.66564327,0.050000001,0.7960211,0.51327211,5.7038077e-23,6.5955501,0.66570801,0.001
194,-0.084342144,-7.2006053e-20,7.8213552e-20,-0.079025283,6.6669927,0.66558206,0.050000001,0.79970944,0.51811016,6.4328969e-23,6.6669202,0.66564602,0.001
194,-0.092774004,1.0072833e-19,-1.4754135e-19,-0.16642222,6.7383623,0.66552204,0.050000001,0.80405515,0.51942688,-1.5878536e-22,6.7382898,0.66558599,0.001
194,-0.10201551,4.9018513e-20,-7.3606654e-20,-0.27691925,6.8097343,0.66546297,0.050000001,0.8093828,0.5156166,-7.4250409e-23,6.80966,0.66552699,0.001
194,-0.11199789,-3.544795e-20,-7.7759572e-22,-0.40662563,6.8811107,0.66540509,0.050000001,0.81591296,0.50519276,-8.8273953e-24,6.8810401,0.66546899,0.001
194,-0.12257493,4.3794321e-20,-8.5332566e-20,-0.54914594,6.9524846,0.66534847,0.050000001,0.82373828,0.48699626,-9.525592e-23,6.9524102,0.66541201,0.001
194,-0.13352022,-3.6502449e-19,6.791964e-19,-0.69674844,7.0238605,0.6652931,0.050000001,0.83282703,0.46033555,1.0795984e-21,7.0237899,0.66535699,0.001
194,-0.14453213,-3.3875075e-19,7.076267e-19,-0.84160507,7.0952382,0.6652385,0.050000001,0.84304458,0.4250479,1.1504998e-21,7.09517,0.66530198,0.001
194,-0.15525134,3.1424946e-19,-6.1455642e-19,-0.97681504,7.1666169,0.66518509,0.050000001,0.85418814,0.3814705,-9.754691e-22,7.1665401,0.66524798,0.001
194,-0.16528916,4.3840337e-20,8.3534463e-20,-1.0969462,7.2379975,0.66513294,0.050000001,0.86602342,0.33034751,2.5420756e-22,7.2379198,0.665196,0.001
194,-0.17425156,-4.8178863e-20,1.7618049e-19,-1.1981314,7.3093748,0.66508126,0.050000001,0.87830645,0.27273482,2.9122306e-22,7.3092999,0.66514403,0.001
194,-0.18176876,1.9452477e-19,-5.0790994e-19,-1.2778445,7.3807545,0.66503048,0.050000001,0.89080334,0.20989041,-9.367874e-22,7.3806801,0.665093,0.001
194,-0.18751945,7.3916058e-20,-9.0105799e-20,-1.334487,7.4521408,0.66498035,0.050000001,0.90329939,0.14319721,-1.5372872e-22,7.4520702,0.665043,0.001
194,-0.19125003,1.4729371e-20,-8.8809788e-20,-1.3669608,7.5235229,0.66493154,0.050000001,0.91559571,0.074127823,-1.5405571e-22,7.5234499,0.664994,0.001
194,-0.1927994,-2.2838216e-21,-4.2143523e-21,-1.3743925,7.5949049,0.66488397,0.050000001,0.92750931,0.0042168563,1.2764934e-24,7.59483,0.66494602,0.001
194,-0.19210328,5.9382249e-20,-4.4281573e-20,-1.3560913,7.6662889,0.66483694,0.050000001,0.9388572,-0.064959057,-7.9757296e-23,7.6662202,0.66489899,0.001
194,-0.18919492,-6.8270551e-20,-4.3154232e-20,-1.3117957,7.7376699,0.66479075,0.050000001,0.94943494,-0.13179961,-7.7929404e-23,7.7375998,0.66485298,0.001
194,-0.18421216,1.347254e-20,4.7280878e-20,-1.2421457,7.8090587,0.66474533,0.050000001,0.95901984,-0.19472666,6.8442146e-23,7.80899,0.66480702,0.001
194,-0.17739545,2.9585604e-20,9.3755791e-20,-1.1493219,7.880445,0.66470093,0.050000001,0.96737683,-0.25225616,1.3981777e-22,7.8803701,0.66476297,0.001
194,-0.16907001,-1.4983683e-19,-1.3569509e-19,-1.0373671,7.9518304,0.66465712,0.050000001,0.97427535,-0.3031351,-2.1110276e-22,7.9517598,0.66471899,0.001
194,-0.16268221,-4.6596493e-20,-4.520248e-20,-0.95268351,8.0000687,0.66462803,0.050000001,0.97781742,-0.33240646,-7.5134912e-23,8,0.66468996,0.001
194,-0.23618929,1.3956138e-20,1.508169e-20,-1.5949469,1.0000043,0.7584151,0.050000001,0.4729217,0.094643667,7.4871443e-24,1,0.75841069,0.001
194,-0.23902531,-3.328745e-21,1.0960955e-19,-1.5748048,1.0353154,0.75812709,0.050000001,0.48359281,0.098537132,4.1840796e-22,1.03531,0.75812399,0.001
194,-0.24641703,5.5989859e-20,-9.555898e-20,-1.5481623,1.106413,0.75763321,0.050000001,0.50771904,0.10481496,-8.6881237e-22,1.10641,0.75763297,0.001
194,-0.25545326,1.1396008e-19,-4.1039268e-19,-1.5346593,1.1775337,0.75720274,0.050000001,0.53424215,0.1089993,-2.1404314e-21,1.1775301,0.757204,0.001
194,-0.2660313,2.702301e-20,-3.2317877e-19,-1.5332369,1.2486683,0.75682032,0.050000001,0.56287873,0.11057777,-9.0236236e-22,1.24866,0.756823,0.001
194,-0.27798212,-7.6657923e-20,6.9347197e-20,-1.5425665,1.3198142,0.75647336,0.050000001,0.59331757,0.1090863,9.7984047e-22,1.31981,0.756477,0.001
194,-0.29106662,-1.3847829e-19,6.8802831e-19,-1.5610856,1.3909696,0.75615203,0.050000001,0.62522268,0.10412831,2.9721506e-21,1.39097,0.75615603,0.001
194,-0.30498138,-1.8614422e-20,1.7053772e-19,-1.5871174,1.462134,0.75585032,0.050000001,0.65824848,0.095391028,4.6394503e-22,1.46213,0.75585502,0.001
194,-0.31936669,1.0555005e-20,-1.1311851e-19,-1.6189176,1.5333061,0.75556296,0.050000001,0.69204706,0.082655385,-5.2079663e-22,1.5333,0.75556803,0.001
194,-0.33381268,-1.1409704e-20,1.5673846e-19,-1.6546997,1.6044838,0.75528669,0.050000001,0.72628218,0.065799758,5.3205939e-22,1.60448,0.755292,0.001
194,-0.34787178,-2.2982317e-20,2.5323018e-21,-1.6925871,1.6756697,0.75502014,0.050000001,0.76063472,0.044789821,-3.183334e-24,1.67567,0.75502503,0.001
194,-0.36108524,-6.945329e-20,-1.1060715e-19,-1.7304946,1.7468599,0.75476152,0.050000001,0.7947979,0.019676303,7.3711415e-23,1.74686,0.754767,0.001
194,-0.37298158,-1.27413e-20,2.6394173e-19,-1.7660552,1.8180517,0.75450951,0.050000001,0.82847536,-0.0094101951,1.3116822e-21,1.81805,0.75451499,0.001
194,-0.38309479,7.7796805e-21,4.4607777e-19,-1.7965215,1.8892518,0.7542637,0.050000001,0.86137718,-0.042248279,1.9911039e-21,1.88925,0.754269,0.001
194,-0.39098722,-4.8610829e-20,-2.2938494e-19,-1.8187296,1.9604561,0.75402325,0.050000001,0.89318424,-0.078513719,-5.5924917e-22,1.9604501,0.75402802,0.001
194,-0.39625052,-3.8003947e-20,-4.524146e-19,-1.8291156,2.0316637,0.75378823,0.050000001,0.92352289,-0.11779194,-2.0564954e-21,2.0316601,0.753793,0.001
194,-0.39852783,-8.219328e-20,-6.1849825e-19,-1.8238717,2.1028776,0.75355846,0.050000001,0.95194685,-0.15953851,-2.8104776e-21,2.10288,0.75356299,0.001
194,-0.39753371,-1.8681357e-19,-9.4172931e-19,-1.7992268,2.1740935,0.75333369,0.050000001,0.97793007,-0.20305008,-3.2925421e-21,2.1740899,0.75333798,0.001
194,-0.39307564,-3.528125e-22,-6.2139003e-20,-1.7519504,2.2453175,0.75311345,0.050000001,1.0008869,-0.24746361,5.5372652e-23,2.2453201,0.75311798,0.001
194,-0.38508165,8.546697e-20,3.6925438e-19,-1.6800125,2.3165438,0.75289786,0.050000001,1.0201939,-0.29174581,1.3038513e-21,2.31654,0.75290197,0.001
194,-0.37361956,2.0794123e-21,-1.6980431e-20,-1.5830594,2.3877738,0.7526868,0.050000001,1.0352432,-0.33475032,4.5162858e-23,2.3877699,0.75269097,0.001
194,-0.35891181,1.0099972e-19,2.0584676e-19,-1.4629505,2.4590118,0.75248039,0.050000001,1.0455124,-0.37527201,5.4868232e-22,2.4590099,0.75248498,0.001
194,-0.34133679,-7.965726e-20,-1.9913148e-19,-1.3239014,2.530252,0.75227797,0.050000001,1.050652,-0.4121446,-5.1391776e-22,2.5302501,0.75228202,0.001
194,-0.32140484,-8.5134779e-20,-2.1033014e-19,-1.1720258,2.6014912,0.75207996,0.050000001,1.0505395,-0.44436187,-5.8000386e-22,2.60149,0.75208402,0.001
194,-0.29972252,9.0134168e-20,2.0118441e-19,-1.0146642,2.6727419,0.75188679,0.050000001,1.0453047,-0.47117391,4.8096721e-22,2.67274,0.75189102,0.001
194,-0.27694404,4.5770407e-21,3.0392354e-21,-0.85938042,2.7439942,0.751697,0.050000001,1.0353421,-0.49215108,-1.4131271e-24,2.7439899,0.751701,0.001
194,-0.25371185,-1.0262861e-20,-5.2065389e-21,-0.71285439,2.8152459,0.75151068,0.050000001,1.0212634,-0.5072102,0,2.8152399,0.75151497,0.001
194,-0.23060924,1.8989218e-19,3.5366758e-19,-0.58020991,2.8865063,0.75132906,0.050000001,1.0038128,-0.51658624,7.4447689e-22,2.8864999,0.751333,0.001
194,-0.20812875,1.1279927e-19,1.8739028e-19,-0.46460229,2.9577687,0.7511518,0.050000001,0.98379731,-0.52076095,3.8911303e-22,2.9577601,0.75115597,0.001
194,-0.18665026,-1.9529752e-19,-3.4717822e-19,-0.36719689,3.0290346,0.75097728,0.050000001,0.96200109,-0.52037674,-6.4374857e-22,3.0290301,0.75098097,0.001
194,-0.16644047,-1.0895171e-19,-1.7096314e-19,-0.28755406,3.1003046,0.75080717,0.050000001,0.93912297,-0.5161491,-2.7759038e-22,3.1003001,0.75081098,0.001
194,-0.14766479,3.9339268e-21,3.3485434e-21,-0.22411931,3.1715741,0.75064033,0.050000001,0.91574693,-0.50879282,7.9878951e-24,3.1715701,0.75064403,0.001
194,-0.13040222,-3.1304065e-21,-1.3323533e-21,-0.17473096,3.2428458,0.75047684,0.050000001,0.8923223,-0.49896759,0,3.2428401,0.75048101,0.001
194,-0.11466281,9.7772529e-20,1.4717196e-19,-0.13702753,3.314126,0.75031728,0.050000001,0.86916423,-0.48724714,1.9899589e-22,3.3141201,0.75032097,0.001
194,-0.10041174,-1.686724e-19,-3.0709062e-19,-0.10876669,3.3854098,0.75016117,0.050000001,0.84647429,-0.47410798,-2.9370079e-22,3.3854101,0.75016499,0.001
194,-0.087583728,-9.8868304e-20,-1.6086322e-19,-0.088002861,3.4566939,0.75000793,0.050000001,0.82436055,-0.45993075,-2.1002341e-22,3.4566901,0.75001103,0.001
194,-0.076092668,-3.8301141e-20,-6.5437547e-20,-0.073156469,3.5279844,0.74985832,0.050000001,0.80285156,-0.44500682,-2.9355117e-23,3.5279801,0.74986202,0.001
194,-0.065845616,-8.789702e-20,-1.5299566e-19,-0.063048951,3.5992739,0.74971151,0.050000001,0.78191996,-0.42955694,-1.491864e-22,3.5992701,0.74971497,0.001
194,-0.056747548,1.8530461e-19,3.5459995e-19,-0.056922246,3.6705658,0.74956787,0.050000001,0.76149607,-0.41374379,2.4301995e-22,3.6705599,0.74957103,0.001
194,-0.048707038,7.4407539e-20,1.3708168e-19,-0.054508157,3.741864,0.7494275,0.050000001,0.74147373,-0.39769214,8.8281657e-23,3.7418599,0.74943101,0.001
194,-0.041640136,6.8133995e-20,1.2535662e-19,-0.056315649,3.8131642,0.74928969,0.050000001,0.72171235,-0.38151789,5.4034012e-23,3.8131599,0.74929303,0.001
194,-0.035472985,-8.31027e-21,5.80881e-21,-0.06413468,3.8844662,0.74915463,0.050000001,0.70201665,-0.36537763,-2.2215866e-23,3.88446,0.74915802,0.001
194,-0.030145161,-1.3475159e-19,-2.4873691e-19,-0.081290446,3.9557717,0.7490226,0.050000001,0.68209088,-0.34954536,-1.152798e-22,3.95577,0.749026,0.001
194,-0.025613625,-9.3420428e-20,-1.814886e-19,-0.11171062,4.0270796,0.74889386,0.050000001,0.66149426,-0.33448249,-6.6067404e-23,4.0270801,0.74889702,0.001
194,-0.021856192,-5.7456056e-20,-1.2157686e-19,-0.156905,4.0983896,0.74876791,0.050000001,0.63965005,-0.320811,-3.1329453e-23,4.0983901,0.74877101,0.001
194,-0.018872622,3.864589e-21,-1.0582686e-20,-0.21178187,4.1697021,0.74864405,0.050000001,0.61599392,-0.30909443,1.1471148e-23,4.1697001,0.74864697,0.001
194,-0.016679086,5.7516324e-20,1.0173158e-19,-0.2621333,4.2410159,0.74852288,0.050000001,0.59027845,-0.29943666,3.4685536e-23,4.2410102,0.74852598,0.001
194,-0.015293879,-6.7862649e-21,1.0897756e-21,-0.28674355,4.3123336,0.74840426,0.050000001,0.56291604,-0.2910687,-1.8761872e-23,4.3123298,0.74840802,0.001
194,-0.014714646,2.1048738e-20,3.8590124e-20,-0.26488355,4.3836536,0.74828804,0.050000001,0.53516638,-0.28219801,8.1921217e-24,4.3836498,0.74829102,0.001
194,-0.014892843,-2.476751e-20,-5.0352423e-20,-0.18566661,4.4549761,0.74817473,0.050000001,0.50898331,-0.27030692,-7.6315919e-24,4.4549699,0.74817801,0.001
194,-0.015717689,-1.4634116e-19,-2.6922578e-19,-0.05379118,4.5263019,0.74806327,0.050000001,0.48654407,-0.25283742,-1.0346505e-22,4.5263,0.74806601,0.001
194,-0.017016565,-1.1565996e-20,-1.6176455e-21,0.1117167,4.5976257,0.74795425,0.050000001,0.46967134,-0.22795494,-8.1868994e-24,4.59762,0.74795699,0.001
194,-0.018576695,4.9020927e-20,1.3221288e-19,0.28500226,4.6689539,0.74784744,0.050000001,0.4594005,-0.19503285,2.4364466e-23,4.6689501,0.74785101,0.001
194,-0.02017916,-1.8975383e-20,-3.8615634e-20,0.44245249,4.7402859,0.74774283,0.050000001,0.45587859,-0.15469207,-4.525653e-23,4.7402802,0.74774599,0.001
194,-0.021633815,-4.9953284e-21,-4.2085237e-20,0.5687744,4.8116183,0.74764073,0.050000001,0.45854753,-0.10845757,-3.7064074e-23,4.8116102,0.74764401,0.001
194,-0.022804027,5.4396823e-21,4.3666541e-20,0.6582194,4.8829541,0.74754024,0.050000001,0.46646163,-0.058275357,1.280591e-23,4.8829498,0.74754298,0.001
194,-0.023618005,-4.1576128e-22,4.3999886e-20,0.71223211,4.9542918,0.74744207,0.050000001,0.47857776,-0.0061036721,3.285936e-23,4.9542899,0.74744499,0.001
194,-0.024064995,1.1746041e-20,-4.8351495e-20,0.73592293,5.0256281,0.74734557,0.050000001,0.49393395,0.046328291,-1.9983833e-23,5.02562,0.74734902,0.001
194,-0.024181152,-1.8064696e-20,9.4518775e-20,0.73524213,5.0969682,0.74725121,0.050000001,0.51171017,0.097608343,4.2108508e-23,5.0969601,0.74725401,0.001
194,-0.024036821,-1.6157655e-20,9.3923929e-20,0.71557951,5.1683116,0.747159,0.050000001,0.53121585,0.14662556,5.2492436e-23,5.1683102,0.74716198,0.001
194,-0.023724547,3.214462e-20,-1.023326e-19,0.68141431,5.2396564,0.74706864,0.050000001,0.55185944,0.19253583,-1.3944759e-23,5.2396498,0.74707198,0.001
194,-0.023347355,-2.4436676e-20,5.4405924e-20,0.63646352,5.3109999,0.74697977,0.050000001,0.57312423,0.23473792,3.0577675e-23,5.3109999,0.74698299,0.001
194,-0.023008902,-7.0181254e-20,1.6432269e-19,0.5839439,5.3823438,0.74689299,0.050000001,0.59454989,0.2728397,4.9528171e-23,5.38234,0.74689603,0.001
194,-0.022806006,-2.4057702e-23,3.8892168e-22,0.52673084,5.4536939,0.74680823,0.050000001,0.61573279,0.30664843,7.006359e-27,5.4536901,0.74681097,0.001
194,-0.022823427,2.7151163e-20,-5.6792767e-20,0.46743304,5.525044,0.74672502,0.050000001,0.63632357,0.33614755,-1.4729193e-23,5.5250401,0.746728,0.001
194,-0.023130784,2.9191443e-20,-6.0893909e-20,0.40837905,5.596396,0.74664325,0.050000001,0.65603679,0.36148039,-4.715986e-24,5.5963898,0.74664599,0.001
194,-0.023781613,-3.4035477e-21,2.6798279e-21,0.35154676,5.6677518,0.74656302,0.050000001,0.67465162,0.38292524,5.3529001e-24,5.6677499,0.746566,0.001
194,-0.024814434,-3.8516479e-20,6.6266518e-20,0.2985318,5.7391038,0.74648434,0.050000001,0.69200867,0.40086311,2.1970649e-23,5.7391,0.74648702,0.001
194,-0.026255015,6.6433686e-20,-1.2747714e-19,0.25055125,5.8104615,0.74640787,0.050000001,0.70801133,0.41575155,-1.3494412e-23,5.8104601,0.74641103,0.001
194,-0.02811946,-7.7204377e-21,5.9280189e-21,0.2084745,5.8818245,0.74633217,0.050000001,0.7226119,0.42809412,2.1305476e-23,5.8818202,0.74633503,0.001
194,-0.030417409,4.2398848e-20,-6.8989642e-20,0.17284863,5.9531817,0.74625814,0.050000001,0.73580319,0.43841866,-2.8590219e-23,5.9531798,0.746261,0.001
194,-0.033155523,2.0487397e-19,-3.4635422e-19,0.14390352,6.0245419,0.74618602,0.050000001,0.74760801,0.44725943,-1.3598274e-22,6.0245399,0.746189,0.001
194,-0.036340754,8.4508242e-20,-1.4250387e-19,0.12149741,6.0959044,0.74611503,0.050000001,0.75807124,0.4551402,-6.3296583e-23,6.0959001,0.74611801,0.001
194,-0.039983433,4.5060945e-20,-7.2749462e-20,0.10494528,6.1672659,0.74604517,0.050000001,0.76725894,0.4625524,-3.7204043e-23,6.1672602,0.74604797,0.001
194,-0.044100154,4.1043746e-20,-7.1827783e-20,0.092762299,6.2386322,0.74597722,0.050000001,0.77526158,0.46992072,-3.0313037e-23,6.2386298,0.74598002,0.001
194,-0.048716415,4.4191588e-20,-7.2854152e-20,0.082406558,6.3099961,0.74591047,0.050000001,0.78220826,0.47754809,-3.3906463e-23,6.3099899,0.74591303,0.001
194,-0.053869974,9.050735e-20,-1.4630044e-19,0.070133269,6.3813639,0.7458446,0.050000001,0.78828412,0.48554337,-8.9804411e-23,6.3813601,0.74584699,0.001
194,-0.059610259,4.4953547e-20,-7.4023605e-20,0.051106334,6.4527364,0.74578041,0.050000001,0.79374069,0.4937368,-5.6779785e-23,6.4527302,0.74578297,0.001
194,-0.065996848,4.8021508e-20,-7.682133e-20,0.019904874,6.5241036,0.74571717,0.050000001,0.79889822,0.50161028,-6.5045936e-23,6.5240998,0.74572003,0.001
194,-0.073093213,-4.8422462e-20,7.2438811e-20,-0.028601157,6.5954738,0.74565494,0.050000001,0.80412751,0.5082705,7.162852e-23,6.59547,0.74565798,0.001
194,-0.080955073,-4.8299409e-20,7.5219482e-20,-0.098206915,6.6668463,0.74559414,0.050000001,0.80981553,0.51248753,6.2560551e-23,6.6668401,0.745597,0.001
194,-0.089614071,4.9285078e-20,-7.4115467e-20,-0.19039962,6.7382159,0.74553478,0.050000001,0.8163175,0.51280606,-6.8858842e-23,6.7382102,0.745538,0.001
194,-0.099058397,4.4926025e-22,1.5409629e-23,-0.30381167,6.8095922,0.74547613,0.050000001,0.82390815,0.5077225,-1.5321889e-25,6.8095899,0.74547899,0.001
194,-0.10921276,4.3129808e-20,-7.7931406e-20,-0.43428758,6.8809662,0.74541897,0.050000001,0.83274633,0.495886,-9.1909231e-23,6.88096,0.74542201,0.001
194,-0.11992736,8.449986e-20,-1.6115205e-19,-0.5755704,6.952342,0.74536276,0.050000001,0.84286213,0.47627643,-1.9979089e-22,6.9523401,0.74536598,0.001
194,-0.13097218,-4.645393e-20,7.9994834e-20,-0.72033828,7.0237155,0.74530733,0.050000001,0.8541643,0.44832748,1.1070392e-22,7.0237098,0.74531001,0.001
194,-0.14204651,-5.1736338e-20,8.2552535e-20,-0.86133564,7.0950937,0.74525315,0.050000001,0.86647034,0.4119629,8.9551648e-23,7.0950899,0.74525601,0.001
194,-0.15279284,7.9435358e-21,3.3055002e-21,-0.99220616,7.1664743,0.74520016,0.050000001,0.87953985,0.36756858,-2.5702272e-24,7.1664701,0.74520302,0.001
194,-0.16282386,-1.486278e-20,-6.8373013e-21,-1.1079412,7.2378545,0.74514842,0.050000001,0.89310694,0.31591123,-1.3517739e-23,7.2378502,0.74515098,0.001
194,-0.17174935,-3.1883871e-20,1.2424863e-19,-1.204946,7.3092341,0.74509746,0.050000001,0.90690655,0.25804105,2.2615807e-22,7.3092299,0.74510002,0.001
194,-0.1792023,-2.0051991e-20,8.8917321e-20,-1.2808133,7.3806162,0.74504721,0.050000001,0.92069054,0.19519809,1.3918668e-22,7.38061,0.74505001,0.001
194,-0.18486467,3.0136807e-20,-2.1683979e-19,-1.3339069,7.452002,0.74499732,0.050000001,0.93423253,0.12874833,-3.8236989e-22,7.4520001,0.745,0.001
194,-0.18848616,1.9549984e-21,-5.4403633e-21,-1.3629544,7.5233841,0.74494898,0.050000001,0.9473238,0.060150541,2.0971076e-25,7.5233798,0.74495202,0.001
194,-0.18990442,6.9618953e-21,2.2573319e-19,-1.3668146,7.5947661,0.7449016,0.050000001,0.95976448,-0.0090747084,3.9123722e-22,7.5947599,0.74490398,0.001
194,-0.18905269,1.9780103e-20,1.4211333e-19,-1.344522,7.6661496,0.74485499,0.050000001,0.97134918,-0.077345662,2.3161517e-22,7.6661501,0.74485803,0.001
194,-0.18597153,7.8294089e-22,-4.6281789e-20,-1.2956756,7.7375336,0.74480915,0.050000001,0.98185563,-0.14303605,-7.8028681e-23,7.7375302,0.74481201,0.001
194,-0.180814,1.5745191e-20,4.0389633e-20,-1.2210276,7.8089242,0.74476439,0.050000001,0.99104357,-0.20454681,7.1505142e-23,7.8089199,0.74476701,0.001
194,-0.17383471,5.7295344e-20,1.8840746e-19,-1.1231445,7.8803096,0.74472016,0.050000001,0.99866736,-0.26039422,2.7555722e-22,7.8803101,0.74472302,0.001
194,-0.16537087,-4.0558523e-20,-1.3233397e-19,-1.0066637,7.9516935,0.74467653,0.050000001,1.0045044,-0.30935398,-2.1288503e-22,7.9516902,0.74467897,0.001
194,-0.15890306,-3.1687826e-20,-1.0661399e-19,-0.91955799,8.0000038,0.74464768,0.050000001,1.0071309,-0.33725759,-1.7031795e-22,8,0.7446506,0.001
194,-0.23637401,-2.1304528e-20,2.744211e-19,-1.9911569,0.99999923,0.83821803,0.050000001,0.62505335,0.072007298,8.5419384e-22,1,0.83821028,0.001
194,-0.23924869,-5.762999e-20,6.9542553e-19,-1.9605284,1.0351796,0.83794552,0.050000001,0.6327492,0.074307106,2.073449e-21,1.03518,0.83793902,0.001
194,-0.24659714,-5.4954539e-20,7.327687e-19,-1.9093888,1.1062807,0.83747226,0.050000001,0.65144199,0.077626191,2.0835169e-21,1.10628,0.83746803,0.001
194,-0.25541779,2.7243804e-20,-8.2310158e-20,-1.8690827,1.1774051,0.83705693,0.050000001,0.67301774,0.079135545,-4.1829459e-22,1.17741,0.83705503,0.001
194,-0.26558334,5.2884448e-20,-4.3200332e-19,-1.8393044,1.2485416,0.8366847,0.050000001,0.69717157,0.078369901,-1.3499307e-21,1.24854,0.83668399,0.001
194,-0.27690858,2.8951845e-20,-1.741579e-19,-1.8193687,1.3196921,0.83634484,0.050000001,0.72356755,0.074901149,-4.2963147e-22,1.31969,0.83634502,0.001
194,-0.28914878,-1.4493158e-20,-1.5543462e-19,-1.8081937,1.3908497,0.8360287,0.050000001,0.75183856,0.068356492,-5.0951539e-22,1.3908499,0.83602899,0.001
194,-0.30200383,5.9743096e-21,-2.8593568e-19,-1.8043662,1.4620154,0.83573103,0.050000001,0.78160316,0.058435582,-1.0163898e-21,1.46202,0.83573198,0.001
194,-0.31512517,1.8768476e-20,-2.8670654e-19,-1.8062693,1.5331899,0.8354466,0.050000001,0.81247169,0.044921588,-1.1493813e-21,1.53319,0.83544803,0.001
194,-0.32812306,7.6399977e-21,1.9361294e-19,-1.8119414,1.6043723,0.83517253,0.050000001,0.84405345,0.02768019,5.8263504e-22,1.60437,0.83517402,0.001
194,-0.34057263,-2.3208182e-21,-1.3339185e-22,-1.8189934,1.6755604,0.83490819,0.050000001,0.87594402,0.0066632046,1.4440445e-25,1.67556,0.83490998,0.001
194,-0.35203633,-6.1472485e-21,-9.8746805e-19,-1.8247551,1.7467502,0.83465123,0.050000001,0.90772736,-0.018078078,-3.5232199e-21,1.74675,0.83465302,0.001
194,-0.36208221,-2.6194938e-20,-7.1110835e-19,-1.8263369,1.8179443,0.83440059,0.050000001,0.9389925,-0.046386961,-2.404737e-21,1.81794,0.83440202,0.001
194,-0.37029338,-2.8313413e-20,-2.0526411e-19,-1.8206537,1.8891462,0.8341558,0.050000001,0.96931046,-0.078006096,-5.9373438e-22,1.88915,0.83415699,0.001
194,-0.37627107,3.1389032e-20,2.2095033e-19,-1.8045311,1.9603503,0.8339166,0.050000001,0.99819839,-0.11257067,5.4740459e-22,1.96035,0.83391798,0.001
194,-0.37965405,6.7920789e-20,4.0264247e-19,-1.7748258,2.0315604,0.83368284,0.050000001,1.0251298,-0.14960259,1.2304637e-21,2.0315599,0.83368403,0.001
194,-0.38014734,4.77518e-21,-1.5222372e-21,-1.7286719,2.1027722,0.83345377,0.050000001,1.0495353,-0.18848419,3.4061909e-23,2.1027701,0.83345503,0.001
194,-0.37753874,-6.4460046e-20,-3.9765144e-19,-1.663871,2.1739898,0.83322984,0.050000001,1.0708109,-0.22846092,-1.256043e-21,2.17399,0.83323097,0.001
194,-0.37171569,4.1672806e-21,-3.4475537e-20,-1.5792634,2.2452161,0.8330102,0.050000001,1.0883512,-0.26864529,4.2942035e-23,2.2452199,0.83301097,0.001
194,-0.36268604,5.3373684e-20,1.9249485e-19,-1.4751287,2.3164423,0.8327952,0.050000001,1.101593,-0.30804205,6.3403858e-22,2.3164401,0.83279598,0.001
194,-0.35058883,2.0730259e-20,1.555822e-20,-1.3534629,2.3876722,0.83258474,0.050000001,1.1100658,-0.34561479,-8.7608709e-23,2.38767,0.83258599,0.001
194,-0.33569705,7.7864605e-20,2.0467788e-19,-1.2180167,2.4589102,0.83237869,0.050000001,1.113461,-0.38034302,4.8890514e-22,2.45891,0.83238,0.001
194,-0.31840709,2.3889691e-21,1.8482949e-20,-1.0738902,2.5301504,0.8321771,0.050000001,1.1116856,-0.41130954,-3.1736146e-23,2.5301499,0.832178,0.001
194,-0.29921064,-2.4574163e-19,-6.0236492e-19,-0.92708206,2.601392,0.83197993,0.050000001,1.1048834,-0.43778819,-1.5089807e-21,2.6013899,0.831981,0.001
194,-0.27865681,-9.0698403e-20,-2.2479783e-19,-0.78379726,2.6726425,0.83178717,0.050000001,1.0934337,-0.45930296,-4.4577442e-22,2.6726401,0.831788,0.001
194,-0.25731117,2.6555098e-19,5.9551943e-19,-0.64947718,2.7438948,0.8315981,0.050000001,1.077919,-0.47565565,1.2979203e-21,2.74389,0.831599,0.001
194,-0.23571016,8.678324e-20,2.1281302e-19,-0.52821642,2.8151507,0.83141267,0.050000001,1.059054,-0.48691875,4.0818559e-22,2.81515,0.83141398,0.001
194,-0.21432944,-8.2172712e-21,-5.6435512e-21,-0.42259631,2.886411,0.83123124,0.050000001,1.0376215,-0.49339232,-6.2156238e-23,2.88641,0.83123201,0.001
194,-0.19356123,1.7561343e-19,3.8316813e-19,-0.33353603,2.9576705,0.83105403,0.050000001,1.0143988,-0.49554086,5.8991917e-22,2.95767,0.83105499,0.001
194,-0.17370521,-9.563711e-20,-1.6879128e-19,-0.26055562,3.0289345,0.83088058,0.050000001,0.99008739,-0.49392378,-2.9289714e-22,3.0289299,0.830881,0.001
194,-0.15496893,-1.8609425e-19,-3.6518445e-19,-0.20229088,3.1002045,0.83071136,0.050000001,0.96528113,-0.48912951,-5.7010586e-22,3.1001999,0.83071202,0.001
194,-0.1374819,3.8536895e-21,-4.6067671e-21,-0.15679957,3.1714783,0.83054465,0.050000001,0.94045323,-0.48172662,0,3.1714799,0.83054501,0.001
194,-0.12130807,4.4338726e-20,8.6280444e-20,-0.12193813,3.2427545,0.83038205,0.050000001,0.91595179,-0.47223169,8.5326982e-23,3.2427499,0.830383,0.001
194,-0.10645663,-1.6928085e-19,-3.2181702e-19,-0.095646486,3.3140347,0.83022326,0.050000001,0.89200538,-0.46108931,-3.3157752e-22,3.3140299,0.83022398,0.001
194,-0.092901342,-2.955886e-19,-5.6703831e-19,-0.076128997,3.3853142,0.83006752,0.050000001,0.86874926,-0.44866702,-5.7331492e-22,3.3853099,0.83006799,0.001
194,-0.080590323,-8.5611507e-20,-1.5940949e-19,-0.061896134,3.4566,0.82991487,0.050000001,0.8462413,-0.43525791,-1.5634401e-22,3.4566,0.82991499,0.001
194,-0.069456309,-3.7788316e-21,4.4239283e-21,-0.051782634,3.5278902,0.82976592,0.050000001,0.82448179,-0.42108935,-2.0631e-24,3.52789,0.82976598,0.001
194,-0.059423722,2.1539662e-21,7.5207205e-21,-0.044950768,3.59918,0.82961994,0.050000001,0.80342704,-0.40633267,1.783769e-23,3.59918,0.82962,0.001
194,-0.05041457,-6.96575e-20,-1.3717033e-19,-0.040848896,3.670476,0.82947665,0.050000001,0.78300256,-0.39111438,-5.6060949e-23,3.67048,0.82947701,0.001
194,-0.042352978,-6.4781425e-20,-1.4732935e-19,-0.039256286,3.7417748,0.8293364,0.050000001,0.76311165,-0.37552911,-5.5842473e-23,3.74177,0.829337,0.001
194,-0.035166651,-6.1834013e-20,-1.4013178e-19,-0.040419631,3.8130746,0.82919943,0.050000001,0.74363321,-0.35965395,-4.4031988e-23,3.8130701,0.82920003,0.001
194,-0.028791113,-6.9827873e-20,-1.3215249e-19,-0.045394786,3.8843782,0.82906544,0.050000001,0.72441775,-0.34358081,-6.4308515e-23,3.8843801,0.82906598,0.001
194,-0.023171915,-6.2774304e-20,-1.2493665e-19,-0.056546561,3.955682,0.82893419,0.050000001,0.70525843,-0.32746866,-4.6522488e-23,3.9556799,0.82893503,0.001
194,-0.018266078,-6.0745695e-20,-1.2756801e-19,-0.07762675,4.0269899,0.8288058,0.050000001,0.68583578,-0.31161484,-4.0462487e-23,4.0269899,0.82880598,0.001
194,-0.014047374,2.5573646e-20,6.0766652e-20,-0.11238502,4.0982995,0.82868046,0.050000001,0.6656822,-0.29650903,5.5796806e-24,4.0983,0.82868099,0.001
194,-0.010508714,7.4542557e-20,1.8066953e-19,-0.16135243,4.1696119,0.82855749,0.050000001,0.64421362,-0.28276747,1.6047908e-23,4.16961,0.82855803,0.001
194,-0.0076616053,7.7832855e-20,1.7372503e-19,-0.21801963,4.2409301,0.82843685,0.050000001,0.62090796,-0.27088377,2.6613267e-23,4.2409301,0.82843697,0.001
194,-0.0055295676,5.1336503e-20,1.0768111e-19,-0.26722345,4.3122506,0.8283186,0.050000001,0.59561825,-0.26083735,1.7612653e-23,4.3122501,0.82831901,0.001
194,-0.004132587,2.370621e-20,4.8966843e-20,-0.28828657,4.3835702,0.82820344,0.050000001,0.56888878,-0.25174496,7.4055911e-24,4.3835702,0.82820398,0.001
194,-0.0034660038,-2.486702e-20,-5.1149534e-20,-0.26260892,4.4548922,0.82809067,0.050000001,0.54207408,-0.24180359,-7.6344105e-24,4.4548898,0.82809103,0.001
194,-0.0034795378,-9.8618954e-20,-2.4115758e-19,-0.18210714,4.5262184,0.8279798,0.050000001,0.5171361,-0.22864909,-2.0321455e-24,4.5262198,0.82797998,0.001
194,-0.0040660803,-5.6178624e-20,-1.4302801e-19,-0.053586747,4.5975394,0.82787168,0.050000001,0.49616835,-0.21002124,-2.813052e-24,4.5975399,0.82787198,0.001
194,-0.0050679012,4.7012125e-20,1.3680966e-19,0.10361912,4.66887,0.82776564,0.050000001,0.4808422,-0.18443023,2.5224847e-24,4.66887,0.827766,0.001
194,-0.0062989984,-3.2635057e-20,-1.3280488e-19,0.2650286,4.7402043,0.82766163,0.050000001,0.47204688,-0.15153395,-8.1670367e-24,4.7402,0.82766199,0.001
194,-0.0075775101,-4.060955e-20,-1.3568903e-19,0.40918338,4.8115382,0.82755983,0.050000001,0.46982574,-0.11209846,1.6812734e-23,4.8115401,0.82756001,0.001
194,-0.0087552145,2.0711615e-20,8.359906e-20,0.52267855,4.8828721,0.82746023,0.050000001,0.47357133,-0.067658208,5.2992388e-23,4.8828702,0.82745999,0.001
194,-0.0097359959,-1.0178757e-21,1.3524307e-19,0.6009295,4.9542103,0.8273629,0.050000001,0.48232651,-0.020063106,4.368901e-23,4.9542098,0.82736301,0.001
194,-0.01047996,-2.277683e-21,9.1055887e-20,0.64582497,5.0255504,0.82726699,0.050000001,0.49505216,0.028871022,2.8346385e-23,5.0255499,0.82726699,0.001
194,-0.010996339,1.6407596e-20,-1.4108626e-19,0.66250706,5.0968904,0.82717341,0.050000001,0.51079178,0.077571437,-2.2595654e-23,5.09689,0.82717401,0.001
194,-0.011331545,2.0189724e-20,-9.6621009e-20,0.65690827,5.1682324,0.8270818,0.050000001,0.52872699,0.12477817,-2.9384365e-23,5.1682301,0.82708198,0.001
194,-0.011555666,8.209871e-21,-2.3297807e-21,0.63444984,5.2395778,0.82699203,0.050000001,0.54817396,0.16953371,-2.0011287e-23,5.2395802,0.82699198,0.001
194,-0.011751415,5.0792997e-21,-1.8501405e-21,0.59963012,5.3109221,0.826904,0.050000001,0.56855375,0.21114419,-1.5171251e-23,5.3109198,0.826904,0.001
194,-0.012004511,-2.7736393e-20,5.6728576e-20,0.55612057,5.3822699,0.82681805,0.050000001,0.58937263,0.24915177,1.4754725e-23,5.3822699,0.82681799,0.001
194,-0.012396325,-2.8050144e-20,5.8691327e-20,0.50699222,5.45362,0.82673389,0.050000001,0.61020374,0.28329718,6.9244222e-24,5.45362,0.82673401,0.001
194,-0.012999033,5.8020497e-20,-1.1708023e-19,0.45486319,5.5249701,0.82665104,0.050000001,0.63067949,0.31349808,-2.2570737e-23,5.5249701,0.82665098,0.001
194,-0.013872446,2.8003906e-20,-5.9168824e-20,0.40201673,5.5963244,0.82657003,0.050000001,0.65049434,0.33982915,-3.5147114e-24,5.5963202,0.82656997,0.001
194,-0.015063122,-6.8548638e-20,1.228149e-19,0.35040951,5.6676807,0.82649064,0.050000001,0.66940516,0.36249879,3.8517869e-23,5.6676798,0.826491,0.001
194,-0.016605038,-7.4288141e-20,1.3022786e-19,0.30165794,5.7390318,0.8264128,0.050000001,0.68722713,0.38181975,3.688795e-23,5.7390299,0.82641298,0.001
194,-0.018521642,7.7116569e-20,-1.3205239e-19,0.25704268,5.8103924,0.82633686,0.050000001,0.70383579,0.39818916,-3.9886707e-23,5.81039,0.82633698,0.001
194,-0.020828094,3.4975057e-20,-6.4876693e-20,0.21753058,5.8817525,0.826262,0.050000001,0.71915531,0.41205817,-1.0607408e-23,5.8817501,0.826262,0.001
194,-0.023534209,-1.5689627e-19,2.7225505e-19,0.18375772,5.9531097,0.82618886,0.050000001,0.7331531,0.42391366,7.9041742e-23,5.9531102,0.82618898,0.001
194,-0.026647685,8.5406196e-22,-6.5905444e-22,0.15597637,6.0244722,0.82611704,0.050000001,0.74583262,0.43425691,3.5343016e-24,6.0244699,0.82611698,0.001
194,-0.030177049,1.2081355e-19,-2.1025994e-19,0.13399008,6.0958347,0.82604688,0.050000001,0.75722802,0.44358164,-6.1973033e-23,6.09583,0.826047,0.001
194,-0.034134846,4.1962514e-20,-7.0544425e-20,0.11696422,6.1671982,0.82597786,0.050000001,0.76740646,0.45234698,-2.580696e-23,6.1672001,0.82597798,0.001
194,-0.038539901,1.305812e-19,-2.165043e-19,0.10318995,6.2385621,0.82591003,0.050000001,0.77647281,0.46093258,-1.0747802e-22,6.2385602,0.82590997,0.001
194,-0.043421075,8.8456019e-20,-1.4463871e-19,0.089930162,6.3099303,0.82584381,0.050000001,0.78458393,0.46958309,-7.7275666e-23,6.3099298,0.82584399,0.001
194,-0.048818812,-8.6418118e-20,1.4770876e-19,0.073370375,6.3812981,0.82577884,0.050000001,0.7919572,0.47833586,7.3174094e-23,6.3813,0.82577902,0.001
194,-0.054785069,-4.4874619e-20,7.5750066e-20,0.048848875,6.4526682,0.82571501,0.050000001,0.79887724,0.48694631,4.3797876e-23,6.4526701,0.82571501,0.001
194,-0.061380863,-4.416768e-20,7.6549969e-20,0.011423149,6.5240378,0.8256526,0.050000001,0.80568725,0.49483725,5.0022658e-23,6.5240402,0.82565302,0.001
194,-0.06866952,-4.4840298e-20,7.658254e-20,-0.043326031,6.595408,0.82559097,0.050000001,0.81276369,0.50109023,4.9578882e-23,6.5954099,0.82559103,0.001
194,-0.076704621,4.731825e-20,-7.5597109e-20,-0.11835786,6.66678,0.82553077,0.050000001,0.82047719,0.50449693,-7.0767046e-23,6.66678,0.82553101,0.001
194,-0.08551392,-4.524371e-20,7.8925645e-20,-0.21440344,6.738152,0.825472,0.050000001,0.82914495,0.50367785,7.8328909e-23,6.7381501,0.825472,0.001
194,-0.095080905,-1.7694062e-21,-3.0070323e-22,-0.32960847,6.8095284,0.82541418,0.050000001,0.83898956,0.49724776,-1.6467514e-23,6.8095298,0.825414,0.001
194,-0.10532548,8.9671955e-20,-1.5892052e-19,-0.45969343,6.8809023,0.82535762,0.050000001,0.85010988,0.48399597,-1.5834707e-22,6.8808999,0.82535797,0.001
194,-0.11609478,7.9726317e-20,-1.6636397e-19,-0.59863234,6.95228,0.82530177,0.050000001,0.86247671,0.46304011,-1.974251e-22,6.95228,0.825302,0.001
194,-0.12715809,5.7245829e-20,-1.2649984e-19,-0.73957592,7.0236583,0.82524741,0.050000001,0.87594563,0.43392831,-1.5027401e-22,7.0236602,0.825248,0.001
194,-0.13821466,-2.3719275e-20,3.6779891e-20,-0.87584001,7.0950322,0.82519382,0.050000001,0.89028817,0.39666662,5.4738888e-23,7.0950298,0.825194,0.001
194,-0.14891146,-1.7917391e-20,4.0830821e-20,-1.0016133,7.16641,0.82514101,0.050000001,0.90523106,0.35167795,6.9739671e-23,7.16641,0.82514101,0.001
194,-0.15886518,4.0294721e-20,-1.7626149e-19,-1.1123013,7.237792,0.82508987,0.050000001,0.92048126,0.29973814,-2.7986195e-22,7.2377901,0.82508999,0.001
194,-0.1676894,2.9371867e-21,9.3227173e-22,-1.2045661,7.3091741,0.82503945,0.050000001,0.93575168,0.24188498,-3.1432922e-25,7.3091698,0.82503903,0.001
194,-0.17502151,-2.9920267e-20,4.3371445e-20,-1.2760775,7.380558,0.82498986,0.050000001,0.95077837,0.17933302,4.7988031e-23,7.3805599,0.82498997,0.001
194,-0.18054673,1.6077577e-20,-1.3536632e-19,-1.3251121,7.4519401,0.8249408,0.050000001,0.96531957,0.11342785,-2.2641343e-22,7.4519401,0.82494098,0.001
194,-0.18401848,-2.0084834e-20,8.2094561e-20,-1.3501971,7.5233221,0.82489306,0.050000001,0.97915262,0.045603029,1.5403905e-22,7.5233202,0.824893,0.001
194,-0.18527699,-1.0555528e-20,1.2837282e-19,-1.3499095,7.594708,0.82484603,0.050000001,0.9920581,-0.022622894,2.4121233e-22,7.5947099,0.82484603,0.001
194,-0.18426277,3.0940536e-20,2.8005213e-19,-1.323045,7.6660919,0.82479978,0.050000001,1.0038053,-0.089646578,4.6049423e-22,7.66609,0.82480001,0.001
194,-0.18102674,1.5533193e-20,5.5444546e-20,-1.2691545,7.7374802,0.82475477,0.050000001,1.01415,-0.1538263,6.7837866e-23,7.7374802,0.82475501,0.001
194,-0.17573369,-1.1736303e-20,-1.4034401e-19,-1.1892688,7.8088679,0.82471037,0.050000001,1.02283,-0.21354699,-2.3567087e-22,7.8088698,0.82471001,0.001
194,-0.16865233,3.5403834e-20,9.5280692e-20,-1.0864681,7.8802519,0.82466686,0.050000001,1.0295948,-0.26734486,1.2261805e-22,7.88025,0.82466698,0.001
194,-0.16013131,-4.0853355e-20,-1.3957557e-19,-0.96599132,7.9516397,0.82462376,0.050000001,1.0342398,-0.31405339,-2.0395727e-22,7.9516401,0.824624,0.001
194,-0.15365395,-8.6208828e-20,-2.7193426e-19,-0.87715143,8,0.82459515,0.050000001,1.0358622,-0.3403821,-3.7248926e-22,8,0.82459551,0.001
194,-0.23693165,-1.2151954e-20,2.5870922e-19,-2.1648953,0.99999762,0.91797405,0.050000001,0.80046844,0.057082642,5.9277023e-22,1,0.91796678,0.001
194,-0.23974285,-2.2602831e-20,3.3077221e-19,-2.1381495,1.0350165,0.91772103,0.050000001,0.80504209,0.057596914,7.914519e-22,1.03502,0.91771501,0.001
194,-0.24680606,-2.3599153e-20,1.1332851e-20,-2.087831,1.106126,0.91727376,0.050000001,0.81756806,0.057509001,1.5331968e-23,1.10613,0.91727,0.001
194,-0.25513631,7.7201179e-21,-1.8678988e-19,-2.0421939,1.1772568,0.91687715,0.050000001,0.83313078,0.055874981,-4.4601665e-22,1.17726,0.916875,0.001
194,-0.26459172,-1.7787075e-20,6.1173325e-19,-2.0015659,1.2483991,0.91651893,0.050000001,0.85146886,0.052292287,1.8162447e-21,1.2484,0.91651797,0.001
194,-0.27497885,-4.378941e-20,1.5490558e-18,-1.9658856,1.3195555,0.91618907,0.050000001,0.87226856,0.046386156,4.1500984e-21,1.3195601,0.91618901,0.001
194,-0.2860527,3.8616184e-20,-1.7033053e-20,-1.934729,1.3907177,0.91588056,0.050000001,0.89517075,0.037822351,-5.7592056e-22,1.39072,0.91588098,0.001
194,-0.29752442,4.1460008e-20,-6.1659635e-19,-1.9072423,1.4618878,0.9155882,0.050000001,0.91978568,0.026329631,-1.9680883e-21,1.46189,0.91558897,0.001
194,-0.30905947,-1.0199427e-21,-4.2641884e-19,-1.8821505,1.5330659,0.91530842,0.050000001,0.94569451,0.01171516,-1.0673313e-21,1.53307,0.91531003,0.001
194,-0.32028756,-9.7969688e-22,-2.4593251e-19,-1.8577044,1.6042504,0.91503817,0.050000001,0.97243547,-0.0061450619,-4.5991489e-22,1.60425,0.91504002,0.001
194,-0.33082333,1.5220629e-20,3.4284077e-19,-1.8318205,1.6754409,0.91477633,0.050000001,0.99951768,-0.027278993,1.1329117e-21,1.67544,0.91477799,0.001
194,-0.340267,4.1815117e-20,1.7210702e-19,-1.8022976,1.7466305,0.91452199,0.050000001,1.0264401,-0.051601034,6.2778091e-22,1.74663,0.91452402,0.001
194,-0.34823379,4.8783626e-20,2.2020608e-19,-1.7667748,1.8178259,0.91427362,0.050000001,1.0526812,-0.078927711,5.7607995e-22,1.81783,0.91427499,0.001
194,-0.35436055,-8.2380525e-21,-1.7629074e-19,-1.7228926,1.8890282,0.91403085,0.050000001,1.077686,-0.10897446,-6.0185033e-22,1.88903,0.91403198,0.001
194,-0.35830399,-9.7100438e-20,-4.9483464e-19,-1.6684791,1.9602343,0.91379344,0.050000001,1.100878,-0.14134793,-1.0172857e-21,1.96023,0.91379499,0.001
194,-0.35977438,-9.9639824e-20,-4.9359816e-19,-1.601609,2.031446,0.91356105,0.050000001,1.1216657,-0.17553324,-1.0093371e-21,2.03145,0.913562,0.001
194,-0.35855219,-7.3130172e-20,-4.3992226e-19,-1.5210313,2.1026602,0.91333342,0.050000001,1.1394531,-0.21089111,-1.1552792e-21,2.1026599,0.91333503,0.001
194,-0.35450268,1.2375721e-20,-3.9255475e-20,-1.4264144,2.1738801,0.91311055,0.050000001,1.1536708,-0.24668175,7.356003e-23,2.1738801,0.91311198,0.001
194,-0.34759003,4.3104918e-20,1.725396e-19,-1.3184265,2.2451062,0.91289234,0.050000001,1.163808,-0.28207859,7.2476244e-22,2.24511,0.912893,0.001
194,-0.33788723,6.482493e-20,2.0573467e-19,-1.1989589,2.3163323,0.91267878,0.050000001,1.1694577,-0.31620628,5.8742127e-22,2.31633,0.91267997,0.001
194,-0.32557783,1.3171444e-19,4.4618241e-19,-1.0711831,2.3875661,0.91246909,0.050000001,1.1703604,-0.34820387,1.023952e-21,2.3875699,0.91246998,0.001
194,-0.31095266,-7.3216587e-20,-2.0077435e-19,-0.93918979,2.4588046,0.91226405,0.050000001,1.1664507,-0.37727287,-5.3708907e-22,2.4588001,0.912265,0.001
194,-0.2943885,-5.9394676e-20,-2.2972191e-19,-0.80753583,2.5300448,0.91206396,0.050000001,1.1578636,-0.40275148,-4.8418106e-22,2.53004,0.91206503,0.001
194,-0.27632514,-8.1461154e-20,-2.0203382e-19,-0.68083292,2.6012907,0.9118675,0.050000001,1.1449386,-0.42415971,-4.0863404e-22,2.60129,0.91186798,0.001
194,-0.25723246,-1.6554553e-19,-4.1517477e-19,-0.563151,2.6725409,0.91167533,0.050000001,1.1282037,-0.44122848,-8.8911889e-22,2.6725399,0.91167599,0.001
194,-0.23757628,8.5570025e-20,1.9233991e-19,-0.45751962,2.7437906,0.91148728,0.050000001,1.1083066,-0.45390677,4.7064956e-22,2.7437899,0.911488,0.001
194,-0.2177881,3.627849e-21,3.1314059e-21,-0.36576334,2.8150444,0.91130304,0.050000001,1.0859547,-0.46233833,6.3982053e-23,2.8150401,0.911304,0.001
194,-0.19824336,-9.0441376e-20,-2.0204811e-19,-0.28844613,2.8863044,0.91112292,0.050000001,1.0618623,-0.46681914,-3.7649678e-22,2.8863001,0.91112399,0.001
194,-0.17925081,8.9212282e-20,1.8382109e-19,-0.22504871,2.9575679,0.91094625,0.050000001,1.0366945,-0.46774611,2.7390483e-22,2.9575701,0.91094702,0.001
194,-0.16104698,-1.6391461e-19,-3.738061e-19,-0.17433996,3.0288346,0.91077387,0.050000001,1.0110253,-0.46556824,-4.9070521e-22,3.0288301,0.91077501,0.001
194,-0.14379686,-9.2351581e-20,-1.9968463e-19,-0.13464707,3.1001046,0.91060531,0.050000001,0.98532224,-0.46074417,-3.254005e-22,3.1001,0.91060603,0.001
194,-0.12760565,2.4381671e-19,5.419798e-19,-0.10412611,3.1713805,0.91043943,0.050000001,0.95993912,-0.45370853,6.228148e-22,3.17138,0.91044003,0.001
194,-0.11252905,1.9972777e-19,4.3699802e-19,-0.081014484,3.242661,0.91027743,0.050000001,0.93512547,-0.4448531,4.2754676e-22,3.24266,0.91027802,0.001
194,-0.098581091,8.5791095e-20,1.6635817e-19,-0.063754238,3.313941,0.91011947,0.050000001,0.91103947,-0.43451607,1.6536064e-22,3.31394,0.91012001,0.001
194,-0.085745841,4.1974214e-20,7.2532818e-20,-0.051034011,3.3852203,0.9099645,0.050000001,0.88776428,-0.42297933,4.0520487e-23,3.3852201,0.90996498,0.001
194,-0.073986962,8.6413101e-22,1.1695881e-21,-0.041807093,3.456506,0.90981263,0.050000001,0.86532384,-0.41047114,-3.3711806e-25,3.4565101,0.90981299,0.001
194,-0.06325414,-1.1127369e-19,-2.4094298e-19,-0.035292018,3.5277944,0.90966451,0.050000001,0.84370124,-0.39717007,-1.6860902e-22,3.5277901,0.90966499,0.001
194,-0.053488094,-7.2089417e-20,-1.5427276e-19,-0.030925333,3.5990882,0.90951949,0.050000001,0.82284546,-0.38321146,-9.7028755e-23,3.5990901,0.90951997,0.001
194,-0.044628322,-1.6626842e-19,-3.7376293e-19,-0.028351819,3.6703823,0.9093768,0.050000001,0.80268741,-0.36869842,-1.7399801e-22,3.6703801,0.90937698,0.001
194,-0.036612041,-6.1281921e-20,-1.5883806e-19,-0.027439661,3.7416801,0.90923738,0.050000001,0.78314072,-0.35370418,-6.2483129e-23,3.7416799,0.90923798,0.001
194,-0.029379804,-5.3717222e-20,-1.4012591e-19,-0.02830212,3.8129823,0.90910143,0.050000001,0.7641052,-0.33828637,-2.3680487e-23,3.8129799,0.90910202,0.001
194,-0.022876929,-1.4990033e-19,-3.4897016e-19,-0.031516965,3.8842881,0.90896845,0.050000001,0.74546552,-0.32250136,-1.0025046e-22,3.88429,0.90896899,0.001
194,-0.017055264,-2.5800067e-20,-6.7747307e-20,-0.038562663,3.9555919,0.90883803,0.050000001,0.72707623,-0.30643669,-7.4691867e-24,3.95559,0.90883797,0.001
194,-0.011874452,5.782366e-20,1.308048e-19,-0.052229598,4.0268998,0.90871066,0.050000001,0.70872205,-0.29026318,3.0086489e-23,4.0268998,0.90871102,0.001
194,-0.0073066712,1.0754485e-19,2.5366104e-19,-0.076424718,4.0982099,0.90858585,0.050000001,0.69006938,-0.2743071,4.001059e-23,4.0982099,0.90858603,0.001
194,-0.0033388275,2.6335198e-20,6.327628e-20,-0.11452997,4.1695256,0.90846366,0.050000001,0.67063445,-0.25907549,8.7826756e-24,4.1695299,0.90846401,0.001
194,2.4931724e-05,-2.5175328e-20,-6.0926253e-20,-0.16613905,4.2408447,0.90834385,0.050000001,0.6498431,-0.24516289,-5.5958744e-24,4.24084,0.90834397,0.001
194,0.0027651251,-1.1043625e-22,5.766601e-23,-0.22371282,4.3121648,0.90822661,0.050000001,0.6272251,-0.2329873,0,4.31216,0.90822703,0.001
194,0.0048542107,1.6609538e-20,6.0900753e-20,-0.27177939,4.3834844,0.90811205,0.050000001,0.60272574,-0.2224296,-1.379641e-23,4.3834801,0.90811199,0.001
194,0.0062719244,3.4992774e-20,1.1589033e-19,-0.29064834,4.4548082,0.90799981,0.050000001,0.57698101,-0.21255389,-2.2863349e-23,4.4548101,0.90799999,0.001
194,0.0070238416,-3.699946e-22,7.8622944e-21,-0.2637955,4.5261321,0.90788978,0.050000001,0.55139071,-0.20162468,-7.4038233e-24,4.5261302,0.90789002,0.001
194,0.007158312,1.4300609e-20,5.1155576e-20,-0.18526743,4.5974579,0.90778267,0.050000001,0.52787989,-0.18748425,-1.4326045e-23,4.5974598,0.90778297,0.001
194,0.0067727016,3.0910925e-20,9.946264e-20,-0.062883504,4.668788,0.90767723,0.050000001,0.50843114,-0.16817103,-2.1034956e-23,4.6687899,0.90767699,0.001
194,0.00600529,-1.7976215e-20,-3.7764411e-20,0.08458937,4.7401223,0.90757382,0.050000001,0.49458194,-0.14248905,-3.4768126e-23,4.7401199,0.907574,0.001
194,0.0050127557,-2.3903449e-20,-8.8094238e-20,0.23441596,4.8114581,0.90747285,0.050000001,0.48710811,-0.11029093,-6.2767323e-24,4.81146,0.90747303,0.001
194,0.0039423099,-1.3784711e-20,-1.4000856e-19,0.36707762,4.882792,0.90737402,0.050000001,0.48599193,-0.072404832,2.8372925e-23,4.8827901,0.90737402,0.001
194,0.0029074538,-3.2286481e-21,9.3144175e-20,0.47057584,4.9541297,0.90727741,0.050000001,0.49060938,-0.030299371,-3.3945166e-24,4.9541302,0.907278,0.001
194,0.0019753221,-3.362302e-21,1.8639755e-19,0.54091424,5.0254698,0.90718257,0.050000001,0.50001073,0.014303327,-1.1840366e-23,5.0254698,0.90718299,0.001
194,0.0011658254,9.964334e-21,-9.3374177e-20,0.57998699,5.0968099,0.90708977,0.050000001,0.51317036,0.059745509,-1.6982441e-23,5.0968099,0.90709001,0.001
194,0.00045911377,7.1245002e-21,-4.6573228e-20,0.59275502,5.1681519,0.90699905,0.050000001,0.52913755,0.10461324,-1.7716207e-23,5.1681499,0.90699899,0.001
194,-0.00019228502,-7.1379948e-20,2.5610944e-19,0.58500749,5.2395,0.90690982,0.050000001,0.54709655,0.14779693,-1.60008e-24,5.2395,0.90691,0.001
194,-0.000851524,-2.4639429e-20,1.0061112e-19,0.56207657,5.3108478,0.90682286,0.050000001,0.56636596,0.18847519,-3.6406814e-24,5.3108501,0.90682298,0.001
194,-0.0015877996,3.7681786e-20,-1.0636975e-19,0.52842855,5.382194,0.90673786,0.050000001,0.58638161,0.22608742,-6.3013519e-24,5.3821902,0.90673798,0.001
194,-0.00246868,-2.2447059e-21,2.2365691e-22,0.48770192,5.4535484,0.906654,0.050000001,0.60667461,0.2602976,7.7683922e-24,5.4535499,0.906654,0.001
194,-0.0035546208,3.0670788e-20,-5.9988799e-20,0.4428426,5.5248981,0.90657175,0.050000001,0.6268481,0.29094952,-7.8027376e-24,5.5249,0.90657198,0.001
194,-0.0048965546,-3.0513261e-20,6.0613301e-20,0.39625555,5.5962501,0.90649158,0.050000001,0.64657497,0.31805032,4.2983575e-24,5.5962501,0.90649199,0.001
194,-0.0065346546,-9.6260675e-20,1.848253e-19,0.34996006,5.6676083,0.90641302,0.050000001,0.66559124,0.34174073,2.3693549e-23,5.6676102,0.90641302,0.001
194,-0.0084984107,-7.0776371e-20,1.2928838e-19,0.30562302,5.7389622,0.90633601,0.050000001,0.68368995,0.3622686,2.047707e-23,5.7389598,0.90633601,0.001
194,-0.010808622,-4.1037251e-20,6.7667717e-20,0.26455522,5.8103223,0.90626085,0.050000001,0.70072228,0.37997112,2.7302047e-23,5.8103199,0.90626103,0.001
194,-0.013479021,7.1267684e-20,-1.3397829e-19,0.22776234,5.8816824,0.90618688,0.050000001,0.7165888,0.39524662,-1.2713784e-23,5.88168,0.906187,0.001
194,-0.016519058,-4.4255775e-20,7.0340118e-20,0.19589795,5.9530401,0.90611398,0.050000001,0.73123604,0.40853566,3.3888663e-23,5.9530401,0.90611398,0.001
194,-0.019936705,-7.9713431e-20,1.3752788e-19,0.16918433,6.0243998,0.90604275,0.050000001,0.74465311,0.42029741,4.2286012e-23,6.0244002,0.90604299,0.001
194,-0.023741504,-3.31583e-21,3.0674846e-21,0.14732088,6.0957618,0.90597337,0.050000001,0.75686872,0.43098453,1.5405608e-23,6.0957599,0.90597397,0.001
194,-0.027947653,-8.455457e-20,1.4415865e-19,0.12930645,6.16713,0.90590525,0.050000001,0.7679559,0.4410097,5.9780649e-23,6.16713,0.90590501,0.001
194,-0.032575972,1.3969062e-21,-7.4726933e-22,0.11327495,6.2384958,0.90583819,0.050000001,0.77803671,0.45069522,-4.450412e-24,6.2385001,0.90583801,0.001
194,-0.037657388,-8.7252536e-20,1.4635827e-19,0.096392907,6.3098598,0.90577281,0.050000001,0.78729337,0.46021798,7.6728531e-23,6.3098602,0.90577298,0.001
194,-0.043235075,-4.5698805e-20,7.1882868e-20,0.0749157,6.3812299,0.90570867,0.050000001,0.79597366,0.46954301,4.3454078e-23,6.3812299,0.90570903,0.001
194,-0.049362812,8.6337791e-20,-1.4905884e-19,0.044515576,6.4526,0.90564519,0.050000001,0.80438644,0.47835973,-7.7404301e-23,6.4526,0.90564501,0.001
194,-0.056102369,-1.3460764e-19,2.2628953e-19,0.00083371374,6.5239697,0.90558362,0.050000001,0.81288666,0.48604867,1.3871326e-22,6.5239701,0.90558398,0.001
194,-0.063516408,-1.3541403e-19,2.2951315e-19,-0.059790976,6.5953417,0.90552306,0.050000001,0.82184511,0.4916884,1.558109e-22,6.5953398,0.905523,0.001
194,-0.071656071,6.3041139e-22,3.7138398e-21,-0.13953222,6.666718,0.9054637,0.050000001,0.83160627,0.49411562,7.8508163e-24,6.6667199,0.90546399,0.001
194,-0.080544323,4.2940774e-20,-7.8963863e-20,-0.23845829,6.73809,0.90540498,0.050000001,0.84244299,0.49204436,-7.1806745e-23,6.73809,0.90540498,0.001
194,-0.09015961,-4.1823822e-22,-9.0282382e-22,-0.35435852,6.8094616,0.90534776,0.050000001,0.85452312,0.48421898,1.5206311e-25,6.8094602,0.905348,0.001
194,-0.10041902,-4.5277039e-20,7.6640681e-20,-0.48295388,6.8808398,0.9052918,0.050000001,0.86788839,0.46956947,8.1565927e-23,6.8808398,0.90529197,0.001
194,-0.11116575,1.9096242e-20,-4.4088242e-20,-0.61852109,6.95222,0.90523672,0.050000001,0.88245279,0.44734779,-3.7067362e-23,6.95222,0.90523702,0.001
194,-0.1221681,6.0412548e-20,-1.2367685e-19,-0.75475132,7.0235982,0.90518296,0.050000001,0.89802313,0.41720784,-1.5654358e-22,7.0236001,0.90518302,0.001
194,-0.13312818,3.8747146e-20,-8.2601584e-20,-0.88553882,7.0949721,0.90513027,0.050000001,0.91433227,0.37922204,-1.1060576e-22,7.0949702,0.90513003,0.001
194,-0.14369744,1.3129679e-20,-4.203127e-20,-1.0055909,7.1663523,0.90507823,0.050000001,0.93107545,0.33384237,-7.1115621e-23,7.1663499,0.90507799,0.001
194,-0.15349787,1.039223e-20,-4.380226e-20,-1.1107107,7.2377386,0.90502745,0.050000001,0.94793624,0.28184411,-7.8538695e-23,7.23774,0.90502697,0.001
194,-0.16214874,-8.2308203e-21,-4.2339874e-21,-1.1977873,7.3091202,0.90497792,0.050000001,0.9646076,0.22425093,-7.583648e-24,7.3091202,0.90497798,0.001
194,-0.16929473,-4.0028591e-21,-1.5659954e-21,-1.2645495,7.3804998,0.90492845,0.050000001,0.98080957,0.16225065,1.532615e-26,7.3804998,0.90492803,0.001
194,-0.17462796,-1.4698225e-21,-4.814681e-20,-1.3090968,7.4518819,0.90488023,0.050000001,0.99628657,0.097157933,-6.9677761e-23,7.45188,0.90487999,0.001
194,-0.17790824,-1.3676885e-20,-1.9294113e-19,-1.3296671,7.5232677,0.90483302,0.050000001,1.0107965,0.030395966,-2.9504516e-22,7.5232701,0.90483302,0.001
194,-0.17898372,-1.5048401e-20,-9.8920061e-20,-1.3245696,7.5946522,0.90478659,0.050000001,1.0240949,-0.036503233,-1.5554435e-22,7.5946498,0.904787,0.001
194,-0.17780523,1.6556317e-20,2.3499193e-19,-1.2924194,7.6660376,0.90474099,0.050000001,1.0359225,-0.10192484,3.6994429e-22,7.6660399,0.90474099,0.001
194,-0.17443594,5.0929675e-20,2.9159112e-19,-1.2328386,7.7374258,0.90469664,0.050000001,1.0460001,-0.16420667,4.3358249e-22,7.7374301,0.904697,0.001
194,-0.16905357,5.1309422e-20,1.5550703e-19,-1.1473055,7.8088117,0.90465283,0.050000001,1.0540448,-0.22173604,1.8674663e-22,7.8088102,0.90465301,0.001
194,-0.16193855,-1.8036126e-20,-9.4025775e-20,-1.0395932,7.8801999,0.90460986,0.050000001,1.0598098,-0.27309534,-1.4682308e-22,7.8801999,0.90460998,0.001
194,-0.15345028,-5.1821521e-20,-1.9407226e-19,-0.91567171,7.9515901,0.90456742,0.050000001,1.0631149,-0.31719774,-2.7105713e-22,7.9515901,0.904567,0.001
194,-0.14703639,-3.6047087e-20,-1.2691488e-19,-0.82581246,8,0.90453923,0.050000001,1.0636404,-0.34175375,-1.762059e-22,8,0.90453917,0.001
194,-0.23645084,-2.8402823e-20,6.6273116e-19,-1.9900022,0.99999833,0.99769753,0.050000001,0.97224045,0.048904914,1.1632004e-21,1,0.99768925,0.001
194,-0.23910609,-2.740937e-20,9.4746994e-19,-1.9765438,1.0348276,0.99746555,0.050000001,0.97465962,0.047758594,1.5295266e-21,1.03483,0.99745899,0.001
194,-0.245667,4.1481007e-20,-6.1705053e-19,-1.9467484,1.1059481,0.99704701,0.050000001,0.98240823,0.044396576,-1.6511863e-21,1.10595,0.99704301,0.001
194,-0.25326747,5.5803906e-21,-1.7303419e-19,-1.915265,1.1770864,0.99667197,0.050000001,0.99284142,0.039674968,-4.1534501e-22,1.17709,0.99667001,0.001
194,-0.26176092,-5.5330008e-20,9.3290929e-19,-1.8824803,1.2482369,0.99632972,0.050000001,1.0057623,0.033268746,2.1764735e-21,1.24824,0.99632901,0.001
194,-0.27095488,-7.5396724e-20,1.5335429e-18,-1.8485792,1.3193971,0.99601269,0.050000001,1.0209053,0.024869928,3.6167099e-21,1.3194,0.99601197,0.001
194,-0.2806139,9.5673889e-22,8.7178023e-19,-1.8134992,1.3905652,0.99571288,0.050000001,1.0379583,0.014206727,1.8380389e-21,1.39057,0.995713,0.001
194,-0.29046324,1.3887254e-20,-1.7581481e-19,-1.7768382,1.4617398,0.99542594,0.050000001,1.0565635,0.0010716778,-4.8043356e-22,1.46174,0.99542803,0.001
194,-0.30019394,3.8688685e-20,4.3917872e-19,-1.7378209,1.5329223,0.99515265,0.050000001,1.0763006,-0.01468219,1.0085493e-21,1.53292,0.99515402,0.001
194,-0.30947125,4.4701545e-20,6.6834761e-19,-1.6954376,1.6041104,0.99488848,0.050000001,1.0966854,-0.033133075,1.4508693e-21,1.60411,0.99488902,0.001
194,-0.31795549,3.0976967e-20,6.096469e-19,-1.6486045,1.6753002,0.99463069,0.050000001,1.1172128,-0.054266088,1.6190075e-21,1.6753,0.99463099,0.001
194,-0.32530591,2.5738777e-20,5.9504096e-19,-1.5961148,1.7464918,0.99437928,0.050000001,1.1373575,-0.077970646,1.6470417e-21,1.74649,0.99437898,0.001
194,-0.33118641,4.764983e-20,6.1815817e-19,-1.5367267,1.8176919,0.99413371,0.050000001,1.1565577,-0.10404652,1.7520352e-21,1.81769,0.99413401,0.001
194,-0.33528733,-1.7160795e-21,2.5196007e-20,-1.4693197,1.8889004,0.99389297,0.050000001,1.1742376,-0.13219267,-9.7578331e-24,1.8889,0.99389398,0.001
194,-0.33733955,-1.2495221e-19,-1.0527866e-18,-1.3930291,1.960108,0.99365705,0.050000001,1.1898304,-0.16200085,-2.8936068e-21,1.9601099,0.99365801,0.001
194,-0.33712938,-9.3586607e-20,-7.2326837e-19,-1.3074684,2.0313177,0.99342632,0.050000001,1.2027754,-0.19296327,-1.5789616e-21,2.0313201,0.99342799,0.001
194,-0.3345094,1.842944e-20,-3.6721888e-20,-1.212864,2.1025355,0.99319994,0.050000001,1.2125549,-0.22448468,8.2741008e-23,2.10254,0.99320197,0.001
194,-0.32941145,4.5691922e-20,2.3364047e-19,-1.1101767,2.1737578,0.99297875,0.050000001,1.2187227,-0.25589851,4.9067946e-22,2.1737599,0.99298102,0.001
194,-0.32185501,1.1577366e-19,4.4316367e-19,-1.0011799,2.2449818,0.9927628,0.050000001,1.2209277,-0.28649753,1.0623522e-21,2.2449801,0.99276501,0.001
194,-0.31194988,1.1531814e-19,4.5154146e-19,-0.88831431,2.3162122,0.99255151,0.050000001,1.2189505,-0.31557387,1.0885383e-21,2.31621,0.992553,0.001
194,-0.29989302,-1.4096776e-19,-4.4933288e-19,-0.77464807,2.3874505,0.9923448,0.050000001,1.2127358,-0.34245926,-9.4929295e-22,2.38745,0.99234498,0.001
194,-0.28595886,5.5367447e-21,-2.7410817e-21,-0.66344625,2.4586883,0.99214226,0.050000001,1.2024008,-0.36657104,-1.2112487e-22,2.4586899,0.99214101,0.001
194,-0.27048069,6.6840704e-20,2.3612147e-19,-0.55792898,2.5299282,0.99194223,0.050000001,1.1882287,-0.38745502,3.6934488e-22,2.5299301,0.99194199,0.001
194,-0.25382873,-7.2597571e-20,-2.2277641e-19,-0.46090454,2.6011746,0.99174696,0.050000001,1.1706543,-0.40481174,-4.2760431e-22,2.6011701,0.99174702,0.001
194,-0.23638584,8.5067946e-20,2.0603071e-19,-0.37432125,2.6724246,0.99155629,0.050000001,1.1502219,-0.41850525,3.4678939e-22,2.67242,0.99155599,0.001
194,-0.21852385,8.1778093e-20,2.0945029e-19,-0.29931,2.7436783,0.99136734,0.050000001,1.1275368,-0.42855191,3.1868062e-22,2.74368,0.99136901,0.001
194,-0.20058435,-7.8322812e-23,-2.2017995e-21,-0.23617484,2.8149343,0.9911834,0.050000001,1.10322,-0.43510062,-5.495869e-23,2.81493,0.99118602,0.001
194,-0.1828621,-8.7352644e-20,-1.9843099e-19,-0.18437369,2.8861959,0.99100631,0.050000001,1.0778571,-0.43840143,-3.3844321e-22,2.8862,0.99100697,0.001
194,-0.1656023,7.4034306e-20,1.8883463e-19,-0.14281264,2.9574602,0.99083304,0.050000001,1.0519725,-0.43876487,1.8552732e-22,2.9574599,0.99083197,0.001
194,-0.14899299,-8.2634206e-20,-1.7269622e-19,-0.11018331,3.0287306,0.99066144,0.050000001,1.0260023,-0.43653116,-2.0180443e-22,3.0287299,0.99066001,0.001
194,-0.13317116,-1.5950552e-19,-3.8052772e-19,-0.085021242,3.1000004,0.99049264,0.050000001,1.000295,-0.43204322,-4.508467e-22,3.0999999,0.990493,0.001
194,-0.11822808,1.5758481e-19,3.5932465e-19,-0.065869853,3.1712744,0.99032772,0.050000001,0.97510439,-0.42562684,4.1656185e-22,3.1712699,0.99032801,0.001
194,-0.10421468,1.4801015e-19,3.4862657e-19,-0.051474541,3.2425525,0.99016702,0.050000001,0.95060045,-0.41757688,3.0341173e-22,3.2425499,0.99016702,0.001
194,-0.091150828,-6.7539426e-20,-1.8117371e-19,-0.040794283,3.313832,0.99000835,0.050000001,0.92689079,-0.40815076,-1.4467617e-22,3.3138299,0.99001002,0.001
194,-0.079031967,-2.6760111e-22,-2.2922291e-20,-0.032955535,3.385118,0.98985338,0.050000001,0.90402502,-0.39756685,-5.4669834e-23,3.3851199,0.989856,0.001
194,-0.06783656,-2.7059729e-21,4.4403504e-21,-0.027297221,3.4564042,0.98970485,0.050000001,0.88201261,-0.38600615,3.5813398e-24,3.4563999,0.98970503,0.001
194,-0.057528663,-1.4264133e-19,-3.2440754e-19,-0.023325024,3.5276945,0.98955894,0.050000001,0.8608281,-0.37361127,-2.2308769e-22,3.5276899,0.98955798,0.001
194,-0.048065264,6.2954009e-20,1.4887837e-19,-0.020680819,3.5989883,0.98941398,0.050000001,0.84042418,-0.36049521,4.6625977e-23,3.59899,0.98941398,0.001
194,-0.039399806,5.9478125e-20,1.4678949e-19,-0.019182786,3.6702819,0.98927277,0.050000001,0.82074308,-0.346742,3.4242691e-23,3.67028,0.98927301,0.001
194,-0.031482719,6.2517484e-20,1.3901802e-19,-0.018733663,3.7415798,0.98913354,0.050000001,0.80171096,-0.33241343,4.1955321e-23,3.74158,0.98913401,0.001
194,-0.024265906,1.7361717e-19,4.3573817e-19,-0.019408427,3.812886,0.98899806,0.050000001,0.78324789,-0.31755516,1.0830969e-22,3.8128901,0.98899901,0.001
194,-0.017704241,7.8334844e-20,2.233239e-19,-0.021546071,3.8841898,0.98886675,0.050000001,0.76526791,-0.30220535,3.2378446e-23,3.8841901,0.98886698,0.001
194,-0.011755978,-2.9376437e-20,-6.6696917e-20,-0.0259864,3.9554977,0.98873723,0.050000001,0.74766612,-0.28641126,-1.6233875e-23,3.9554999,0.988738,0.001
194,-0.0063857068,2.7252648e-20,6.8322908e-20,-0.034492213,4.0268083,0.98861116,0.050000001,0.73030311,-0.2702646,1.1950707e-23,4.0268102,0.98861098,0.001
194,-0.001566003,2.5780202e-20,6.703442e-20,-0.050107542,4.0981178,0.98848623,0.050000001,0.71296126,-0.25395533,7.5065787e-24,4.0981202,0.98848701,0.001
194,0.0027200922,-4.6790118e-20,-1.2266626e-19,-0.076767236,4.1694341,0.98836529,0.050000001,0.69529754,-0.23782976,-2.5354843e-24,4.1694298,0.98836601,0.001
194,0.0064755743,-6.4987542e-20,-1.8527931e-19,-0.11737189,4.2407522,0.98824811,0.050000001,0.67682397,-0.22239932,8.2898734e-24,4.2407498,0.98824698,0.001
194,0.0096882693,2.6228333e-23,3.9650022e-22,-0.17070539,4.3120723,0.98812979,0.050000001,0.65698558,-0.20822462,-2.6790521e-26,4.3120699,0.98813099,0.001
194,0.01233363,3.0584909e-20,1.2931218e-19,-0.22862805,4.3833942,0.98801523,0.050000001,0.63536727,-0.19565473,-3.5323563e-23,4.3833899,0.98801702,0.001
194,0.0143826,4.5346274e-20,1.7829706e-19,-0.2759327,4.4547181,0.98790431,0.050000001,0.61198431,-0.18450765,-5.0342525e-23,4.45472,0.98790598,0.001
194,0.015814848,6.6928424e-20,2.1475213e-19,-0.29424763,4.526042,0.9877947,0.050000001,0.58752525,-0.1738583,-4.3991762e-23,4.5260401,0.98779702,0.001
194,0.016635258,3.542304e-20,1.0545514e-19,-0.26892465,4.5973701,0.98768866,0.050000001,0.56337851,-0.16209486,-1.7674777e-23,4.5973701,0.98768997,0.001
194,0.016886508,1.3949435e-20,5.4389917e-20,-0.19539711,4.6687021,0.98758626,0.050000001,0.54139227,-0.14729814,-1.7817184e-23,4.6687002,0.98758602,0.001
194,0.016652284,4.380281e-20,1.9442781e-19,-0.081538506,4.7400384,0.98748451,0.050000001,0.52342463,-0.12778609,-5.4058296e-23,4.7400398,0.98748302,0.001
194,0.016048502,2.9678029e-20,1.4122882e-19,0.055152405,4.8113699,0.98738438,0.050000001,0.51089418,-0.10259372,-3.0356882e-23,4.8113699,0.98738301,0.001
194,0.015203438,6.5591153e-23,1.7192888e-21,0.19389798,4.8827076,0.98728508,0.050000001,0.50450158,-0.071686313,-7.8870163e-24,4.88271,0.98728502,0.001
194,0.014234324,6.1262103e-21,1.4426913e-19,0.3169184,4.9540505,0.98718917,0.050000001,0.50420821,-0.035875339,-4.7966391e-23,4.9540501,0.98718899,0.001
194,0.013228174,-2.0168576e-21,1.8987607e-19,0.41316035,5.0253906,0.98709708,0.050000001,0.5094071,0.0034795019,-4.4063748e-23,5.0253901,0.98709601,0.001
194,0.012232822,-9.901814e-21,4.9417479e-20,0.47875291,5.0967302,0.98700356,0.050000001,0.51918125,0.044815853,-8.5539714e-24,5.0967302,0.98700398,0.001
194,0.011257431,2.6799707e-20,-1.4988175e-19,0.51524556,5.1680694,0.98691356,0.050000001,0.53252918,0.086642757,2.7981761e-23,5.1680698,0.98691398,0.001
194,0.010279748,1.4893395e-20,-9.8868543e-20,0.52715915,5.2394176,0.98682636,0.050000001,0.54851121,0.12770291,2.6615974e-23,5.2394199,0.98682499,0.001
194,0.009257853,3.5858732e-21,-1.2407474e-21,0.51992816,5.31077,0.98673832,0.050000001,0.5663141,0.16701771,-9.6823575e-25,5.31077,0.98673898,0.001
194,0.0081394557,-1.7727537e-20,5.6457552e-20,0.49872273,5.3821201,0.98665363,0.050000001,0.5852626,0.20388988,-2.5256163e-23,5.3821201,0.986655,0.001
194,0.0068701603,-1.0898906e-20,5.1227389e-20,0.46795705,5.4534726,0.98657161,0.050000001,0.60480493,0.23787074,-2.3797818e-23,5.4534702,0.98657203,0.001
194,0.0053997496,2.4265699e-20,-5.8989532e-20,0.43121877,5.5248222,0.98649043,0.050000001,0.62449086,0.26871702,1.0852606e-23,5.5248199,0.98649102,0.001
194,0.0036851333,-5.7460418e-20,1.2147371e-19,0.39134482,5.5961719,0.98641068,0.050000001,0.64395624,0.29635832,-3.9133583e-24,5.5961699,0.98641098,0.001
194,0.0016918917,-1.2335817e-19,2.4943422e-19,0.35060325,5.6675301,0.98633438,0.050000001,0.66290873,0.32086486,-1.7864621e-24,5.6675301,0.98633301,0.001
194,-0.00060550583,-3.5045568e-20,6.5855099e-20,0.3108021,5.7388878,0.98625851,0.050000001,0.68111783,0.34242055,4.1394159e-24,5.7388902,0.98625702,0.001
194,-0.003225141,-3.5988612e-20,7.0781076e-20,0.27333435,5.8102479,0.9861834,0.050000001,0.69841295,0.36130083,-3.7568278e-24,5.8102498,0.98618197,0.001
194,-0.0061791749,-3.2460264e-20,6.6866172e-20,0.23923032,5.8816104,0.98610926,0.050000001,0.71467566,0.37784901,-5.4285822e-24,5.8816099,0.98610902,0.001
194,-0.0094764978,3.4581265e-20,-6.4736299e-20,0.20911574,5.9529676,0.98603535,0.050000001,0.72983712,0.3924545,-6.5015963e-24,5.95297,0.98603803,0.001
194,-0.013125312,-5.4060789e-21,1.5353805e-21,0.18314762,6.0243254,0.98596472,0.050000001,0.74387813,0.40552649,1.875354e-23,6.0243301,0.98596698,0.001
194,-0.017135805,-8.3547601e-20,1.4287002e-19,0.16089275,6.0956893,0.98589557,0.050000001,0.75682747,0.41746479,5.2288588e-23,6.0956898,0.98589802,0.001
194,-0.021523416,-3.9589213e-20,7.1268751e-20,0.14122199,6.1670599,0.98582947,0.050000001,0.76876783,0.42862281,1.594617e-23,6.1670599,0.98583102,0.001
194,-0.026310733,4.0263514e-20,-7.136102e-20,0.12217868,6.2384276,0.98576605,0.050000001,0.77983969,0.43925712,-2.068963e-23,6.23843,0.98576498,0.001
194,-0.031530522,-4.2303997e-20,7.4667267e-20,0.10094373,6.309792,0.98570096,0.050000001,0.79024833,0.44947273,2.8482735e-23,6.3097901,0.98570001,0.001
194,-0.037227817,4.5422303e-20,-7.20362e-20,0.074004166,6.3811603,0.98563641,0.050000001,0.80026489,0.45916453,-4.348373e-23,6.3811598,0.985636,0.001
194,-0.043457437,2.1945828e-19,-3.7659716e-19,0.037485033,6.4525299,0.9855749,0.050000001,0.81021291,0.46796769,-1.9460097e-22,6.4525299,0.98557401,0.001
194,-0.050281104,-4.5745627e-22,1.9495142e-22,-0.012333195,6.5239019,0.9855144,0.050000001,0.82044739,0.47523862,1.9032705e-24,6.5239,0.98551297,0.001
194,-0.057759684,-1.7589568e-19,3.10738e-19,-0.078351051,6.5952783,0.98545462,0.050000001,0.83132136,0.48007286,1.835127e-22,6.5952802,0.98545301,0.001
194,-0.065940082,4.5004949e-20,-7.3715796e-20,-0.16200733,6.6666522,0.98539478,0.050000001,0.84314418,0.48137161,-5.059261e-23,6.6666498,0.985394,0.001
194,-0.074841231,1.7961293e-19,-3.1494941e-19,-0.26283264,6.7380257,0.98533791,0.050000001,0.85614181,0.47795585,-2.5321387e-22,6.73803,0.98533702,0.001
194,-0.084435344,4.1824346e-20,-8.4928508e-20,-0.37836984,6.8093996,0.98528183,0.050000001,0.8704254,0.46870467,-6.802701e-23,6.8094001,0.98527998,0.001
194,-0.094635122,-9.294591e-20,1.5419911e-19,-0.50445259,6.8807778,0.98522455,0.050000001,0.88598013,0.45268995,1.5496361e-22,6.8807802,0.98522502,0.001
194,-0.10528147,-1.2266932e-19,2.4626542e-19,-0.63573217,6.9521556,0.98516935,0.050000001,0.90266895,0.42928982,2.6108312e-22,6.9521599,0.98517102,0.001
194,-0.11614288,-9.587729e-20,2.1073163e-19,-0.76644534,7.0235319,0.98511773,0.050000001,0.92025703,0.39825353,2.3506742e-22,7.02353,0.98511797,0.001
194,-0.12692571,-1.788243e-20,4.3698598e-20,-0.89108706,7.0949097,0.98506641,0.050000001,0.93844402,0.35970923,5.3163728e-23,7.0949101,0.98506498,0.001
194,-0.13728639,1.8592434e-22,-1.293223e-22,-1.004874,7.1662922,0.98501593,0.050000001,0.95689684,0.31413478,-3.5736977e-26,7.1662898,0.98501402,0.001
194,-0.14685582,-1.1682688e-20,4.3477844e-20,-1.1039804,7.2376781,0.9849655,0.050000001,0.97527957,0.26229945,6.6010568e-23,7.23768,0.98496401,0.001
194,-0.15526327,-1.4712441e-20,9.4924481e-20,-1.1854522,7.3090601,0.98491549,0.050000001,0.99326909,0.20520321,1.2887132e-22,7.3090601,0.984914,0.001
194,-0.16216195,3.3965034e-21,2.9602246e-21,-1.2469766,7.3804421,0.98486626,0.050000001,1.0105731,0.14400664,2.35901e-24,7.3804402,0.98486602,0.001
194,-0.16725251,7.7164497e-21,-1.4283098e-19,-1.2864398,7.451828,0.98481983,0.050000001,1.0269127,0.080003761,-2.0615334e-22,7.4518299,0.98481899,0.001
194,-0.17030497,-1.4941143e-21,-1.4614146e-19,-1.3017395,7.52321,0.98477376,0.050000001,1.0420176,0.014620323,-2.2197743e-22,7.52321,0.98477203,0.001
194,-0.17117849,3.2237959e-21,9.3553223e-20,-1.2908843,7.5945954,0.98472559,0.050000001,1.0556151,-0.050606787,1.4537658e-22,7.5946002,0.98472601,0.001
194,-0.16983598,-1.3258252e-20,4.2517142e-20,-1.2524223,7.6659818,0.98468071,0.050000001,1.0674025,-0.11403759,8.6546031e-23,7.6659799,0.98468101,0.001
194,-0.166356,2.7231122e-20,1.4619803e-19,-1.1863344,7.7373676,0.98463875,0.050000001,1.077065,-0.1740063,2.0910384e-22,7.73737,0.98463702,0.001
194,-0.16093098,5.1212904e-20,2.5303057e-19,-1.094764,7.8087578,0.98459435,0.050000001,1.0843074,-0.22892755,3.3813966e-22,7.8087602,0.98459399,0.001
194,-0.15385367,-5.0323662e-20,-1.9578573e-19,-0.9822982,7.8801503,0.98455077,0.050000001,1.0888975,-0.27745131,-2.6131286e-22,7.8801498,0.98455203,0.001
194,-0.14549069,-2.4279295e-20,-1.0285866e-19,-0.85576087,7.9515405,0.98450965,0.050000001,1.0906999,-0.31860775,-1.3146935e-22,7.95154,0.98451,0.001
194,-0.13921395,2.4440374e-20,6.7139265e-20,-0.76582682,7.999999,0.98448199,0.050000001,1.0900381,-0.34121516,8.1166687e-23,8,0.98448217,0.001
194,-0.23381633,-5.7724722e-21,-2.2589858e-19,-1.5446967,0.99999899,1.0773923,0.050000001,1.1121936,0.04437663,-3.2410834e-22,1,1.0773892,0.001
194,-0.23624131,-3.6639484e-20,3.300195e-19,-1.544,1.0346093,1.0771823,0.050000001,1.1137052,0.041935131,8.4914775e-22,1.03461,1.07718,0.001
194,-0.24213763,8.3489181e-21,-2.4646525e-20,-1.5372739,1.1057462,1.0767946,0.050000001,1.1188871,0.03594999,1.783376e-23,1.10575,1.07679,0.001
194,-0.24884354,2.2926385e-20,-8.3952727e-19,-1.525404,1.1768968,1.0764433,0.050000001,1.1260712,0.0287308,-1.6464941e-21,1.1769,1.07644,0.001
194,-0.25621465,4.9485717e-22,-1.0339419e-18,-1.5084783,1.2480547,1.0761198,0.050000001,1.1350956,0.020027369,-2.1563132e-21,1.24806,1.07612,0.001
194,-0.26407167,-9.9944623e-21,-7.772524e-19,-1.4865775,1.3192191,1.0758134,0.050000001,1.145736,0.0096000209,-1.8168511e-21,1.3192199,1.07581,0.001
194,-0.27219775,-3.6701427e-22,2.0274375e-20,-1.4595952,1.3903953,1.0755258,0.050000001,1.1577541,-0.0027411007,8.8447724e-24,1.3904001,1.0755301,0.001
194,-0.28034732,2.9921082e-21,-2.3979229e-19,-1.4273548,1.4615754,1.0752476,0.050000001,1.1708232,-0.017122859,-4.6955414e-22,1.46158,1.07525,0.001
194,-0.28824547,1.9433138e-20,6.2044993e-19,-1.3896194,1.5327595,1.0749803,0.050000001,1.1845554,-0.033644769,1.5293727e-21,1.53276,1.07498,0.001
194,-0.295598,3.4018407e-20,1.1252235e-18,-1.3460842,1.6039498,1.0747201,0.050000001,1.1985178,-0.052334655,2.4140959e-21,1.60395,1.07472,0.001
194,-0.30211651,5.1845432e-20,7.5270256e-19,-1.2964287,1.6751457,1.074468,0.050000001,1.2122532,-0.07313627,1.4086616e-21,1.67515,1.07447,0.001
194,-0.30751395,-1.738996e-21,2.409453e-19,-1.2403643,1.746346,1.0742224,0.050000001,1.2252752,-0.09591677,4.818737e-22,1.74635,1.0742199,0.001
194,-0.31151429,-5.8706404e-20,-4.7553367e-19,-1.1776717,1.8175505,1.0739806,0.050000001,1.2370831,-0.12045958,-9.9882645e-22,1.8175499,1.07398,0.001
194,-0.31387305,5.7685392e-20,4.6229672e-19,-1.1083422,1.8887607,1.0737424,0.050000001,1.2471725,-0.14646035,9.6806516e-22,1.88876,1.07374,0.001
194,-0.3143867,1.0136031e-19,6.7583096e-19,-1.0325651,1.9599682,1.0735105,0.050000001,1.2550604,-0.17353104,1.5532732e-21,1.95997,1.0735101,0.001
194,-0.31290546,2.7358546e-19,1.6134032e-18,-0.9510628,2.0311797,1.0732801,0.050000001,1.2603027,-0.20121099,3.654942e-21,2.0311799,1.07328,0.001
194,-0.30933687,2.4631996e-19,1.4194744e-18,-0.86489391,2.1023996,1.0730557,0.050000001,1.2625207,-0.22898467,3.1018926e-21,2.1024001,1.07306,0.001
194,-0.30365887,5.5320392e-20,2.395071e-19,-0.77552688,2.1736257,1.0728376,0.050000001,1.261418,-0.25629431,5.549928e-22,2.17363,1.07284,0.001
194,-0.29592043,1.1026131e-19,4.6126817e-19,-0.68491411,2.2448521,1.0726255,0.050000001,1.256816,-0.28257108,1.0212964e-21,2.2448499,1.07263,0.001
194,-0.28624198,7.2234395e-21,8.271424e-21,-0.5952211,2.3160861,1.0724159,0.050000001,1.2486511,-0.30727232,6.4610144e-23,2.3160901,1.07242,0.001
194,-0.27480841,-1.7678872e-19,-6.8252957e-19,-0.50869018,2.3873222,1.072208,0.050000001,1.2370089,-0.32990101,-1.4488707e-21,2.38732,1.07221,0.001
194,-0.26185709,8.4904056e-21,-2.0972095e-20,-0.42739588,2.4585598,1.0720086,0.050000001,1.2221043,-0.35004622,-5.6375093e-23,2.45856,1.07201,0.001
194,-0.24766757,6.9860476e-20,2.2875605e-19,-0.35312778,2.5298018,1.07181,0.050000001,1.2042695,-0.36740208,5.3083882e-22,2.5297999,1.07181,0.001
194,-0.23253883,-1.4072975e-19,-4.3915132e-19,-0.28715125,2.6010501,1.071618,0.050000001,1.1839372,-0.38177878,-7.722976e-22,2.6010499,1.07162,0.001
194,-0.21677738,7.6974733e-20,1.9878786e-19,-0.23007429,2.6723022,1.0714307,0.050000001,1.16159,-0.39310578,3.4691954e-22,2.6723001,1.07143,0.001
194,-0.20067669,2.3141406e-19,6.3104942e-19,-0.18197487,2.7435603,1.0712397,0.050000001,1.1377323,-0.40141711,1.0084677e-21,2.7435601,1.0712399,0.001
194,-0.18450585,7.7030296e-20,2.0725098e-19,-0.14241163,2.8148205,1.0710574,0.050000001,1.1128623,-0.40683439,2.6846434e-22,2.8148201,1.0710599,0.001
194,-0.16850066,-2.9525061e-21,-9.3674674e-21,-0.11058831,2.8860803,1.0708821,0.050000001,1.0874325,-0.40954661,-7.5484238e-23,2.88608,1.0708801,0.001
194,-0.15285721,1.4770768e-19,3.8044417e-19,-0.085466318,2.9573417,1.0707105,0.050000001,1.0618305,-0.40978262,4.3419954e-22,2.95734,1.0707099,0.001
194,-0.1377302,-7.3052275e-20,-1.7852111e-19,-0.065972619,3.0286119,1.0705402,0.050000001,1.0363804,-0.40779385,-1.696604e-22,3.02861,1.07054,0.001
194,-0.12323625,-1.4764466e-19,-3.7780151e-19,-0.051062286,3.0998883,1.0703717,0.050000001,1.0113364,-0.40383315,-4.2728054e-22,3.09989,1.07037,0.001
194,-0.10945874,-4.6339215e-21,8.9092611e-21,-0.039794471,3.1711645,1.0702101,0.050000001,0.98687965,-0.39814195,2.8368353e-23,3.17116,1.07021,0.001
194,-0.09644746,-7.7230157e-20,-1.7996591e-19,-0.03137527,3.2424397,1.0700504,0.050000001,0.96313131,-0.39094537,-1.7352177e-22,3.24244,1.07005,0.001
194,-0.084227629,-6.7044514e-20,-1.7194514e-19,-0.025133759,3.3137193,1.0698894,0.050000001,0.94016755,-0.38244298,-1.3258981e-22,3.31372,1.06989,0.001
194,-0.07280425,-1.2829425e-19,-3.4611954e-19,-0.020566141,3.38501,1.0697351,0.050000001,0.9180209,-0.37280494,-2.265087e-22,3.38501,1.0697401,0.001
194,-0.062167563,-1.9641238e-19,-4.9898331e-19,-0.017280256,3.4563003,1.0695895,0.050000001,0.89669526,-0.36217782,-2.7774866e-22,3.4563,1.06959,0.001
194,-0.052295532,1.2606262e-19,3.1948843e-19,-0.014984526,3.52759,1.0694488,0.050000001,0.87617064,-0.35067979,1.5106943e-22,3.52759,1.06945,0.001
194,-0.043158635,3.8009774e-19,9.6153925e-19,-0.013480185,3.5988822,1.0693018,0.050000001,0.85640711,-0.3384079,4.542144e-22,3.5988801,1.0693001,0.001
194,-0.034720995,1.7568838e-19,4.7033097e-19,-0.012676626,3.6701779,1.0691618,0.050000001,0.83735913,-0.32543078,1.6133962e-22,3.6701801,1.06916,0.001
194,-0.026945781,1.0957125e-19,3.046423e-19,-0.01251553,3.7414775,1.0690261,0.050000001,0.8189711,-0.31180358,7.1595507e-23,3.7414801,1.06903,0.001
194,-0.01979523,2.1256034e-19,5.8547146e-19,-0.013063663,3.8127818,1.0688895,0.050000001,0.80118144,-0.29756638,1.0028097e-22,3.8127799,1.06889,0.001
194,-0.013231971,1.497926e-19,4.3695945e-19,-0.014513558,3.8840897,1.0687599,0.050000001,0.78392619,-0.28274593,4.5493277e-23,3.8840899,1.06876,0.001
194,-0.0072219372,-1.0238297e-19,-2.8830969e-19,-0.017331891,3.9553998,1.0686296,0.050000001,0.76713312,-0.26737145,-3.4766173e-23,3.9554,1.06863,0.001
194,-0.001734524,-9.2950382e-20,-2.8889443e-19,-0.022528285,4.0267096,1.0685059,0.050000001,0.75071299,-0.25148916,-9.4833513e-24,4.02671,1.0685101,0.001
194,0.0032552378,-8.8058927e-23,-6.6337365e-23,-0.032104563,4.098022,1.0683814,0.050000001,0.73453081,-0.23519962,0,4.0980201,1.06838,0.001
194,0.0077660424,1.5952894e-23,-7.5840444e-23,-0.049266726,4.1693406,1.0682615,0.050000001,0.71837115,-0.21870558,0,4.1693401,1.06826,0.001
194,0.011805213,-1.8308381e-20,-6.2320485e-20,-0.077755302,4.2406578,1.0681485,0.050000001,0.70188683,-0.20236801,1.0813193e-23,4.2406602,1.06815,0.001
194,0.015367928,-2.6554929e-23,4.854296e-23,-0.11999828,4.3119779,1.0680299,0.050000001,0.68459404,-0.18668988,4.690523e-27,4.3119798,1.06803,0.001
194,0.018437646,-3.1419399e-21,1.0572398e-20,-0.17423813,4.3833022,1.0679154,0.050000001,0.66596776,-0.17218679,-9.0302564e-24,4.3832998,1.06792,0.001
194,0.020987153,1.7413619e-20,1.2857357e-19,-0.23221216,4.4546256,1.0678078,0.050000001,0.6456387,-0.15915269,-6.169235e-23,4.4546299,1.0678101,0.001
194,0.022986583,2.1632557e-20,1.2694975e-19,-0.27942884,4.5259495,1.0676974,0.050000001,0.62366658,-0.14738509,-5.2540162e-23,4.52595,1.0677,0.001
194,0.024416225,-3.1776705e-20,-1.0140688e-19,-0.29905406,4.59728,1.0675894,0.050000001,0.60074371,-0.13601749,2.263687e-23,4.59728,1.06759,0.001
194,0.025278594,-2.0305295e-21,3.8422471e-21,-0.27796021,4.6686144,1.0674902,0.050000001,0.5782038,-0.12360995,-6.4417502e-24,4.6686101,1.06749,0.001
194,0.025607537,9.8856767e-21,5.8618018e-20,-0.21221228,4.7399507,1.0673904,0.050000001,0.55777538,-0.10849192,-3.2529702e-23,4.7399502,1.06739,0.001
194,0.025471155,5.5101045e-21,5.3179296e-20,-0.1090317,4.8112817,1.0672902,0.050000001,0.54118758,-0.089230247,-2.7583118e-23,4.8112798,1.0672899,0.001
194,0.024962952,4.9477732e-21,-3.2098316e-21,0.015931442,4.8826199,1.0671921,0.050000001,0.52975547,-0.065025941,1.1212422e-23,4.8826199,1.0671901,0.001
194,0.024185663,-1.2490422e-21,-5.0520725e-20,0.14400449,4.9539623,1.0671003,0.050000001,0.52414197,-0.035891142,2.7532328e-23,4.9539599,1.0671,0.001
194,0.023231417,-1.8143625e-22,5.0764203e-20,0.25894722,5.0253043,1.0670085,0.050000001,0.52432412,-0.0025633185,-2.7889628e-23,5.0253,1.06701,0.001
194,0.022168001,-1.8112277e-21,1.0457727e-21,0.35032627,5.0966482,1.0669113,0.050000001,0.52974844,0.03374926,-4.0724215e-24,5.0966501,1.06691,0.001
194,0.021032749,2.856802e-20,-2.0091164e-19,0.41401604,5.1679897,1.0668262,0.050000001,0.53955501,0.071658835,6.2816186e-23,5.1679902,1.06683,0.001
194,0.019829653,4.1366462e-20,-2.0380421e-19,0.45090643,5.2393351,1.0667408,0.050000001,0.55278069,0.1098499,5.4963953e-23,5.2393398,1.06674,0.001
194,0.018540826,1.7499061e-20,-5.3026155e-20,0.46481222,5.310688,1.0666496,0.050000001,0.56850928,0.14720689,7.5219086e-24,5.3106899,1.06665,0.001
194,0.017133672,-3.0187837e-20,1.0969464e-19,0.46066222,5.38204,1.0665677,0.050000001,0.58593762,0.18287568,-4.2926895e-23,5.38204,1.06657,0.001
194,0.015567893,-5.4265484e-20,1.6672753e-19,0.4433313,5.4533925,1.0664878,0.050000001,0.60439539,0.21626516,-5.0758523e-23,5.4533901,1.0664901,0.001
194,0.013803458,-1.9945795e-20,5.6873217e-20,0.4170838,5.5247445,1.0664079,0.050000001,0.62334031,0.24701197,-1.9158008e-23,5.5247402,1.0664099,0.001
194,0.011804725,-5.3851752e-20,1.2181696e-19,0.38542557,5.5960979,1.0663304,0.050000001,0.64234084,0.27494693,-2.0183612e-23,5.5960999,1.06633,0.001
194,0.009542889,-8.2986436e-20,1.8574578e-19,0.35113156,5.6674519,1.0662525,0.050000001,0.66105461,0.3000547,-3.1344189e-23,5.66745,1.06625,0.001
194,0.0069960197,-2.7554236e-20,6.4202308e-20,0.31632444,5.7388101,1.0661784,0.050000001,0.67921847,0.32244986,-1.915756e-23,5.7388101,1.06618,0.001
194,0.0041479906,-3.2478142e-20,6.6571263e-20,0.28261703,5.8101697,1.0661043,0.050000001,0.69663644,0.34234294,-5.8770634e-24,5.8101702,1.0661,0.001
194,0.00098828285,-7.1448507e-20,1.3470612e-19,0.25112918,5.8815293,1.0660298,0.050000001,0.7131722,0.36001533,1.1477917e-23,5.8815298,1.06603,0.001
194,-0.0024918162,-3.8455488e-20,6.997095e-20,0.22247241,5.9528918,1.0659552,0.050000001,0.72874516,0.37579918,1.2480489e-23,5.9528899,1.06596,0.001
194,-0.0063008759,3.5390057e-20,-6.817907e-20,0.19675197,6.0242558,1.0658875,0.050000001,0.74333191,0.39004549,-3.9448654e-24,6.02426,1.06589,0.001
194,-0.01044955,-1.5902886e-21,6.0712008e-22,0.17345457,6.0956197,1.0658199,0.050000001,0.75696552,0.4030906,4.4411122e-24,6.0956202,1.06582,0.001
194,-0.014954486,2.0485936e-21,-1.3968729e-21,0.15137491,6.1669879,1.0657519,0.050000001,0.76974016,0.41522026,-8.3386392e-24,6.1669898,1.06575,0.001
194,-0.019839736,4.0432365e-20,-7.2297589e-20,0.1285641,6.2383561,1.0656899,0.050000001,0.78181428,0.42661923,-1.9899128e-23,6.2383599,1.06569,0.001
194,-0.02513985,-8.1998815e-20,1.4808371e-19,0.1023512,6.3097219,1.0656283,0.050000001,0.79341185,0.43732083,4.6278983e-23,6.30972,1.06563,0.001
194,-0.03090133,-1.6680716e-19,3.0139416e-19,0.069564328,6.3810897,1.0655618,0.050000001,0.80481684,0.4471581,1.1333616e-22,6.3810902,1.06556,0.001
194,-0.037178904,4.575989e-20,-7.3311822e-20,0.026864018,6.4524622,1.0654994,0.050000001,0.8163566,0.45572448,-3.9112904e-23,6.4524598,1.0655,0.001
194,-0.044033345,8.5892936e-20,-1.4951761e-19,-0.028794395,6.523838,1.0654397,0.050000001,0.82837504,0.46236974,-6.0755928e-23,6.52384,1.0654401,0.001
194,-0.051521745,-4.6948128e-20,7.7792789e-20,-0.099576354,6.5952101,1.0653822,0.050000001,0.8411957,0.46622467,5.7758288e-23,6.5952101,1.06538,0.001
194,-0.059686683,2.4752461e-20,-3.488946e-20,-0.18626297,6.666584,1.0653242,0.050000001,0.8550877,0.4662708,-2.0343751e-23,6.6665802,1.06532,0.001
194,-0.068541244,-1.1310451e-20,4.9319255e-20,-0.28798777,6.7379622,1.0652683,0.050000001,0.87022537,0.46144593,3.0340307e-23,6.7379599,1.0652699,0.001
194,-0.078052148,4.3025842e-20,-8.1481743e-20,-0.40216056,6.8093381,1.0652117,0.050000001,0.88666445,0.45076543,-7.5250388e-23,6.80934,1.06521,0.001
194,-0.088125773,1.0853861e-21,-1.5383974e-22,-0.52478117,6.8807116,1.0651559,0.050000001,0.90433747,0.43343812,1.5057472e-23,6.8807101,1.06516,0.001
194,-0.098602377,-1.0354977e-19,2.072787e-19,-0.65094966,6.9520898,1.0650991,0.050000001,0.92306167,0.40896127,2.0514499e-22,6.9520898,1.0651,0.001
194,-0.10925143,-5.2929429e-20,1.323724e-19,-0.77545172,7.0234694,1.0650499,0.050000001,0.94256884,0.37716714,1.4854112e-22,7.0234699,1.06505,0.001
194,-0.11978318,3.0054485e-22,1.2737526e-21,-0.89336842,7.0948501,1.0650003,0.050000001,0.96252823,0.3382372,-1.2841428e-25,7.0948501,1.0650001,0.001
194,-0.12986211,2.1923776e-20,-4.047746e-20,-1.0004143,7.1662297,1.0649507,0.050000001,0.98258531,0.29266626,-4.3266077e-23,7.1662302,1.06495,0.001
194,-0.13912983,1.2758453e-20,-4.5796199e-20,-1.0930709,7.2376118,1.0649004,0.050000001,1.0023891,0.24121302,-5.9482744e-23,7.2376099,1.0649,0.001
194,-0.147227,-4.4810399e-22,4.6480361e-20,-1.1684697,7.3089976,1.06485,0.050000001,1.0216026,0.18484668,8.5977887e-23,7.309,1.06485,0.001
194,-0.15381771,-8.1719887e-21,4.8604974e-20,-1.2241192,7.3803816,1.0648021,0.050000001,1.0399147,0.1247099,6.6424644e-23,7.3803802,1.0648,0.001
194,-0.1586149,1.1462819e-20,-1.4577554e-19,-1.2576267,7.4517679,1.0647583,0.050000001,1.0570205,0.062084481,-2.0040041e-22,7.4517698,1.06476,0.001
194,-0.1614017,1.6460043e-21,9.6654562e-20,-1.2665594,7.5231495,1.06471,0.050000001,1.0726099,-0.0015970092,1.3451578e-22,7.52315,1.06471,0.001
194,-0.16205163,2.4160764e-21,1.5232044e-19,-1.2486624,7.5945377,1.0646613,0.050000001,1.086367,-0.064781934,2.0248523e-22,7.5945401,1.06466,0.001
194,-0.16054426,-3.4558834e-20,-2.0397205e-19,-1.2026693,7.6659279,1.0646197,0.050000001,1.0979424,-0.12581402,-2.6139011e-22,7.6659298,1.06462,0.001
194,-0.15697666,-2.7647811e-21,-3.2071594e-21,-1.1292267,7.7373118,1.0645784,0.050000001,1.1069927,-0.18303095,-4.7443037e-25,7.7373099,1.06458,0.001
194,-0.15155759,2.007948e-20,1.5586215e-19,-1.0313802,7.8087001,1.0645319,0.050000001,1.1132221,-0.23490958,1.9546358e-22,7.8087001,1.06453,0.001
194,-0.14459109,-2.4030153e-20,-9.9210285e-20,-0.91469717,7.8800921,1.0644896,0.050000001,1.1164297,-0.28020951,-1.276614e-22,7.8800902,1.06449,0.001
194,-0.13644636,-1.3095045e-20,-5.1493056e-20,-0.78678262,7.9514847,1.0644498,0.050000001,1.1165547,-0.31811401,-6.2189269e-23,7.9514799,1.06445,0.001
194,-0.13037728,-4.540961e-21,-1.6379504e-20,-0.69792855,8.0000029,1.0644228,0.050000001,1.1146196,-0.33863747,-1.9922531e-23,8,1.0644228,0.001
194,-0.22876097,2.760114e-20,-6.4813939e-19,-1.0243537,0.99999946,1.1570672,0.050000001,1.2069772,0.040813226,-1.1728736e-21,1,1.1570636,0.001
194,-0.23090884,2.6576777e-20,-8.860798e-19,-1.0303452,1.0343703,1.1568803,0.050000001,1.2083954,0.037498988,-1.5346903e-21,1.0343699,1.15688,0.001
194,-0.23605357,-4.4707997e-21,-2.7867356e-20,-1.0375242,1.1055223,1.1565226,0.050000001,1.2126648,0.029718021,-2.3936059e-23,1.10552,1.15652,0.001
194,-0.24179721,1.4556343e-20,5.3815382e-20,-1.0391903,1.1766874,1.1561928,0.050000001,1.2182024,0.0208105,-6.3692036e-23,1.17669,1.15619,0.001
194,-0.24800335,2.7386664e-20,-3.7551112e-19,-1.03523,1.2478509,1.1558896,0.050000001,1.224861,0.010585115,-9.2769336e-22,1.2478499,1.15589,0.001
194,-0.25451368,2.4227637e-20,-3.8673328e-19,-1.0255579,1.3190247,1.1555996,0.050000001,1.232456,-0.0011187893,-9.4572078e-22,1.31903,1.1556,0.001
194,-0.2611489,1.8231854e-20,5.1454398e-19,-1.0099673,1.3902098,1.1553198,0.050000001,1.240791,-0.014415796,7.6103494e-22,1.39021,1.15532,0.001
194,-0.26769251,2.8048241e-20,7.4090464e-19,-0.98834765,1.4613976,1.1550518,0.050000001,1.2495779,-0.029397683,1.2231342e-21,1.4614,1.15505,0.001
194,-0.27389273,-1.3155345e-20,4.0631658e-20,-0.96071029,1.5325854,1.1547921,0.050000001,1.258478,-0.046114087,-9.5394822e-23,1.53259,1.15479,0.001
194,-0.27950522,-2.6665631e-20,-1.8547632e-19,-0.92709047,1.6037773,1.1545383,0.050000001,1.2671362,-0.064542852,-5.889734e-22,1.60378,1.1545399,0.001
194,-0.28429836,-1.6236759e-20,3.4047439e-20,-0.88754427,1.6749774,1.1542902,0.050000001,1.2751733,-0.084596321,-1.1212461e-22,1.67498,1.15429,0.001
194,-0.28803706,1.9488579e-21,1.7694072e-20,-0.84228247,1.746182,1.1540506,0.050000001,1.2821983,-0.10612307,-6.0358512e-23,1.7461801,1.15405,0.001
194,-0.29050323,1.8915619e-20,5.1727558e-21,-0.79167539,1.81739,1.1538128,0.050000001,1.2878082,-0.12890427,-7.4487541e-23,1.81739,1.15381,0.001
194,-0.29150811,5.3240634e-20,4.8170098e-19,-0.73623633,1.8886025,1.153581,0.050000001,1.291616,-0.15265366,8.8986842e-22,1.8886,1.15358,0.001
194,-0.29090205,1.5870965e-21,2.4226285e-19,-0.67676991,1.9598185,1.1533506,0.050000001,1.2932609,-0.17702562,4.3403238e-22,1.95982,1.15335,0.001
194,-0.28858027,3.8471104e-20,4.4622827e-19,-0.61428541,2.0310342,1.1531221,0.050000001,1.2924408,-0.20162448,1.1082258e-21,2.0310299,1.15312,0.001
194,-0.28448766,1.7838354e-19,1.1962539e-18,-0.54998583,2.1022558,1.1529,0.050000001,1.2889185,-0.2260237,2.3982034e-21,2.1022601,1.1529,0.001
194,-0.27862629,8.3182471e-20,4.9691774e-19,-0.48527288,2.17348,1.1526858,0.050000001,1.2825339,-0.24977536,8.1444211e-22,2.17348,1.1526901,0.001
194,-0.27105588,4.5924454e-20,2.3662517e-19,-0.42164299,2.2447121,1.1524761,0.050000001,1.2732341,-0.2724402,4.049139e-22,2.24471,1.15248,0.001
194,-0.26188853,1.0787912e-19,4.6757211e-19,-0.36062902,2.3159504,1.1522681,0.050000001,1.2610617,-0.29360807,7.9475911e-22,2.3159499,1.15227,0.001
194,-0.25128341,1.1614302e-19,4.681379e-19,-0.30354169,2.3871858,1.1520617,0.050000001,1.2461667,-0.31291503,7.5914556e-22,2.3871901,1.15206,0.001
194,-0.23943794,-1.2355928e-20,1.3536807e-20,-0.25147724,2.4584258,1.1518618,0.050000001,1.2287894,-0.33006442,-4.8107452e-23,2.4584301,1.15186,0.001
194,-0.22657683,-6.8029402e-20,-2.2463871e-19,-0.20522594,2.52967,1.1516678,0.050000001,1.2092474,-0.34484285,-4.2333634e-22,2.52967,1.15167,0.001
194,-0.21294037,-6.2155056e-20,-2.2154699e-19,-0.16514435,2.6009176,1.1514778,0.050000001,1.1879125,-0.35712197,-3.4295992e-22,2.60092,1.15148,0.001
194,-0.19877106,6.3714078e-20,2.0735059e-19,-0.13122003,2.6721759,1.1512922,0.050000001,1.1651773,-0.36685416,2.9157152e-22,2.6721799,1.1512901,0.001
194,-0.1843026,1.2674903e-19,4.3345096e-19,-0.10320193,2.7434347,1.1511083,0.050000001,1.1414429,-0.37406352,6.3541299e-22,2.7434299,1.1511101,0.001
194,-0.16974939,-4.2291523e-21,3.0664791e-21,-0.080514155,2.8146944,1.1509283,0.050000001,1.1170855,-0.37883988,-2.4572123e-23,2.8146901,1.15093,0.001
194,-0.15530123,-7.1415252e-22,-3.15136e-21,-0.062469956,2.885956,1.1507523,0.050000001,1.092445,-0.38131738,-4.9281778e-23,2.8859601,1.15075,0.001
194,-0.14112039,-1.47605e-19,-3.9635194e-19,-0.048414122,2.957217,1.1505803,0.050000001,1.067813,-0.38165849,-4.9361841e-22,2.9572201,1.15058,0.001
194,-0.12733689,-1.5529575e-19,-3.9420913e-19,-0.03757412,3.0284896,1.1504099,0.050000001,1.0434279,-0.3800464,-4.9491508e-22,3.0284901,1.1504101,0.001
194,-0.11405277,1.3875527e-19,3.7343971e-19,-0.029263936,3.0997705,1.1502463,0.050000001,1.0194777,-0.37666845,3.6149567e-22,3.0997701,1.15025,0.001
194,-0.10134463,7.607878e-20,1.9948793e-19,-0.023030713,3.1710508,1.150084,0.050000001,0.99610096,-0.37170696,2.3648679e-22,3.1710501,1.15008,0.001
194,-0.089262091,-1.3371678e-19,-3.5531031e-19,-0.018397475,3.2423282,1.1499286,0.050000001,0.97339439,-0.3653318,-2.596348e-22,3.2423301,1.14993,0.001
194,-0.077835433,2.0567581e-19,5.2348389e-19,-0.014951246,3.3136077,1.1497698,0.050000001,0.95141339,-0.35770351,3.9307662e-22,3.3136101,1.14977,0.001
194,-0.067076795,1.4005248e-19,3.6653099e-19,-0.012446261,3.3848979,1.1496155,0.050000001,0.93018794,-0.3489565,2.9505758e-22,3.3849001,1.1496201,0.001
194,-0.056985974,-2.4830357e-19,-6.6510186e-19,-0.010640068,3.4561882,1.1494697,0.050000001,0.90972322,-0.33921245,-3.4623862e-22,3.4561901,1.14947,0.001
194,-0.047551535,6.4912197e-20,1.6043469e-19,-0.0093883071,3.527478,1.1493305,0.050000001,0.89000815,-0.32857049,9.4945904e-23,3.5274799,1.14933,0.001
194,-0.038754422,1.8383056e-19,4.9335006e-19,-0.0086107757,3.5987742,1.1491883,0.050000001,0.8710165,-0.31711209,2.3866576e-22,3.5987699,1.1491899,0.001
194,-0.030569714,-1.1325014e-19,-3.0900989e-19,-0.0082271909,3.6700699,1.1490482,0.050000001,0.85271358,-0.30490097,-8.6766104e-23,3.6700699,1.14905,0.001
194,-0.022970296,4.3035432e-20,1.525764e-19,-0.008227339,3.7413697,1.148912,0.050000001,0.83506066,-0.2919856,5.1670815e-24,3.74137,1.14891,0.001
194,-0.015926566,5.0981981e-20,1.6280266e-19,-0.0086648371,3.8126776,1.1487777,0.050000001,0.81801593,-0.27839854,4.0497462e-23,3.81268,1.14878,0.001
194,-0.009409965,-1.5538509e-19,-4.4768897e-19,-0.009648052,3.8839879,1.148648,0.050000001,0.8015337,-0.26416567,-7.0694237e-23,3.88399,1.1486501,0.001
194,-0.0033926778,-1.4053335e-19,-4.3652415e-19,-0.01144656,3.9552982,1.1485198,0.050000001,0.78556573,-0.2493068,-2.1460619e-23,3.9553001,1.14852,0.001
194,0.0021509361,-4.8023971e-20,-1.4453455e-19,-0.014615079,4.026608,1.1483955,0.050000001,0.77005625,-0.23384514,-8.665495e-24,4.0266099,1.1483999,0.001
194,0.0072428808,4.204972e-20,1.447062e-19,-0.020330722,4.0979218,1.1482757,0.050000001,0.75492758,-0.21782883,-6.577312e-24,4.0979199,1.14828,0.001
194,0.01190039,-9.7426392e-23,-4.5903968e-23,-0.030709911,4.16924,1.1481557,0.050000001,0.74005395,-0.20136586,0,4.16924,1.14816,0.001
194,0.016133245,-5.0856164e-22,8.4970782e-25,-0.048956763,4.2405601,1.1480397,0.050000001,0.72522074,-0.18467376,0,4.2405601,1.1480401,0.001
194,0.019942647,2.2336219e-22,-2.3555523e-22,-0.07859946,4.3118796,1.1479282,0.050000001,0.71008444,-0.16811247,0,4.3118801,1.14793,0.001
194,0.023319157,-3.05888e-20,-1.2178523e-19,-0.12165733,4.3832021,1.1478137,0.050000001,0.69417673,-0.15216066,3.3552719e-23,4.3832002,1.14781,0.001
194,0.026243091,-9.6151345e-21,8.4265802e-21,-0.17609386,4.4545279,1.1477083,0.050000001,0.67700332,-0.13728967,-2.02703e-23,4.4545298,1.14771,0.001
194,0.028685747,1.49613e-20,1.3664473e-19,-0.2339541,4.5258574,1.1475978,0.050000001,0.65822917,-0.1237593,-6.6229581e-23,4.5258598,1.1476001,0.001
194,0.030618912,-2.5710076e-20,-1.1027167e-19,-0.28189456,4.5971904,1.1474893,0.050000001,0.63793159,-0.11137511,4.1036601e-23,4.5971899,1.14749,0.001
194,0.032022461,-1.1209067e-20,-5.754205e-20,-0.3046127,4.6685224,1.14739,0.050000001,0.61676461,-0.099374942,2.3545116e-23,4.66852,1.14739,0.001
194,0.032894619,-1.1902223e-20,-1.0595532e-19,-0.29018497,4.7398582,1.14729,0.050000001,0.5959515,-0.086518161,5.6624082e-23,4.7398601,1.14729,0.001
194,0.03326074,-1.8564164e-20,-1.6222689e-19,-0.23481189,4.811192,1.1471893,0.050000001,0.57708317,-0.071376912,8.6270883e-23,4.8111901,1.14719,0.001
194,0.033172939,3.0907083e-22,1.2401125e-20,-0.14435394,4.8825297,1.1470958,0.050000001,0.56174701,-0.052730806,-1.9773823e-23,4.8825302,1.1471,0.001
194,0.032702904,-9.6986301e-22,-4.3067999e-20,-0.032207746,4.9538722,1.1470038,0.050000001,0.55117053,-0.029901948,9.6629434e-24,4.9538698,1.147,0.001
194,0.031931397,3.3037747e-21,-1.0450388e-19,0.085134849,5.025218,1.146912,0.050000001,0.54600722,-0.0028920176,5.9274769e-23,5.0252199,1.14691,0.001
194,0.030931391,4.4917749e-21,-5.2508666e-20,0.19292043,5.0965624,1.1468195,0.050000001,0.54628628,0.027674178,3.2251079e-23,5.09656,1.1468199,0.001
194,0.029757604,7.3232465e-21,-5.4228901e-20,0.2810936,5.1679082,1.1467315,0.050000001,0.55153894,0.06076552,3.3845768e-23,5.1679101,1.1467299,0.001
194,0.028439984,-6.016276e-21,-7.4812524e-22,0.34504384,5.239254,1.1466483,0.050000001,0.5609861,0.095187418,1.4915197e-23,5.2392502,1.14665,0.001
194,0.026984422,3.147726e-21,-1.5234277e-21,0.38477227,5.3106041,1.1465595,0.050000001,0.57373083,0.12979431,-1.1214193e-24,5.3105998,1.14656,0.001
194,0.025380019,1.8985252e-20,-5.2789891e-20,0.40314257,5.3819542,1.1464775,0.050000001,0.58889449,0.16361164,1.9619886e-24,5.3819499,1.14648,0.001
194,0.023603663,4.2581457e-21,8.5270346e-22,0.40434235,5.4533081,1.1463997,0.050000001,0.60569137,0.19589865,-1.3140102e-23,5.45331,1.1464,0.001
194,0.021628115,-4.4579481e-20,1.1790452e-19,0.39278686,5.524662,1.1463223,0.050000001,0.62346148,0.22614484,-3.4291222e-23,5.5246601,1.14632,0.001
194,0.019426288,-4.0783184e-20,1.1751247e-19,0.37249511,5.5960178,1.1462442,0.050000001,0.64167231,0.25405392,-4.6534614e-23,5.5960202,1.14624,0.001
194,0.016975172,-2.0866532e-20,6.1849354e-20,0.34683031,5.6673722,1.1461678,0.050000001,0.65990359,0.27950358,-3.1293336e-23,5.6673698,1.14617,0.001
194,0.014255669,-2.1485003e-20,6.173625e-20,0.31841934,5.73873,1.1460919,0.050000001,0.677836,0.30252022,-3.0806659e-23,5.73873,1.14609,0.001
194,0.0112543,3.6094184e-20,-6.5854808e-20,0.28923595,5.8100896,1.1460201,0.050000001,0.6952334,0.32323399,-9.5565907e-24,5.8100901,1.1460201,0.001
194,0.0079607926,3.2366401e-20,-6.5548926e-20,0.2606315,5.881453,1.1459478,0.050000001,0.71193445,0.34185725,2.2225393e-24,5.8814602,1.14595,0.001
194,0.0043670754,-1.7969384e-22,4.5399286e-23,0.23334037,5.9528174,1.1458777,0.050000001,0.72784328,0.35865206,0,5.9528198,1.14588,0.001
194,0.00046390991,-3.3849979e-20,6.972171e-20,0.20749374,6.0241823,1.14581,0.050000001,0.74293226,0.37390253,-4.2340157e-24,6.0241799,1.14581,0.001
194,-0.0037606629,-3.3868135e-20,6.9591875e-20,0.18260884,6.0955477,1.1457419,0.050000001,0.75723988,0.38787523,-4.2297274e-24,6.0955501,1.14574,0.001
194,-0.0083240056,3.9629876e-23,-2.9657996e-23,0.15750483,6.1669116,1.1456785,0.050000001,0.77086902,0.40078101,0,6.1669102,1.14568,0.001
194,-0.013252888,1.1203006e-22,-8.609686e-23,0.13035697,6.2382798,1.1456118,0.050000001,0.78399181,0.41273341,0,6.2382798,1.14561,0.001
194,-0.018582618,-3.8771477e-20,7.4536321e-20,0.098787196,6.3096495,1.14555,0.050000001,0.79684335,0.42369568,1.2275615e-23,6.3096499,1.14555,0.001
194,-0.024359839,-1.2002392e-19,2.26966e-19,0.060039874,6.3810196,1.145488,0.050000001,0.80970943,0.43344834,5.7882423e-23,6.3810201,1.1454901,0.001
194,-0.030639356,-1.2092649e-19,2.3180607e-19,0.011363014,6.4523921,1.1454258,0.050000001,0.8229084,0.44155997,7.4003086e-23,6.4523902,1.14543,0.001
194,-0.037479494,3.0592602e-21,3.8079393e-21,-0.049598888,6.5237679,1.1453657,0.050000001,0.83676189,0.44738927,-5.0143675e-24,6.5237699,1.14537,0.001
194,-0.044932932,8.5061722e-20,-1.5482369e-19,-0.12433958,6.5951419,1.1453078,0.050000001,0.85155714,0.45011827,-7.3616127e-23,6.59514,1.14531,0.001
194,-0.053036552,8.0395907e-22,1.4376553e-21,-0.21309349,6.6665182,1.1452522,0.050000001,0.86751634,0.44882011,1.4032043e-23,6.6665201,1.14525,0.001
194,-0.061795529,-8.0119577e-20,1.6768423e-19,-0.31468216,6.7378945,1.1451962,0.050000001,0.88475859,0.44255456,1.1841079e-22,6.7378898,1.1452,0.001
194,-0.071170643,5.0550574e-21,5.7682907e-21,-0.42649886,6.8092699,1.1451392,0.050000001,0.90328956,0.4304713,1.0170684e-23,6.8092699,1.1451401,0.001
194,-0.081063136,8.6239613e-21,7.9356501e-21,-0.5447939,6.8806477,1.1450855,0.050000001,0.92299467,0.41190839,3.3434383e-23,6.88065,1.14509,0.001
194,-0.091310352,3.5933511e-20,-8.6489895e-20,-0.66512567,6.9520307,1.1450293,0.050000001,0.94365066,0.38647389,-6.4377544e-23,6.9520302,1.14503,0.001
194,-0.10168338,1.2037484e-20,6.8390275e-21,-0.78284371,7.0234079,1.14498,0.050000001,0.96496058,0.35407591,3.4313846e-23,7.0234098,1.14498,0.001
194,-0.11189829,-2.3204924e-20,9.5513085e-20,-0.89358306,7.0947881,1.1449298,0.050000001,0.98657197,0.31493735,9.7615983e-23,7.09479,1.14493,0.001
194,-0.12162901,3.6810936e-20,-8.7930081e-20,-0.99346209,7.1661701,1.1448798,0.050000001,1.0081161,0.26956272,-7.4004518e-23,7.1661701,1.1448801,0.001
194,-0.13052788,1.524275e-20,-4.5188454e-20,-1.0791662,7.2375493,1.14483,0.050000001,1.0292275,0.21869978,-4.5484732e-23,7.2375498,1.14483,0.001
194,-0.13824861,1.301429e-20,-4.513637e-20,-1.147835,7.3089356,1.1447817,0.050000001,1.0495524,0.16329664,-6.0444984e-23,7.3089399,1.14478,0.001
194,-0.14447014,-8.7092787e-23,4.9461897e-22,-1.196689,7.3803196,1.1447381,0.050000001,1.0687528,0.10448028,0,7.3803201,1.14474,0.001
194,-0.14892207,-4.2503588e-22,-1.009198e-19,-1.2229722,7.4517059,1.1446919,0.050000001,1.086485,0.043534774,-1.3102075e-22,7.4517102,1.14469,0.001
194,-0.15140389,-5.3249712e-22,-2.7379254e-21,-1.2239439,7.5230918,1.1446456,0.050000001,1.1023976,-0.018094677,-2.1801332e-25,7.5230899,1.14465,0.001
194,-0.15180926,1.4318128e-20,2.0693897e-19,-1.1973693,7.59448,1.1445997,0.050000001,1.1161124,-0.078830741,2.5141926e-22,7.59448,1.1446,0.001
194,-0.15013844,2.3556646e-21,5.9480102e-21,-1.1425536,7.6658678,1.1445577,0.050000001,1.1272376,-0.13701509,-9.0311731e-24,7.6658702,1.14456,0.001
194,-0.14650984,-3.7082239e-20,-2.1319969e-19,-1.0610219,7.7372556,1.1445135,0.050000001,1.1354153,-0.19102478,-2.3309618e-22,7.7372599,1.14452,0.001
194,-0.14114992,-2.6197363e-21,-4.1503056e-21,-0.95700866,7.8086414,1.1444695,0.050000001,1.1403697,-0.23942953,9.2107013e-24,7.80864,1.14447,0.001
194,-0.13436936,-5.8607665e-21,1.8734544e-22,-0.83718878,7.8800316,1.14443,0.050000001,1.1419648,-0.28114852,1.1908954e-23,7.8800302,1.14443,0.001
194,-0.12653345,4.1144425e-22,-5.3708614e-22,-0.70969516,7.9514284,1.14439,0.050000001,1.1402373,-0.31555405,1.4184097e-26,7.9514298,1.14439,0.001
194,-0.12074204,2.0352175e-20,7.3265183e-20,-0.62341797,7.9999981,1.1443628,0.050000001,1.1369563,-0.33390096,6.8317513e-23,8,1.1443628,0.001
194,-0.22174887,-1.7854128e-21,2.0206456e-19,-0.58830965,0.99999791,1.2367307,0.050000001,1.2598706,0.037022389,3.7658448e-22,1,1.2367278,0.001
194,-0.22360712,8.7760293e-21,-1.1636372e-20,-0.59544253,1.0341164,1.2365621,0.050000001,1.2614613,0.033194695,-1.5939968e-23,1.03412,1.23656,0.001
194,-0.22799303,-2.1317563e-21,8.543232e-21,-0.60653096,1.1052804,1.2362368,0.050000001,1.2655369,0.024355022,-2.9906115e-23,1.10528,1.23624,0.001
194,-0.23279971,-2.4516431e-20,4.2878758e-19,-0.61345065,1.1764551,1.2359287,0.050000001,1.2702765,0.014501974,8.1170642e-22,1.17646,1.23593,0.001
194,-0.23791231,-7.1816136e-21,4.5289514e-19,-0.61598766,1.2476311,1.2356412,0.050000001,1.2755588,0.0034929346,8.5898223e-22,1.24763,1.23564,0.001
194,-0.24319465,-6.8955416e-21,-1.694949e-21,-0.6139791,1.3188149,1.235368,0.050000001,1.281237,-0.0087674968,-6.5127741e-24,1.31882,1.23537,0.001
194,-0.2484892,-1.4811648e-20,-2.5779302e-21,-0.60723257,1.3900076,1.2350975,0.050000001,1.2871041,-0.022355411,1.7188935e-23,1.39001,1.2351,0.001
194,-0.25360012,-5.3225143e-21,4.8994699e-19,-0.59566748,1.461202,1.2348378,0.050000001,1.2929065,-0.037340313,7.9170691e-22,1.4612,1.23484,0.001
194,-0.25832114,-1.276507e-20,-2.236808e-19,-0.5792585,1.5323979,1.234588,0.050000001,1.2983841,-0.053722456,-4.4779441e-22,1.5324,1.2345901,0.001
194,-0.26246607,-4.1266057e-20,-7.0371351e-19,-0.55816752,1.6035955,1.2343422,0.050000001,1.3032588,-0.071443491,-1.3998673e-21,1.6036,1.23434,0.001
194,-0.26584291,-9.394444e-20,-1.2091009e-18,-0.53258121,1.6747975,1.2341006,0.050000001,1.3072289,-0.090400644,-2.3324371e-21,1.6748,1.2341,0.001
194,-0.26826236,1.8607622e-20,2.2448989e-19,-0.50280935,1.7460053,1.2338625,0.050000001,1.3099937,-0.11044076,3.6736157e-22,1.7460099,1.23386,0.001
194,-0.26955304,8.9167388e-20,9.8036226e-19,-0.46937153,1.8172177,1.2336305,0.050000001,1.3112589,-0.13135682,1.7581805e-21,1.81722,1.2336299,0.001
194,-0.26957211,5.2187794e-21,3.2905865e-20,-0.43288422,1.8884342,1.2334005,0.050000001,1.3107464,-0.15289319,-1.1189728e-22,1.88843,1.2334,0.001
194,-0.26820847,-1.3397625e-19,-9.4555109e-19,-0.3941327,1.9596546,1.2331719,0.050000001,1.308219,-0.17475455,-1.8206324e-21,1.95965,1.23317,0.001
194,-0.26538745,-2.6447156e-19,-1.6998271e-18,-0.35398108,2.0308759,1.2329522,0.050000001,1.3034865,-0.1966119,-3.1065069e-21,2.03088,1.23295,0.001
194,-0.26107746,-1.0275946e-19,-5.0840501e-19,-0.31336874,2.1020977,1.2327361,0.050000001,1.2964218,-0.2181163,-9.5696345e-22,2.1020999,1.23274,0.001
194,-0.25529227,3.3552452e-20,2.3375033e-19,-0.27332833,2.1733255,1.2325193,0.050000001,1.2869643,-0.23891817,4.5396863e-22,2.1733301,1.23252,0.001
194,-0.24808659,4.3948953e-20,2.3211347e-19,-0.23479579,2.2445598,1.232312,0.050000001,1.2751322,-0.25867498,3.6992396e-22,2.24456,1.2323101,0.001
194,-0.23955637,9.7475713e-20,4.7252377e-19,-0.19864126,2.3158,1.2321105,0.050000001,1.2610197,-0.27707389,7.9468848e-22,2.3158,1.23211,0.001
194,-0.22983439,-6.3230022e-20,-2.1736386e-19,-0.16552831,2.3870399,1.2319108,0.050000001,1.24479,-0.29384285,-3.2269649e-22,2.3870399,1.23191,0.001
194,-0.21908143,-5.5398547e-20,-2.3695038e-19,-0.13594702,2.458282,1.2317125,0.050000001,1.2266653,-0.3087596,-3.6186837e-22,2.4582801,1.23171,0.001
194,-0.20747653,6.5644808e-20,2.2063089e-19,-0.11014752,2.5295277,1.2315203,0.050000001,1.2069201,-0.32166329,3.8676724e-22,2.52953,1.2315201,0.001
194,-0.19521199,1.2716833e-19,4.3523638e-19,-0.088185422,2.6007793,1.23133,0.050000001,1.1858579,-0.3324531,5.7862142e-22,2.60078,1.23133,0.001
194,-0.18247963,5.4380495e-20,2.2263396e-19,-0.069862612,2.67204,1.2311463,0.050000001,1.1637828,-0.34108764,2.8603263e-22,2.67204,1.23115,0.001
194,-0.16946852,-7.0097263e-20,-2.1350634e-19,-0.054899447,2.7433002,1.2309639,0.050000001,1.1410079,-0.34757897,-2.8925649e-22,2.7433,1.23096,0.001
194,-0.15635128,3.0544993e-21,-3.5141116e-21,-0.04291955,2.8145621,1.2307885,0.050000001,1.1178205,-0.35198137,0,2.8145599,1.23079,0.001
194,-0.14328456,6.4511965e-20,2.0201338e-19,-0.033422433,2.8858259,1.2306143,0.050000001,1.0944752,-0.35439104,2.1046107e-22,2.8858299,1.23061,0.001
194,-0.13040373,-1.2033765e-20,1.0377677e-20,-0.026075352,2.9570894,1.2304446,0.050000001,1.0712031,-0.35492051,-2.4587987e-23,2.9570899,1.23044,0.001
194,-0.11782023,-7.9375807e-21,-1.5944575e-21,-0.020427786,3.0283659,1.2302763,0.050000001,1.0481826,-0.35370243,-3.3090743e-23,3.0283699,1.23028,0.001
194,-0.10562627,6.4941058e-20,1.9592144e-19,-0.016096048,3.0996447,1.2301099,0.050000001,1.0255605,-0.35087892,2.0399292e-22,3.0996399,1.23011,0.001
194,-0.093889706,-6.0209398e-20,-1.8276178e-19,-0.012871315,3.1709247,1.229952,0.050000001,1.0034552,-0.34658533,-1.3636595e-22,3.1709199,1.22995,0.001
194,-0.082660899,-1.2286187e-19,-3.6592539e-19,-0.010455952,3.2422042,1.2297986,0.050000001,0.98194563,-0.34095594,-2.6063722e-22,3.2421999,1.2298,0.001
194,-0.071972981,1.2506584e-19,3.4459864e-19,-0.0086495923,3.3134875,1.229642,0.050000001,0.96107996,-0.33411935,2.2760533e-22,3.3134899,1.22964,0.001
194,-0.061843731,1.3074689e-19,3.560031e-19,-0.0073532839,3.3847778,1.2294917,0.050000001,0.9408921,-0.32618412,2.5779318e-22,3.3847799,1.22949,0.001
194,-0.052279878,-5.6910349e-20,-1.6502108e-19,-0.00642952,3.4560699,1.2293481,0.050000001,0.92139328,-0.31725079,-7.5600617e-23,3.4560699,1.22935,0.001
194,-0.043278649,1.6902012e-21,1.1295537e-20,-0.0057945792,3.5273621,1.2292037,0.050000001,0.90258062,-0.30740654,3.693437e-23,3.52736,1.2292,0.001
194,-0.034828611,4.7080293e-20,1.7543383e-19,-0.0054281717,3.5986605,1.2290637,0.050000001,0.88444239,-0.29671893,5.7476992e-23,3.59866,1.2290601,0.001
194,-0.026914412,-1.1242366e-19,-3.0475148e-19,-0.0052793417,3.6699576,1.2289281,0.050000001,0.86695826,-0.28524598,-7.9168837e-23,3.66996,1.22893,0.001
194,-0.019516848,-1.0509611e-19,-3.1505099e-19,-0.0053566387,3.7412596,1.228792,0.050000001,0.8501029,-0.27303207,-7.1969756e-23,3.7412601,1.22879,0.001
194,-0.012613965,4.7828313e-20,1.7173054e-19,-0.0056855115,3.8125679,1.2286577,0.050000001,0.83385015,-0.26010752,4.2686122e-23,3.8125701,1.22866,0.001
194,-0.0061838366,-4.8858292e-20,-1.3619204e-19,-0.006348996,3.8838778,1.2285292,0.050000001,0.8181715,-0.24649526,5.043165e-26,3.8838799,1.22853,0.001
194,-0.00020444042,2.8484665e-21,2.7520498e-23,-0.0075042336,3.9551899,1.2284081,0.050000001,0.80303782,-0.23221076,7.1645949e-24,3.9551899,1.22841,0.001
194,0.0053444593,8.357661e-20,2.8958707e-19,-0.0094451904,4.0265021,1.2282813,0.050000001,0.78841472,-0.21726969,-1.24393e-23,4.0265002,1.2282799,0.001
194,0.010481998,-2.9995627e-20,-1.4656723e-19,-0.012821214,4.0978179,1.2281612,0.050000001,0.77426255,-0.20169175,3.2988295e-23,4.0978198,1.22816,0.001
194,0.015222692,-6.210449e-21,-3.6616123e-21,-0.018861121,4.169138,1.2280458,0.050000001,0.76051557,-0.18553059,-1.5580061e-23,4.1691399,1.22805,0.001
194,0.019576723,5.944012e-20,2.8105007e-19,-0.029759606,4.2404604,1.2279295,0.050000001,0.74705553,-0.16890253,-7.0442123e-23,4.2404599,1.2279299,0.001
194,0.023548637,-2.9794202e-20,-1.4144292e-19,-0.048632365,4.31178,1.22782,0.050000001,0.73367429,-0.15202691,3.5649079e-23,4.31178,1.22782,0.001
194,0.027134618,-1.9654713e-20,-6.4654259e-20,-0.078736462,4.3831019,1.22771,0.050000001,0.72003728,-0.13525344,9.6395127e-24,4.3831,1.22771,0.001
194,0.030322019,-1.6093957e-20,-5.0792211e-20,-0.12178821,4.4544301,1.2276,0.050000001,0.7056998,-0.11902851,1.4056813e-23,4.4544301,1.2276,0.001
194,0.033089161,-7.9151346e-21,8.5496322e-21,-0.1757528,4.5257597,1.2274917,0.050000001,0.69019735,-0.10378568,-1.7358345e-23,4.5257602,1.2274899,0.001
194,0.035409231,-3.2066474e-21,1.481375e-20,-0.23337303,4.5970922,1.2273875,0.050000001,0.67322475,-0.089757204,-7.6844937e-24,4.5970898,1.2273901,0.001
194,0.037254587,-1.0194162e-20,-5.8658343e-20,-0.28269249,4.6684279,1.227288,0.050000001,0.6548416,-0.076789789,2.6682968e-23,4.6684299,1.22729,0.001
194,0.038604561,-6.0260936e-21,-5.0471013e-20,-0.30999517,4.7397623,1.2271903,0.050000001,0.63562077,-0.064254269,2.9624425e-23,4.7397599,1.22719,0.001
194,0.03945484,-1.0339317e-20,-4.7938671e-20,-0.3043564,4.8110981,1.227089,0.050000001,0.61664969,-0.05111463,2.1653432e-23,4.8111,1.22709,0.001
194,0.039821349,6.7393292e-21,9.3009149e-22,-0.26160812,4.8824377,1.2269975,0.050000001,0.59934789,-0.036175031,5.8163677e-24,4.8824401,1.227,0.001
194,0.039740682,5.2824695e-21,4.6011356e-20,-0.18586111,4.9537821,1.226908,0.050000001,0.58515173,-0.018405015,-2.0677922e-23,4.9537802,1.22691,0.001
194,0.039267153,7.7333947e-21,-5.2586489e-20,-0.088034712,5.0251284,1.2268182,0.050000001,0.57521647,0.0027948157,3.093779e-23,5.0251298,1.22682,0.001
194,0.038461909,8.2487889e-21,-1.6530818e-19,0.01778977,5.0964723,1.226728,0.050000001,0.57019955,0.027462542,1.118371e-22,5.0964699,1.22673,0.001
194,0.037382517,-2.7916788e-21,4.8070083e-20,0.1183341,5.16782,1.2266375,0.050000001,0.57020968,0.055119451,-1.7968286e-23,5.16782,1.22664,0.001
194,0.036073934,-5.5155862e-21,5.1793171e-20,0.20385729,5.2391701,1.2265515,0.050000001,0.57489079,0.084925011,-2.5832631e-23,5.2391701,1.22655,0.001
194,0.03456359,-7.7757134e-21,5.483085e-20,0.26919299,5.3105202,1.2264673,0.050000001,0.58357763,0.1158823,-3.5641619e-23,5.3105202,1.22647,0.001
194,0.032861337,9.1984447e-21,5.6827853e-22,0.31324616,5.3818703,1.2263875,0.050000001,0.59546131,0.14701594,-2.3518884e-23,5.3818698,1.22639,0.001
194,0.030963622,5.4661975e-20,-1.7098143e-19,0.33773541,5.4532223,1.22631,0.050000001,0.60972077,0.1774891,6.7240326e-23,5.4532199,1.22631,0.001
194,0.028858414,1.936688e-20,-5.6713164e-20,0.3459343,5.5245776,1.2262321,0.050000001,0.62560695,0.20665702,1.9210308e-23,5.52458,1.22623,0.001
194,0.026529899,2.7719158e-20,-6.3174162e-20,0.34158194,5.595932,1.2261558,0.050000001,0.6424787,0.23407879,1.4987908e-23,5.5959301,1.22616,0.001
194,0.023961129,7.3350965e-20,-1.8310752e-19,0.32825649,5.6672897,1.2260795,0.050000001,0.65981656,0.25950581,5.544259e-23,5.6672902,1.2260799,0.001
194,0.021138415,3.1215703e-20,-6.1481879e-20,0.30901837,5.7386498,1.2260083,0.050000001,0.67721736,0.28284302,2.030726e-24,5.7386498,1.22601,0.001
194,0.018049711,-2.3413981e-20,6.5551259e-20,0.28627518,5.8100119,1.225934,0.050000001,0.69438261,0.30412439,-3.0385647e-23,5.81001,1.22593,0.001
194,0.014686146,-5.663683e-20,1.3196505e-19,0.26175284,5.8813782,1.2258639,0.050000001,0.71110767,0.32347172,-3.5446711e-23,5.8813801,1.22586,0.001
194,0.011039602,-2.9418666e-20,6.652107e-20,0.23645079,5.9527421,1.2257982,0.050000001,0.72726995,0.34106433,-1.6234726e-23,5.9527402,1.2258,0.001
194,0.0070993816,-2.0220222e-23,-1.9646121e-22,0.21070221,6.0241079,1.225728,0.050000001,0.74282944,0.35710883,6.9472453e-27,6.0241098,1.2257299,0.001
194,0.0028523842,2.3444249e-23,7.4888642e-23,0.18419804,6.09547,1.2256597,0.050000001,0.75781953,0.37179184,-1.7808677e-27,6.09547,1.22566,0.001
194,-0.0017208034,-3.4849911e-20,7.2672076e-20,0.15594256,6.1668377,1.2255983,0.050000001,0.77234674,0.38524896,-2.0063447e-24,6.1668401,1.2256,0.001
194,-0.006648263,-3.477888e-20,7.2693634e-20,0.1243838,6.2382078,1.2255319,0.050000001,0.78658521,0.39751992,-2.0042678e-24,6.2382102,1.22553,0.001
194,-0.011966567,3.9704947e-20,-7.4552218e-20,0.087537833,6.3095779,1.2254697,0.050000001,0.80076873,0.40850708,-1.7827158e-23,6.3095798,1.2254699,0.001
194,-0.017722182,1.7542873e-21,2.2673584e-21,0.043165714,6.38095,1.2254097,0.050000001,0.81517446,0.4179495,-6.0780553e-24,6.38095,1.22541,0.001
194,-0.023968413,-3.8089751e-20,7.6729984e-20,-0.010878787,6.4523196,1.2253503,0.050000001,0.8300994,0.4254038,1.1735701e-23,6.4523201,1.22535,0.001
194,-0.030760117,-3.9033923e-20,8.076976e-20,-0.076289341,6.5236955,1.2252898,0.050000001,0.84583157,0.43025368,2.8952136e-23,6.5237002,1.2252899,0.001
194,-0.038144488,6.41208e-22,8.2367245e-23,-0.15394902,6.5950718,1.2252315,0.050000001,0.8626157,0.43174461,-7.754089e-27,6.5950699,1.22523,0.001
194,-0.046150733,3.4215744e-21,5.1641536e-21,-0.2436707,6.6664481,1.225178,0.050000001,0.88062221,0.42904741,7.9699706e-24,6.66645,1.22518,0.001
194,-0.054775856,3.0104271e-21,3.2218099e-21,-0.34405485,6.7378221,1.225122,0.050000001,0.89991593,0.42134532,-4.7677538e-24,6.7378201,1.2251199,0.001
194,-0.063972153,4.1287463e-20,-8.1214473e-20,-0.45254484,6.8091974,1.2250677,0.050000001,0.92045701,0.40791529,-3.3382227e-23,6.8091998,1.22507,0.001
194,-0.073635526,-2.8036641e-20,9.4145064e-20,-0.56571084,6.8805799,1.2250137,0.050000001,0.94208771,0.38821933,8.2845352e-23,6.8805799,1.2250201,0.001
194,-0.08360061,8.7965924e-21,7.1007971e-21,-0.67958057,6.9519625,1.2249595,0.050000001,0.96455395,0.36196345,1.007852e-23,6.9519601,1.22496,0.001
194,-0.093640529,3.8947185e-20,-8.7172403e-20,-0.79001462,7.0233397,1.2249098,0.050000001,0.98753655,0.32912216,-4.9500318e-23,7.0233402,1.22491,0.001
194,-0.10347736,-1.6341157e-20,9.9516516e-20,-0.89312017,7.0947218,1.2248597,0.050000001,1.0106686,0.28995168,1.1335156e-22,7.0947199,1.22486,0.001
194,-0.1127953,2.8891706e-20,-9.0592207e-20,-0.98534018,7.1661081,1.2248098,0.050000001,1.0335677,0.24496377,-8.9891117e-23,7.16611,1.22481,0.001
194,-0.12125929,4.434377e-20,-1.9246535e-19,-1.0634043,7.2374902,1.2247617,0.050000001,1.0558498,0.19490063,-1.8793415e-22,7.2374902,1.2247601,0.001
194,-0.1285391,-5.0824503e-22,-1.647628e-21,-1.1242963,7.3088746,1.2247181,0.050000001,1.0771427,0.14069901,4.8594343e-26,7.3088698,1.22472,0.001
194,-0.13433225,-1.5706176e-21,5.3521122e-20,-1.1649042,7.38026,1.2246697,0.050000001,1.097065,0.083481871,5.257579e-23,7.38026,1.2246701,0.001
194,-0.13838607,-4.8427774e-21,-1.0441938e-19,-1.1821235,7.4516439,1.2246258,0.050000001,1.1152276,0.024550864,-1.2308434e-22,7.4516401,1.22463,0.001
194,-0.14052583,9.856853e-21,5.4282358e-20,-1.1730845,7.5230322,1.2245817,0.050000001,1.1312171,-0.034629777,4.9285489e-23,7.5230298,1.22458,0.001
194,-0.1406689,1.6309367e-20,2.1230689e-19,-1.1359785,7.59442,1.2245381,0.050000001,1.1445976,-0.092464685,2.3290635e-22,7.59442,1.22454,0.001
194,-0.13884214,9.4731083e-21,2.4794527e-21,-1.0711108,7.6658077,1.2244915,0.050000001,1.1549495,-0.1473188,5.3303351e-24,7.6658101,1.22449,0.001
194,-0.13518561,-3.3546575e-20,-2.11991e-19,-0.98126495,7.737195,1.2244493,0.050000001,1.1619221,-0.19765584,-2.3263584e-22,7.7371998,1.22445,0.001
194,-0.12994133,-1.9304006e-20,-1.0845554e-19,-0.871966,7.8085876,1.2244096,0.050000001,1.1652972,-0.24219224,-1.173162e-22,7.8085899,1.2244101,0.001
194,-0.12342371,-7.8713417e-21,-5.6055961e-22,-0.75075346,7.8799777,1.2243702,0.050000001,1.1650399,-0.28004009,1.2044513e-23,7.8799801,1.22437,0.001
194,-0.11598649,5.3261066e-22,-6.8389944e-22,-0.62604064,7.9513679,1.2243302,0.050000001,1.1613098,-0.31078625,-1.2434512e-25,7.9513698,1.2243299,0.001
194,-0.11053583,1.9924259e-20,7.2947165e-20,-0.54406953,7.9999986,1.2243026,0.050000001,1.1566454,-0.32694003,6.840589e-23,8,1.2243028,0.001
194,-0.21349809,-2.920382e-21,2.4937471e-19,-0.29578951,0.99999893,1.3163843,0.050000001,1.2826693,0.032890752,3.9996899e-22,1,1.3163822,0.001
194,-0.21508169,-5.0056601e-21,4.9017053e-19,-0.30131099,1.0338393,1.316232,0.050000001,1.284382,0.028807878,7.0588147e-22,1.0338399,1.3162301,0.001
194,-0.21876712,1.482355e-20,-4.6403297e-19,-0.31066626,1.1050181,1.3159344,0.050000001,1.2883496,0.019447472,-7.0356058e-22,1.10502,1.31594,0.001
194,-0.2227315,2.740869e-21,-9.5649314e-19,-0.31753165,1.1762066,1.3156486,0.050000001,1.2925769,0.0091947531,-1.4480835e-21,1.17621,1.31565,0.001
194,-0.22688115,-5.3345128e-21,-4.8943977e-19,-0.32166865,1.2473971,1.3153794,0.050000001,1.296957,-0.0020475525,-7.6844806e-22,1.2474,1.31538,0.001
194,-0.23109971,-2.8611499e-21,-4.6670166e-19,-0.32289198,1.3185867,1.3151178,0.050000001,1.3013569,-0.014352588,-7.764748e-22,1.31859,1.31512,0.001
194,-0.23523667,-3.3944474e-20,-1.4470517e-18,-0.32107976,1.3897873,1.3148565,0.050000001,1.3055743,-0.027779283,-2.4389303e-21,1.3897901,1.31486,0.001
194,-0.23913063,-3.7642799e-20,-9.7746413e-19,-0.31616485,1.4609897,1.314607,0.050000001,1.3093992,-0.042348009,-1.6866649e-21,1.46099,1.31461,0.001
194,-0.24263239,7.1378885e-21,-6.4014155e-21,-0.30810747,1.5321918,1.3143657,0.050000001,1.3126317,-0.058028936,-8.3232802e-23,1.53219,1.31437,0.001
194,-0.24559122,1.4514401e-20,7.2840572e-21,-0.29700282,1.6033973,1.314128,0.050000001,1.3150543,-0.074756555,-1.1046039e-22,1.6034,1.3141299,0.001
194,-0.24784794,4.1072902e-21,-2.362433e-19,-0.28307754,1.6746075,1.3138922,0.050000001,1.3164293,-0.092427008,-5.4488236e-22,1.67461,1.31389,0.001
194,-0.24925062,-8.2851444e-20,-7.4375231e-19,-0.26655862,1.7458196,1.3136603,0.050000001,1.3165293,-0.1108945,-1.2339903e-21,1.74582,1.31366,0.001
194,-0.24966773,-7.254635e-22,2.2972478e-19,-0.24783336,1.8170356,1.3134315,0.050000001,1.3151493,-0.12997399,3.7452849e-22,1.81704,1.31343,0.001
194,-0.24898849,6.837917e-20,7.390334e-19,-0.22739446,1.8882582,1.3132077,0.050000001,1.3120993,-0.1494437,1.1334054e-21,1.88826,1.31321,0.001
194,-0.24713013,-1.7884217e-20,-2.2496642e-19,-0.20577446,1.9594803,1.312986,0.050000001,1.3072269,-0.16905373,-4.3988293e-22,1.95948,1.31299,0.001
194,-0.24403955,-3.9041313e-20,-4.7817662e-19,-0.18357685,2.0307021,1.3127698,0.050000001,1.3004247,-0.1885339,-7.8231313e-22,2.0307,1.31277,0.001
194,-0.23969619,-1.1189182e-19,-7.2161763e-19,-0.16136308,2.1019297,1.3125581,0.050000001,1.2916297,-0.20760383,-1.2256595e-21,2.1019299,1.31256,0.001
194,-0.23411661,-4.7002037e-20,-2.5450246e-19,-0.13973819,2.1731632,1.3123457,0.050000001,1.2808372,-0.22598457,-5.0586633e-22,2.1731701,1.31235,0.001
194,-0.22734959,-1.5583659e-20,-4.1413504e-21,-0.11925282,2.2443995,1.3121395,0.050000001,1.2681026,-0.24340533,-5.3666069e-23,2.2444,1.31214,0.001
194,-0.21947351,-1.0380167e-20,-6.3187236e-21,-0.10026573,2.3156397,1.31194,0.050000001,1.2535301,-0.25962111,-1.3035557e-22,2.31564,1.31194,0.001
194,-0.21059632,-5.8886245e-20,-2.2773102e-19,-0.083110489,2.3868859,1.3117417,0.050000001,1.2372701,-0.27441961,-4.341842e-22,2.3868899,1.31174,0.001
194,-0.20084733,-1.5732819e-19,-6.8617434e-19,-0.068008259,2.4581323,1.31155,0.050000001,1.2195153,-0.28762379,-1.0102738e-21,2.4581299,1.31155,0.001
194,-0.1903713,-5.080242e-21,-1.1613193e-20,-0.054968517,2.5293798,1.3113602,0.050000001,1.2004904,-0.29910582,-1.8367699e-24,2.5293801,1.31136,0.001
194,-0.17932086,1.6617381e-19,6.5900766e-19,-0.043982737,2.6006355,1.311172,0.050000001,1.1804403,-0.30877897,8.7531572e-22,2.6006401,1.31117,0.001
194,-0.16785072,-6.8625333e-20,-1.9779539e-19,-0.034924813,2.6718957,1.31099,0.050000001,1.1596028,-0.31660116,-2.7247506e-22,2.6719,1.31099,0.001
194,-0.15611431,-1.8531069e-19,-6.4608307e-19,-0.027566317,2.7431581,1.310812,0.050000001,1.1382203,-0.32257083,-8.3149888e-22,2.74316,1.31081,0.001
194,-0.14425346,1.1876154e-19,4.0841515e-19,-0.021675518,2.8144224,1.3106384,0.050000001,1.116523,-0.3267194,4.6220554e-22,2.81442,1.31064,0.001
194,-0.13239795,1.138906e-19,4.1409246e-19,-0.017045919,2.8856876,1.3104681,0.050000001,1.0947053,-0.32911012,4.4188075e-22,2.88569,1.31047,0.001
194,-0.12066291,5.470568e-20,2.0233874e-19,-0.013435945,2.9569578,1.3103005,0.050000001,1.0729553,-0.32982415,1.7718054e-22,2.95696,1.3103,0.001
194,-0.10914584,-6.7018994e-20,-1.8424772e-19,-0.010652906,3.0282321,1.310132,0.050000001,1.0514205,-0.32895777,-1.6536576e-22,3.02823,1.31013,0.001
194,-0.097926714,-6.767332e-20,-1.9495286e-19,-0.008563689,3.0995097,1.3099695,0.050000001,1.0302204,-0.32661453,-1.8555032e-22,3.09951,1.30997,0.001
194,-0.087069325,5.9566097e-20,1.9163112e-19,-0.0069915424,3.1707926,1.3098115,0.050000001,1.0094608,-0.32290193,1.5721223e-22,3.17079,1.30981,0.001
194,-0.076622054,-5.297158e-20,-1.8208623e-19,-0.0058054631,3.2420757,1.3096602,0.050000001,0.98920888,-0.31792402,-1.1101647e-22,3.24208,1.30966,0.001
194,-0.06662,-5.6653393e-20,-1.8333493e-19,-0.004916592,3.3133595,1.309508,0.050000001,0.96951693,-0.31178457,-1.1058609e-22,3.31336,1.30951,0.001
194,-0.057084069,-6.1419117e-20,-1.7311334e-19,-0.0042824857,3.3846495,1.3093598,0.050000001,0.95042133,-0.30457377,-9.4987732e-23,3.38465,1.30936,0.001
194,-0.048025738,-5.6749327e-20,-1.74224e-19,-0.0038476852,3.4559455,1.309218,0.050000001,0.93194014,-0.29637372,-8.4670442e-23,3.45595,1.30922,0.001
194,-0.039449062,5.3977681e-20,1.7324763e-19,-0.0035620283,3.5272419,1.3090761,0.050000001,0.91408151,-0.28726,7.8314135e-23,3.52724,1.30908,0.001
194,-0.031349406,1.0718458e-19,3.366502e-19,-0.0034063207,3.5985401,1.308936,0.050000001,0.89684409,-0.27729318,1.2753012e-22,3.5985401,1.3089401,0.001
194,-0.023718104,3.9194027e-21,1.0204374e-20,-0.0033782755,3.6698394,1.3087997,0.050000001,0.88022053,-0.26652357,2.9046111e-23,3.6698401,1.3088,0.001
194,-0.016542198,3.2956091e-20,1.7526669e-19,-0.0034801452,3.7411456,1.308668,0.050000001,0.86419916,-0.25499043,1.0992325e-23,3.7411499,1.30867,0.001
194,-0.0098071201,5.7937325e-21,9.8615867e-21,-0.0037277816,3.8124516,1.3085355,0.050000001,0.84876692,-0.24272567,3.5468231e-23,3.8124499,1.30854,0.001
194,-0.0034958702,3.8738754e-21,-4.0865772e-21,-0.0041776737,3.8837619,1.3084095,0.050000001,0.83390796,-0.22974859,1.5854389e-24,3.88376,1.30841,0.001
194,0.0024081483,1.6315994e-19,6.1168197e-19,-0.0049143787,3.9550781,1.3082905,0.050000001,0.81960768,-0.21607366,-5.2435218e-24,3.95508,1.30829,0.001
194,0.0079204272,7.7634009e-20,2.9641022e-19,-0.0061110803,4.026392,1.3081685,0.050000001,0.80585152,-0.20171331,-2.2125213e-23,4.0263901,1.30817,0.001
194,0.013056275,-4.1256906e-20,-1.4142721e-19,-0.0080919536,4.0977077,1.3080482,0.050000001,0.79262006,-0.18667795,9.9826766e-24,4.0977101,1.30805,0.001
194,0.017828029,2.4654986e-20,1.4456172e-19,-0.011538325,4.1690278,1.3079295,0.050000001,0.77988452,-0.17099164,-4.4856332e-23,4.1690302,1.30793,0.001
194,0.022245092,6.0517787e-20,2.8129443e-19,-0.017752241,4.2403522,1.3078178,0.050000001,0.76759213,-0.15470962,-7.0531732e-23,4.2403498,1.30782,0.001
194,0.026312575,-2.9855029e-20,-1.4105104e-19,-0.028889786,4.3116746,1.307708,0.050000001,0.755633,-0.13795184,3.5572701e-23,4.3116698,1.3077101,0.001
194,0.03003021,-9.4224111e-21,-7.116054e-22,-0.047886673,4.3829999,1.307598,0.050000001,0.74380726,-0.1209349,-1.6129336e-23,4.3829999,1.3076,0.001
194,0.033391085,-2.820365e-20,-2.007274e-19,-0.077741623,4.45433,1.307492,0.050000001,0.73180079,-0.10398775,8.5292588e-23,4.45433,1.30749,0.001
194,0.036380522,-5.5182666e-20,-4.0079643e-19,-0.11997185,4.5256577,1.3073883,0.050000001,0.71919751,-0.087521344,1.7301848e-22,4.52566,1.30739,0.001
194,0.038977046,-9.1399984e-21,-6.17448e-20,-0.17280132,4.5969896,1.3072817,0.050000001,0.70556396,-0.071929619,2.8981399e-23,4.5969901,1.3072799,0.001
194,0.041155506,3.2186789e-21,6.7628969e-20,-0.22994582,4.6683278,1.3071817,0.050000001,0.69060969,-0.057433266,-3.81813e-23,4.6683302,1.30718,0.001
194,0.042889606,9.976114e-21,1.9028091e-19,-0.28100756,4.7396617,1.3070883,0.050000001,0.67435712,-0.04393794,-1.110762e-22,4.7396598,1.30709,0.001
194,0.044160038,7.526724e-21,1.1924768e-19,-0.31391153,4.8109999,1.3069896,0.050000001,0.65727091,-0.030952243,-7.2006719e-23,4.8109999,1.30699,0.001
194,0.044959407,-4.2984893e-21,-1.7587315e-19,-0.31857195,4.8823423,1.3068978,0.050000001,0.64027184,-0.017648684,1.1120514e-22,4.88234,1.3069,0.001
194,0.045295313,-5.2822101e-22,-1.2303384e-19,-0.29026991,4.9536877,1.3068082,0.050000001,0.62458163,-0.0030547725,8.2628055e-23,4.9536901,1.30681,0.001
194,0.045192271,3.6173052e-21,4.9054909e-20,-0.23118542,5.025032,1.306718,0.050000001,0.6114856,0.013698265,-2.8027758e-23,5.0250301,1.30672,0.001
194,0.044687718,5.1310894e-21,-6.0254033e-20,-0.14954199,5.0963774,1.3066278,0.050000001,0.60205716,0.033153873,4.4541223e-23,5.0963802,1.30663,0.001
194,0.04382747,-5.8209491e-21,4.7327436e-20,-0.056910258,5.1677256,1.3065395,0.050000001,0.59696871,0.055411234,-2.1463361e-23,5.1677299,1.30654,0.001
194,0.042657617,-1.6464662e-21,5.1974382e-20,0.035022713,5.2390776,1.3064578,0.050000001,0.59642375,0.080139339,-3.3692855e-23,5.23908,1.30646,0.001
194,0.041215599,1.2696005e-20,-5.7789351e-20,0.1170155,5.31043,1.3063755,0.050000001,0.60019737,0.10669408,3.6270947e-23,5.31043,1.30638,0.001
194,0.039527681,2.0113039e-20,-5.8565098e-20,0.18336238,5.3817821,1.306298,0.050000001,0.60776341,0.13427827,2.9159802e-23,5.3817801,1.3063,0.001
194,0.037607938,5.375823e-21,3.1269323e-21,0.23183797,5.4531379,1.3062178,0.050000001,0.61843258,0.16208871,-1.7627037e-23,5.4531398,1.3062201,0.001
194,0.035460364,-2.7322037e-20,1.1877176e-19,0.26291549,5.5244923,1.3061397,0.050000001,0.6314705,0.18941441,-8.0836647e-23,5.5244899,1.3061399,0.001
194,0.033081923,-1.228486e-20,6.0092235e-20,0.27869311,5.59585,1.306066,0.050000001,0.64618403,0.21570168,-4.8429856e-23,5.59585,1.30607,0.001
194,0.030465409,2.8026989e-20,-6.197915e-20,0.28203794,5.6672101,1.3059893,0.050000001,0.6619693,0.24056664,8.5599273e-24,5.6672101,1.30599,0.001
194,0.027603149,7.6330405e-20,-1.9035022e-19,0.27588856,5.7385702,1.30592,0.050000001,0.67833388,0.26378196,6.2646518e-23,5.7385702,1.30592,0.001
194,0.024486635,7.9002618e-20,-1.9350289e-19,0.26281661,5.8099318,1.3058507,0.050000001,0.69489807,0.28525892,6.3950328e-23,5.8099298,1.30585,0.001
194,0.021107744,4.2131274e-22,7.7325898e-22,0.2448574,5.8812985,1.3057805,0.050000001,0.71139294,0.30501017,1.693695e-26,5.8813,1.3057801,0.001
194,0.017458355,-5.6414157e-20,1.3479425e-19,0.22336817,5.9526649,1.3057097,0.050000001,0.7276504,0.32311377,-3.8525509e-23,5.9526601,1.30571,0.001
194,0.013527295,4.7427342e-21,-1.4349815e-21,0.19904035,6.0240302,1.3056415,0.050000001,0.74359834,0.33968005,-1.3925149e-23,6.0240302,1.30564,0.001
194,0.0092997281,3.3661084e-20,-6.9781409e-20,0.17187954,6.0953918,1.305578,0.050000001,0.75924844,0.35480925,4.2365369e-24,6.0953898,1.30558,0.001
194,0.0047538057,-3.4698514e-20,7.3501395e-20,0.14125796,6.1667619,1.3055117,0.050000001,0.77469373,0.36855781,-2.5715879e-24,6.16676,1.30551,0.001
194,-0.00013915972,3.4132448e-20,-7.460004e-20,0.10605346,6.238132,1.3054495,0.050000001,0.79009598,0.38089272,3.0327128e-24,6.2381301,1.30545,0.001
194,-0.0054169879,1.0720835e-19,-2.2281506e-19,0.064766929,6.3095016,1.30539,0.050000001,0.80567151,0.39166459,-6.6885299e-24,6.3095002,1.30539,0.001
194,-0.011125471,4.1866684e-20,-7.3411562e-20,0.015750695,6.3808784,1.30533,0.050000001,0.82167387,0.40058148,-2.3191878e-23,6.3808799,1.30533,0.001
194,-0.017314658,5.9836529e-21,3.4684794e-21,-0.042505085,6.45225,1.3052697,0.050000001,0.83836567,0.40719992,-1.631338e-23,6.45225,1.30527,0.001
194,-0.024034375,-3.5694588e-20,8.3916575e-20,-0.1110725,6.5236216,1.3052115,0.050000001,0.85599262,0.4109391,2.3648232e-23,6.5236201,1.30521,0.001
194,-0.031325243,-3.489305e-20,8.4748208e-20,-0.1903334,6.5949979,1.3051583,0.050000001,0.87475014,0.41111663,2.3891755e-23,6.5949998,1.30516,0.001
194,-0.03920722,-7.0625637e-20,1.7296044e-19,-0.27973565,6.6663756,1.3051022,0.050000001,0.89475316,0.40700534,7.4042649e-23,6.6663799,1.3051,0.001
194,-0.047666781,-4.2021727e-22,7.751896e-22,-0.37776199,6.737752,1.305048,0.050000001,0.91601938,0.3979038,5.7463525e-26,6.7377501,1.30505,0.001
194,-0.056648165,4.1739518e-20,-8.0237883e-20,-0.48197275,6.8091273,1.3049915,0.050000001,0.93846172,0.38321421,-2.7538213e-23,6.8091302,1.3049901,0.001
194,-0.06603986,-3.2550061e-20,8.9545998e-20,-0.58924079,6.8805075,1.3049395,0.050000001,0.96189046,0.36250666,6.6193243e-23,6.8805099,1.30494,0.001
194,-0.075673848,-2.335753e-20,9.7855376e-20,-0.69602442,6.9518895,1.3048896,0.050000001,0.98602861,0.33557528,9.0257287e-23,6.95189,1.30489,0.001
194,-0.085325956,1.0095617e-20,6.8588023e-21,-0.79863858,7.023272,1.3048397,0.050000001,1.0105356,0.30245513,8.8313215e-24,7.0232701,1.30484,0.001
194,-0.094724648,4.5298591e-21,5.8437338e-20,-0.89350855,7.0946555,1.3047903,0.050000001,1.0350329,0.26343238,6.786636e-23,7.0946598,1.30479,0.001
194,-0.10356475,-4.4432655e-22,5.6363848e-20,-0.97722542,7.1660399,1.304742,0.050000001,1.0591248,0.21903165,5.1077052e-23,7.1660399,1.30474,0.001
194,-0.11152729,4.9901787e-20,-2.4473534e-19,-1.0464684,7.2374244,1.3046982,0.050000001,1.0824052,0.16999054,-2.2480085e-22,7.2374201,1.3047,0.001
194,-0.11830171,2.1358033e-20,-1.5269936e-19,-1.097874,7.3088102,1.3046499,0.050000001,1.1044626,0.11725255,-1.4098453e-22,7.3088102,1.3046499,0.001
194,-0.12360669,-6.1719144e-22,-2.2848822e-22,-1.1280197,7.3801985,1.3046012,0.050000001,1.1248648,0.061955217,-1.3879253e-26,7.3801999,1.3046,0.001
194,-0.12721498,-2.9573395e-21,-1.0623921e-19,-1.1336415,7.4515848,1.3045573,0.050000001,1.1431597,0.0054261992,-1.1252269e-22,7.45158,1.3045599,0.001
194,-0.12897985,-2.0939538e-21,-4.1520173e-21,-1.1122183,7.5229721,1.3045158,0.050000001,1.1588676,-0.050849184,9.8135275e-24,7.5229702,1.30452,0.001
194,-0.1288511,1.9581366e-21,1.059074e-19,-1.0629103,7.5943623,1.3044717,0.050000001,1.1715071,-0.10528427,1.1262254e-22,7.5943599,1.3044699,0.001
194,-0.12688449,2.075089e-20,1.1359374e-19,-0.98732638,7.66575,1.30443,0.050000001,1.1806674,-0.15631437,8.6959628e-23,7.66575,1.30443,0.001
194,-0.12324367,2.5061432e-20,1.1299307e-19,-0.8898254,7.7371378,1.3043905,0.050000001,1.1860449,-0.20254101,9.3039397e-23,7.7371402,1.30439,0.001
194,-0.11817997,-4.4868377e-20,-2.2009681e-19,-0.77710652,7.8085322,1.3043505,0.050000001,1.1875224,-0.24287978,-1.8496562e-22,7.8085299,1.30435,0.001
194,-0.11200403,-5.2437658e-20,-2.2313642e-19,-0.65715653,7.8799224,1.3043102,0.050000001,1.1851923,-0.27667105,-1.7519857e-22,7.87992,1.30431,0.001
194,-0.1050499,2.60138e-20,1.0902949e-19,-0.53813714,7.9513097,1.3042698,0.050000001,1.1793623,-0.30372292,8.7857831e-23,7.9513102,1.30427,0.001
194,-0.099996082,2.7454137e-20,1.0988521e-19,-0.46232733,8.000001,1.3042425,0.050000001,1.173328,-0.31774381,8.4045784e-23,8,1.3042427,0.001
194,-0.20461401,-2.0994841e-20,4.8015663e-19,-0.13107863,0.99999797,1.3960358,0.050000001,1.287623,0.028707225,6.948459e-22,1,1.396032,0.001
194,-0.20595409,-1.4737397e-20,4.8363658e-19,-0.13446319,1.0335484,1.3959012,0.050000001,1.2893173,0.024532385,7.1608396e-22,1.03355,1.3959,0.001
194,-0.20902947,1.8314399e-20,4.9547669e-19,-0.14053401,1.1047441,1.3956226,0.050000001,1.2930298,0.014992811,6.9880954e-22,1.10475,1.39562,0.001
194,-0.2122725,2.7849801e-20,-4.7338807e-19,-0.1453584,1.1759466,1.3953592,0.050000001,1.2967647,0.004681828,-6.5229028e-22,1.1759501,1.39536,0.001
194,-0.21560211,5.5703768e-21,-4.9044102e-19,-0.14877474,1.2471471,1.3951033,0.050000001,1.3004172,-0.0064683123,-6.8757748e-22,1.2471499,1.3951,0.001
194,-0.21891449,2.1047431e-20,4.7964249e-19,-0.15061837,1.3183465,1.3948556,0.050000001,1.3038521,-0.018517997,7.3314849e-22,1.31835,1.39486,0.001
194,-0.22208895,-3.956226e-22,5.8374249e-21,-0.15081173,1.3895572,1.3946071,0.050000001,1.3069046,-0.031502537,-8.8552028e-23,1.38956,1.39461,0.001
194,-0.22500069,5.9835051e-21,-4.9596597e-19,-0.14929107,1.4607679,1.3943673,0.050000001,1.3094096,-0.045410618,-7.9563365e-22,1.46077,1.39437,0.001
194,-0.22752985,1.7971203e-20,4.7727184e-19,-0.1460413,1.5319755,1.3941315,0.050000001,1.3111972,-0.060205061,7.487014e-22,1.53198,1.39413,0.001
194,-0.22954993,2.1233531e-20,4.7958179e-19,-0.14108272,1.6031873,1.3939,0.050000001,1.3120871,-0.075821146,7.1155077e-22,1.6031899,1.3939,0.001
194,-0.23093428,6.8207549e-20,9.8746971e-19,-0.1345893,1.6744057,1.3936722,0.050000001,1.311902,-0.09216053,1.4582222e-21,1.67441,1.39367,0.001
194,-0.2315641,-6.9580107e-20,-7.201559e-19,-0.12673949,1.7456219,1.3934482,0.050000001,1.310472,-0.10908955,-1.2682732e-21,1.74562,1.39345,0.001
194,-0.23133636,-5.2447571e-20,-5.1095169e-19,-0.11769275,1.8168395,1.393226,0.050000001,1.307647,-0.12644792,-8.7831738e-22,1.8168401,1.39323,0.001
194,-0.2301662,2.4399649e-20,4.7433106e-19,-0.10774291,1.8880656,1.3930057,0.050000001,1.3032995,-0.14404741,7.6401908e-22,1.88807,1.39301,0.001
194,-0.22799052,9.8036134e-20,7.2318654e-19,-0.097237833,1.9592917,1.3927872,0.050000001,1.2973324,-0.16167641,1.2093804e-21,1.95929,1.39279,0.001
194,-0.22476846,1.352995e-19,9.7405821e-19,-0.086461999,2.0305195,1.3925778,0.050000001,1.2896849,-0.1791137,1.5598862e-21,2.03052,1.39258,0.001
194,-0.22048819,4.3724735e-20,2.4555337e-19,-0.075747877,2.1017535,1.3923702,0.050000001,1.2803298,-0.19613129,3.3361816e-22,2.1017599,1.39237,0.001
194,-0.21516559,-1.0505273e-20,8.0505192e-21,-0.065423921,2.1729894,1.3921617,0.050000001,1.2692903,-0.21250114,-5.0012899e-25,2.1729901,1.3921601,0.001
194,-0.20884007,-8.9501498e-20,-4.6594619e-19,-0.055699997,2.2442319,1.3919595,0.050000001,1.2566304,-0.22800641,-6.8357627e-22,2.24423,1.39196,0.001
194,-0.20157704,5.0953902e-20,2.1630239e-19,-0.046732761,2.3154755,1.3917643,0.050000001,1.2424424,-0.24244924,2.8753417e-22,2.31548,1.39177,0.001
194,-0.19346485,5.4695651e-20,2.3140308e-19,-0.03869722,2.3867197,1.3915697,0.050000001,1.2268629,-0.25565681,3.4174285e-22,2.3867199,1.39157,0.001
194,-0.18460606,8.8248507e-21,-4.2369665e-21,-0.031691931,2.457972,1.3913801,0.050000001,1.210053,-0.26748407,-4.7091604e-23,2.4579699,1.39138,0.001
194,-0.17511801,-8.6996516e-21,7.6086101e-22,-0.025682406,2.5292256,1.3911922,0.050000001,1.1921928,-0.2778216,-1.1896687e-23,2.5292301,1.3911901,0.001
194,-0.16512327,-3.233452e-21,1.91665e-21,-0.020611461,2.6004796,1.3910105,0.050000001,1.173483,-0.28659135,3.888865e-24,2.6004801,1.39101,0.001
194,-0.15474835,-5.9150044e-20,-2.0836176e-19,-0.016466184,2.671742,1.3908303,0.050000001,1.1541156,-0.29375198,-2.5217553e-22,2.6717401,1.39083,0.001
194,-0.14411835,-5.8087641e-20,-2.2051516e-19,-0.013131668,2.7430081,1.390654,0.050000001,1.1342803,-0.29929098,-2.8370129e-22,2.74301,1.39065,0.001
194,-0.13335063,1.5811246e-19,6.2209571e-19,-0.010421767,2.8142722,1.3904823,0.050000001,1.1141605,-0.30322325,6.5900673e-22,2.81427,1.39048,0.001
194,-0.1225542,-1.1252606e-20,1.9119102e-20,-0.0083300536,2.8855393,1.3903117,0.050000001,1.0939231,-0.30558845,3.8478035e-23,2.88554,1.39031,0.001
194,-0.11182689,-1.2696555e-19,-3.9880008e-19,-0.0066828998,2.9568152,1.390148,0.050000001,1.0737178,-0.30644366,-4.0152268e-22,2.95682,1.39015,0.001
194,-0.10125479,-1.0238098e-20,1.3502617e-21,-0.0054001082,3.0280919,1.389984,0.050000001,1.053673,-0.30585963,-2.2751069e-23,3.02809,1.38998,0.001
194,-0.090908058,-5.1507735e-20,-1.9243902e-19,-0.0044594505,3.0993719,1.3898263,0.050000001,1.0338981,-0.30391252,-1.3377306e-22,3.09937,1.38983,0.001
194,-0.080845594,1.1083907e-20,-6.7353937e-21,-0.0037155442,3.1706581,1.3896677,0.050000001,1.0144827,-0.30068803,1.4647238e-23,3.17066,1.38967,0.001
194,-0.071113966,1.0334469e-20,2.4895295e-21,-0.0031669661,3.2419398,1.3895183,0.050000001,0.99549466,-0.29626745,3.3710743e-23,3.24194,1.38952,0.001
194,-0.061747223,-5.018106e-20,-1.844929e-19,-0.0027701647,3.3132274,1.3893676,0.050000001,0.97698456,-0.29073313,-1.0295849e-22,3.31323,1.38937,0.001
194,-0.052769084,5.9572539e-22,-6.4411944e-22,-0.002491975,3.3845193,1.3892193,0.050000001,0.95899355,-0.28416014,0,3.3845201,1.38922,0.001
194,-0.044194389,-6.7298591e-21,3.6628725e-21,-0.0023064038,3.4558153,1.3890798,0.050000001,0.94154716,-0.27661794,-1.1292519e-23,3.4558201,1.38908,0.001
194,-0.036031488,3.7751525e-20,1.752568e-19,-0.0021987562,3.5271177,1.3889395,0.050000001,0.92466164,-0.26817048,3.7269427e-23,3.5271201,1.38894,0.001
194,-0.028281536,-2.8286338e-21,8.605546e-21,-0.0021525566,3.598418,1.3888017,0.050000001,0.90834576,-0.25887126,1.1725455e-23,3.5984199,1.3888,0.001
194,-0.020940755,-1.3712338e-19,-4.9124447e-19,-0.0021815195,3.6697173,1.3886701,0.050000001,0.89260352,-0.24876443,-8.4362893e-23,3.6697199,1.38867,0.001
194,-0.014001741,4.0462125e-20,1.5839519e-19,-0.002278385,3.7410257,1.38854,0.050000001,0.87743276,-0.23788728,7.1201631e-24,3.74103,1.38854,0.001
194,-0.0074551017,9.8382845e-22,1.4653608e-20,-0.0024622111,3.8123343,1.3884093,0.050000001,0.86283195,-0.22626866,2.5131072e-23,3.81233,1.38841,0.001
194,-0.0012887499,-1.2365381e-19,-4.7326198e-19,-0.0027665456,3.8836458,1.3882858,0.050000001,0.84879667,-0.21392785,-1.6182958e-23,3.8836501,1.38829,0.001
194,0.0045087538,4.6848828e-20,1.5354958e-19,-0.0032325992,3.9549601,1.3881638,0.050000001,0.83532292,-0.20088185,1.3197833e-23,3.9549601,1.38816,0.001
194,0.009949916,7.4970959e-20,3.0796356e-19,-0.003972617,4.026278,1.3880438,0.050000001,0.82241005,-0.1871385,-1.8032369e-23,4.0262799,1.3880399,0.001
194,0.015045629,5.2727142e-21,3.7276563e-21,-0.0051430804,4.0975938,1.3879282,0.050000001,0.81005502,-0.17270698,1.6617276e-23,4.09759,1.38793,0.001
194,0.019806253,2.3217014e-23,4.83677e-22,-0.0071019302,4.1689153,1.3878118,0.050000001,0.79824895,-0.15759842,-1.3333523e-25,4.16892,1.38781,0.001
194,0.024239324,6.650434e-21,3.2855717e-21,-0.010554796,4.2402401,1.3876997,0.050000001,0.78697765,-0.14183839,1.4508589e-23,4.2402401,1.3877,0.001
194,0.028349558,-1.9060401e-20,-1.4347313e-19,-0.016778139,4.3115659,1.3875901,0.050000001,0.77619511,-0.12548687,5.562529e-23,4.3115702,1.3875901,0.001
194,0.032138206,2.6693884e-20,2.2020618e-19,-0.02783341,4.3828897,1.387482,0.050000001,0.76580346,-0.10866349,-8.4149042e-23,4.3828902,1.38748,0.001
194,0.035602193,-7.0441691e-21,-6.1706071e-20,-0.046455055,4.4542217,1.3873802,0.050000001,0.75562048,-0.091571547,3.5215152e-23,4.4542198,1.38738,0.001
194,0.03873178,-1.9988388e-20,-5.976482e-20,-0.07535255,4.5255556,1.3872786,0.050000001,0.74535286,-0.074515708,1.5057039e-23,4.5255599,1.38728,0.001
194,0.0415118,1.8119377e-21,7.8885701e-20,-0.11597653,4.5968871,1.3871742,0.050000001,0.73461932,-0.057867739,-3.8293022e-23,4.59689,1.38717,0.001
194,0.043922547,-7.4015782e-21,-6.9541785e-20,-0.16697167,4.6682234,1.387076,0.050000001,0.72302461,-0.041980095,3.2193227e-23,4.6682301,1.38708,0.001
194,0.045939896,3.7342669e-21,6.9314569e-20,-0.22318487,4.7395592,1.3869797,0.050000001,0.71027887,-0.027075166,-3.9768943e-23,4.7395601,1.3869801,0.001
194,0.047541235,-5.4762251e-23,-6.6453984e-20,-0.27591509,4.8109021,1.386888,0.050000001,0.69635248,-0.013117917,4.0740718e-23,4.8109002,1.3868901,0.001
194,0.048708405,-3.2356438e-21,-2.3810442e-21,-0.31475043,4.8822484,1.3867915,0.050000001,0.68158549,0.00023926492,-1.5024479e-24,4.8822498,1.38679,0.001
194,0.049431451,1.5409584e-21,-1.6303585e-21,-0.33045295,4.9535899,1.3866992,0.050000001,0.66671759,0.013627836,2.4230553e-24,4.9535899,1.3867,0.001
194,0.049711376,5.1076429e-22,-1.1366002e-20,-0.31777233,5.0249357,1.3866112,0.050000001,0.6527679,0.027821917,7.7910341e-24,5.02494,1.38661,0.001
194,0.049562503,-1.9553253e-21,5.094923e-20,-0.27701029,5.0962815,1.3865258,0.050000001,0.64084798,0.043542068,-3.2383217e-23,5.0962801,1.38653,0.001
194,0.049010929,-1.2492052e-20,1.1962767e-19,-0.21369219,5.1676292,1.3864394,0.050000001,0.63193601,0.061279487,-8.3498219e-23,5.1676302,1.38644,0.001
194,0.048090629,-1.3726923e-20,1.2140311e-19,-0.13675797,5.2389817,1.38636,0.050000001,0.6267153,0.081191033,-8.80606e-23,5.2389798,1.38636,0.001
194,0.046836182,2.203087e-20,-1.1613608e-19,-0.056014299,5.310338,1.3862798,0.050000001,0.6254769,0.10309021,7.2746601e-23,5.3103399,1.3862799,0.001
194,0.045279734,3.6317714e-20,-1.7416161e-19,0.019977426,5.3816943,1.3861995,0.050000001,0.6281451,0.12652247,1.1177224e-22,5.38169,1.3862,0.001
194,0.043446224,-3.0789504e-20,1.2115565e-19,0.085209064,5.4530501,1.3861215,0.050000001,0.63435507,0.15088461,-7.293546e-23,5.4530501,1.38612,0.001
194,0.041352641,-4.4027945e-20,1.8099668e-19,0.13645294,5.5244055,1.3860478,0.050000001,0.64356208,0.17553501,-1.128782e-22,5.5244098,1.38605,0.001
194,0.039008312,-2.041827e-20,6.1577173e-20,0.17287935,5.5957642,1.3859717,0.050000001,0.65514749,0.19988929,-2.7898978e-23,5.5957599,1.38597,0.001
194,0.036416952,-2.1106701e-20,6.0687941e-20,0.19534869,5.6671238,1.3858998,0.050000001,0.66850668,0.22347429,-2.6903726e-23,5.66712,1.3859,0.001
194,0.033577874,2.5874585e-21,1.0439395e-21,0.20563853,5.7384882,1.38583,0.050000001,0.68309718,0.24594612,-9.6596018e-24,5.7384901,1.38583,0.001
194,0.0304881,5.7548009e-20,-1.3045092e-19,0.20580755,5.8098502,1.3857599,0.050000001,0.69847059,0.26708499,3.0026889e-23,5.8098502,1.3857599,0.001
194,0.027141942,5.6469753e-20,-1.3204596e-19,0.1977869,5.8812118,1.3856897,0.050000001,0.71428829,0.28677887,3.55152e-23,5.8812099,1.38569,0.001
194,0.023531482,3.0918473e-20,-7.0067743e-20,0.18311308,5.95258,1.3856195,0.050000001,0.73032087,0.30498856,1.4911339e-23,5.95258,1.38562,0.001
194,0.019645544,-1.9646597e-23,4.6944322e-22,0.1627754,6.0239477,1.3855557,0.050000001,0.74644166,0.32171342,-7.6235079e-27,6.0239501,1.38556,0.001
194,0.01546745,-5.9502365e-20,1.4189646e-19,0.13718785,6.0953159,1.3854915,0.050000001,0.76261997,0.33695891,-3.4932724e-23,6.0953202,1.3854899,0.001
194,0.010974932,-6.1430155e-20,1.4677516e-19,0.1062002,6.1666846,1.3854297,0.050000001,0.77891171,0.35069218,-2.8669348e-23,6.1666799,1.38543,0.001
194,0.0061373338,-1.2899865e-20,3.8788625e-20,0.06921307,6.2380586,1.38537,0.050000001,0.79544562,0.36281359,-1.4111298e-23,6.23806,1.38537,0.001
194,0.00091777788,5.1580993e-20,-1.1316628e-19,0.025318746,6.3094301,1.3853104,0.050000001,0.81240028,0.37312359,2.0893348e-24,6.3094301,1.3853101,0.001
194,-0.0047276164,7.0852046e-20,-1.5421579e-19,-0.026505265,6.3808026,1.38525,0.050000001,0.82998717,0.38130912,-8.262862e-24,6.3807998,1.38525,0.001
194,-0.010845041,4.1854958e-22,2.8682447e-21,-0.08712659,6.4521747,1.3851895,0.050000001,0.84842348,0.38693646,5.4820575e-24,6.4521699,1.38519,0.001
194,-0.017477427,-2.5334653e-22,-2.2143147e-23,-0.15706076,6.5235476,1.3851362,0.050000001,0.8679027,0.38946649,4.8800353e-27,6.52355,1.3851399,0.001
194,-0.024656398,2.5836688e-21,5.3713034e-21,-0.23623784,6.5949254,1.3850802,0.050000001,0.8885619,0.38829276,6.9363017e-24,6.5949302,1.38508,0.001
194,-0.032390822,1.5166494e-20,-4.3021702e-20,-0.32379538,6.6663017,1.3850237,0.050000001,0.91046327,0.38278505,-6.104821e-24,6.6662998,1.38502,0.001
194,-0.040656794,8.5534857e-20,-2.1455288e-19,-0.41815501,6.73768,1.3849697,0.050000001,0.9335798,0.37235272,-6.693084e-23,6.73768,1.3849699,0.001
194,-0.049387347,3.4296189e-21,3.4996513e-21,-0.51701397,6.8090596,1.384918,0.050000001,0.95778221,0.35651052,1.5015986e-23,6.8090601,1.38492,0.001
194,-0.058464766,-2.6897493e-20,9.4347051e-20,-0.61750394,6.8804374,1.3848683,0.050000001,0.98285186,0.33493018,5.3110269e-23,6.8804402,1.3848701,0.001
194,-0.06771823,-1.8187372e-20,1.0139248e-19,-0.71640044,6.9518194,1.3848155,0.050000001,1.0084904,0.30748272,7.615636e-23,6.9518199,1.38482,0.001
194,-0.076926015,-1.679281e-20,1.0294948e-19,-0.81032377,7.0232081,1.384768,0.050000001,1.034343,0.2742568,8.9767991e-23,7.02321,1.38477,0.001
194,-0.085823566,3.0859407e-20,-9.2367698e-20,-0.89586121,7.0945897,1.3847202,0.050000001,1.0600101,0.23557511,-4.5816312e-23,7.0945902,1.38472,0.001
194,-0.094119839,1.0321431e-20,6.0822267e-20,-0.96950883,7.1659722,1.3846718,0.050000001,1.0850772,0.1919771,6.3016361e-23,7.1659698,1.38467,0.001
194,-0.10151347,6.9819391e-21,6.0570365e-20,-1.0277697,7.2373576,1.3846285,0.050000001,1.109103,0.14421584,3.9578524e-23,7.23736,1.38463,0.001
194,-0.10771606,2.7194277e-20,-2.0528115e-19,-1.0669832,7.3087411,1.3845798,0.050000001,1.1316146,0.093260266,-1.6931105e-22,7.3087401,1.38458,0.001
194,-0.11247479,1.0761974e-20,-5.0448466e-20,-1.0836428,7.3801298,1.384536,0.050000001,1.1521202,0.040271986,-4.6270157e-23,7.3801298,1.38454,0.001
194,-0.11559654,9.7037802e-21,5.8813666e-20,-1.0747838,7.4515204,1.3844895,0.050000001,1.1700974,-0.013393285,3.9907716e-23,7.45152,1.38449,0.001
194,-0.11696719,-1.1664617e-21,-1.0660264e-19,-1.0387939,7.5229106,1.3844477,0.050000001,1.18502,-0.066250227,-1.0161825e-22,7.5229101,1.38445,0.001
194,-0.11657215,-8.6396236e-21,-1.1270927e-19,-0.97635669,7.5943003,1.384408,0.050000001,1.1964025,-0.11676825,-9.2319262e-23,7.5942998,1.38441,0.001
194,-0.11449932,1.638629e-20,1.0702565e-19,-0.89068872,7.665688,1.384366,0.050000001,1.2038752,-0.16350903,1.0763137e-22,7.6656899,1.38437,0.001
194,-0.11093119,4.4699347e-20,2.2597502e-19,-0.78754419,7.7370777,1.3843237,0.050000001,1.207242,-0.20527051,1.7598338e-22,7.7370801,1.38432,0.001
194,-0.1061205,-4.3226155e-20,-2.1837206e-19,-0.67435741,7.8084702,1.3842838,0.050000001,1.206532,-0.24120751,-1.8486029e-22,7.8084698,1.38428,0.001
194,-0.10036342,-9.9668679e-20,-4.473962e-19,-0.55910927,7.8798599,1.3842485,0.050000001,1.2019875,-0.27090234,-3.3125678e-22,7.8798599,1.38425,0.001
194,-0.093966074,2.496339e-20,1.073978e-19,-0.44902161,7.951252,1.3842102,0.050000001,1.1940575,-0.29437053,8.7825103e-23,7.9512501,1.38421,0.001
194,-0.089354411,4.5673547e-20,1.8514908e-19,-0.38113934,7.9999981,1.3841829,0.050000001,1.1867346,-0.30640432,1.3397217e-22,8,1.3841827,0.001
194,-0.19549274,2.6753267e-21,-7.1030589e-19,-0.05138319,0.99999821,1.4756807,0.050000001,1.2835976,0.024769763,-9.2010676e-22,1,1.4756813,0.001
194,-0.1966258,9.3582392e-21,-5.0830166e-19,-0.053122494,1.033249,1.4755594,0.050000001,1.2851572,0.020600865,-6.2219658e-22,1.03325,1.4755599,0.001
194,-0.19918546,-9.6948912e-21,2.3911976e-18,-0.0564011,1.1044608,1.4753028,0.050000001,1.2884699,0.011083405,3.3479879e-21,1.10446,1.4753,0.001
194,-0.20182401,3.212591e-21,9.8513923e-19,-0.059171136,1.1756752,1.4750599,0.050000001,1.2916672,0.00090802513,1.3410085e-21,1.17568,1.47506,0.001
194,-0.20447224,1.0081708e-20,5.9669635e-21,-0.061299182,1.2468852,1.4748174,0.050000001,1.2946497,-0.0099774906,-4.1303873e-23,1.2468899,1.47482,0.001
194,-0.20704351,-1.3668722e-20,-1.9246461e-21,-0.062716618,1.3180971,1.4745771,0.050000001,1.2972972,-0.021613028,-3.3157988e-23,1.3181,1.47458,0.001
194,-0.20944235,-2.3931088e-20,-4.9052658e-19,-0.063370027,1.3893152,1.4743458,0.050000001,1.2994721,-0.034012053,-6.8146233e-22,1.38932,1.47435,0.001
194,-0.21157107,4.0667786e-20,9.5600065e-19,-0.063167699,1.4605318,1.4741157,0.050000001,1.3010371,-0.047157761,1.3460933e-21,1.46053,1.47412,0.001
194,-0.21332964,4.7499635e-21,4.8867628e-19,-0.062133353,1.5317477,1.473888,0.050000001,1.3018496,-0.061013196,6.0703546e-22,1.53175,1.4738899,0.001
194,-0.21461555,-3.8198971e-20,-4.8400767e-19,-0.060307033,1.6029651,1.4736623,0.050000001,1.3017647,-0.075514615,-7.6698454e-22,1.60297,1.47366,0.001
194,-0.21532783,-1.6676586e-20,-8.417999e-21,-0.05770449,1.6741877,1.4734398,0.050000001,1.3006473,-0.090571105,-3.1303503e-23,1.67419,1.4734401,0.001
194,-0.21537377,-1.3280829e-22,7.4457564e-21,-0.054454211,1.7454098,1.4732215,0.050000001,1.29837,-0.10606573,3.1762348e-24,1.74541,1.47322,0.001
194,-0.21467176,-5.1218468e-20,-4.8035117e-19,-0.050647538,1.8166354,1.473008,0.050000001,1.2948147,-0.12185972,-7.7051192e-22,1.81664,1.4730099,0.001
194,-0.21315706,-7.9091294e-20,-7.2604631e-19,-0.046409436,1.8878655,1.4727918,0.050000001,1.2898926,-0.1377936,-1.094188e-21,1.88787,1.47279,0.001
194,-0.2107798,-2.8151509e-20,-2.4417873e-19,-0.041918904,1.9590954,1.4725795,0.050000001,1.2835425,-0.15368979,-2.7576068e-22,1.9591,1.47258,0.001
194,-0.20750953,2.8847039e-20,2.4381831e-19,-0.037266638,2.0303271,1.4723763,0.050000001,1.2757249,-0.16936468,4.3382538e-22,2.0303299,1.47238,0.001
194,-0.20333987,-4.0300495e-22,1.6881674e-20,-0.032660492,2.1015673,1.4721723,0.050000001,1.2664351,-0.18463093,5.2864826e-23,2.1015699,1.47217,0.001
194,-0.1982836,-1.5176442e-19,-9.2871652e-19,-0.028243991,2.1728096,1.4719703,0.050000001,1.2557052,-0.1992996,-1.307895e-21,2.1728101,1.47197,0.001
194,-0.1923746,-2.8212248e-20,-2.4857113e-19,-0.024051158,2.2440562,1.4717723,0.050000001,1.2435901,-0.21319403,-3.5587535e-22,2.24406,1.47177,0.001
194,-0.18566664,3.278488e-20,2.2778116e-19,-0.02022155,2.3153021,1.4715805,0.050000001,1.2301753,-0.22614841,3.0632845e-22,2.3153,1.47158,0.001
194,-0.17822972,-8.322626e-21,-7.8693303e-21,-0.01680184,2.3865495,1.4713902,0.050000001,1.2155755,-0.23802,-7.5682141e-23,2.3865499,1.47139,0.001
194,-0.17014813,3.9416833e-20,2.2014158e-19,-0.013825193,2.4578059,1.4712025,0.050000001,1.1999252,-0.24868731,2.6243976e-22,2.4578099,1.4712,0.001
194,-0.16151668,-3.2466682e-21,4.085269e-22,-0.011313043,2.529062,1.4710208,0.050000001,1.183373,-0.25805175,-3.6951188e-23,2.5290599,1.47102,0.001
194,-0.15243544,3.2490467e-21,-6.9313591e-21,-0.0091619659,2.6003199,1.4708405,0.050000001,1.1660779,-0.26604569,-3.9920158e-23,2.6003201,1.47084,0.001
194,-0.1430081,-1.0345799e-21,-5.9395859e-22,-0.0073814671,2.6715844,1.4706625,0.050000001,1.1482031,-0.27262607,-1.1843407e-23,2.6715801,1.47066,0.001
194,-0.13333693,-7.6122386e-21,-1.4654153e-21,-0.0059688059,2.7428522,1.4704908,0.050000001,1.129903,-0.27777246,-3.6551895e-23,2.7428501,1.47049,0.001
194,-0.12352095,-6.231065e-20,-2.0154811e-19,-0.0048313322,2.8141201,1.4703205,0.050000001,1.1113254,-0.28149009,-2.1289134e-22,2.8141201,1.47032,0.001
194,-0.11365227,-1.6341854e-19,-6.0442258e-19,-0.0039323228,2.8853898,1.47015,0.050000001,1.092618,-0.28380224,-5.602269e-22,2.88539,1.47015,0.001
194,-0.10381421,-1.5500182e-19,-6.0062711e-19,-0.0032415269,2.956665,1.469988,0.050000001,1.0739053,-0.28474641,-4.9908809e-22,2.95667,1.46999,0.001
194,-0.094081201,-4.9241357e-20,-2.0047164e-19,-0.0027177783,3.0279453,1.46983,0.050000001,1.0552977,-0.2843743,-1.4151706e-22,3.02795,1.46983,0.001
194,-0.084517062,5.7759845e-22,-4.5829709e-22,-0.002310755,3.0992301,1.4696697,0.050000001,1.0368978,-0.28274491,9.3020358e-25,3.0992301,1.4696701,0.001
194,-0.075174667,4.4458405e-20,1.8772705e-19,-0.0019850153,3.1705182,1.4695176,0.050000001,1.0187852,-0.27992105,9.9216532e-23,3.1705201,1.46952,0.001
194,-0.066098176,5.6415036e-20,1.868929e-19,-0.001738828,3.2417994,1.46937,0.050000001,1.0010272,-0.27596989,1.2457035e-22,3.2418001,1.46937,0.001
194,-0.057320446,9.0669295e-21,-1.2954618e-21,-0.0015725176,3.3130894,1.4692192,0.050000001,0.98367637,-0.27095684,1.4997977e-23,3.3130901,1.46922,0.001
194,-0.048865933,-8.9008142e-25,4.7682479e-22,-0.0014703342,3.3843877,1.4690753,0.050000001,0.96677524,-0.2649428,0,3.3843901,1.46908,0.001
194,-0.040752739,-4.5675718e-20,-1.7479258e-19,-0.0014010736,3.4556854,1.468938,0.050000001,0.95035571,-0.25798798,-5.2996023e-23,3.4556899,1.46894,0.001
194,-0.032991774,-4.9576899e-20,-1.7027694e-19,-0.0013736244,3.5269878,1.4687999,0.050000001,0.93444163,-0.25014585,-5.3467818e-23,3.5269899,1.4687999,0.001
194,-0.025588078,-3.9461281e-21,4.2195473e-21,-0.0013784107,3.5982878,1.4686661,0.050000001,0.91904926,-0.24146312,-8.2941072e-25,3.59829,1.46867,0.001
194,-0.018541973,-8.3827595e-20,-3.3265477e-19,-0.0014330667,3.6695895,1.468534,0.050000001,0.90419018,-0.23198017,-5.1162666e-23,3.66959,1.4685301,0.001
194,-0.011850237,-9.0369495e-20,-3.2935887e-19,-0.0015204325,3.7409,1.4684085,0.050000001,0.88987231,-0.22172894,-5.7519547e-23,3.7409,1.46841,0.001
194,-0.0055079311,3.4943919e-20,1.6302357e-19,-0.0016514744,3.8122098,1.4682797,0.050000001,0.87610114,-0.21073844,9.1911574e-25,3.8122101,1.46828,0.001
194,0.00049255585,-3.3403686e-20,-1.5384279e-19,-0.0018620446,3.8835218,1.4681557,0.050000001,0.86288345,-0.19902813,1.9168744e-23,3.8835199,1.46816,0.001
194,0.0061593736,-7.2091673e-20,-3.1092621e-19,-0.002169031,3.9548395,1.4680358,0.050000001,0.85022366,-0.18661386,2.1067375e-23,3.9548399,1.46804,0.001
194,0.011501006,3.6171804e-20,1.5664313e-19,-0.0026236721,4.0261602,1.4679155,0.050000001,0.83812946,-0.17350651,-9.1356751e-24,4.0261598,1.4679199,0.001
194,0.016525418,7.3360303e-23,8.9359013e-21,-0.0033176558,4.0974803,1.4677998,0.050000001,0.8266086,-0.15971415,9.1587453e-24,4.0974798,1.4678,0.001
194,0.021240247,1.5630431e-20,1.5493094e-19,-0.0044319448,4.1688023,1.4676905,0.050000001,0.81566882,-0.14524339,-5.5819848e-23,4.1687999,1.46769,0.001
194,0.025651569,-1.6202298e-20,-1.4594294e-19,-0.0063280188,4.240128,1.4675778,0.050000001,0.80531394,-0.13010752,6.1220573e-23,4.2401299,1.46758,0.001
194,0.029762907,-2.4148338e-20,-1.4313531e-19,-0.0096974978,4.3114519,1.4674675,0.050000001,0.79553682,-0.1143368,4.4702113e-23,4.31145,1.46747,0.001
194,0.033576027,6.8676838e-20,5.20829e-19,-0.015766578,4.3827796,1.4673616,0.050000001,0.78630251,-0.097991124,-1.8593945e-22,4.3827801,1.46736,0.001
194,0.037089154,2.1411531e-20,1.4757066e-19,-0.026442911,4.4541121,1.46726,0.050000001,0.77752805,-0.081184059,-5.0861005e-23,4.4541101,1.46726,0.001
194,0.040296081,2.1665802e-20,2.8253486e-19,-0.044192538,4.5254478,1.4671602,0.050000001,0.76904684,-0.06410712,-1.3946271e-22,4.5254502,1.46716,0.001
194,0.043186463,2.1929724e-20,3.5573727e-19,-0.071486808,4.5967817,1.4670601,0.050000001,0.76059949,-0.047033679,-1.8200853e-22,4.5967798,1.46706,0.001
194,0.045745805,-1.0628284e-20,4.4174611e-21,-0.10975633,4.6681175,1.4669615,0.050000001,0.75184518,-0.030289592,-1.2862527e-23,4.6681199,1.46696,0.001
194,0.047955275,-8.2659367e-21,-2.7393629e-19,-0.1581592,4.7394576,1.4668695,0.050000001,0.74241811,-0.014195564,1.5835702e-22,4.73946,1.46687,0.001
194,0.049794339,-7.7873885e-21,-7.4683275e-20,-0.21275102,4.810802,1.4667805,0.050000001,0.73202938,0.0010270025,3.5295473e-23,4.8108001,1.4667799,0.001
194,0.051242843,4.0301318e-21,-6.5464887e-21,-0.26655409,4.8821478,1.4666883,0.050000001,0.72059989,0.015354921,4.6047941e-24,4.8821502,1.4666899,0.001
194,0.05228316,6.150457e-21,-1.4464988e-19,-0.31083888,4.9534898,1.4665955,0.050000001,0.70835257,0.02901393,9.1407989e-23,4.9534898,1.4665999,0.001
194,0.052904904,-1.1998162e-20,1.9170302e-19,-0.33735496,5.0248375,1.4665076,0.050000001,0.6958313,0.042457804,-1.32571e-22,5.0248399,1.4665101,0.001
194,0.053106766,-3.6801621e-21,6.5472644e-20,-0.34057146,5.0961876,1.4664215,0.050000001,0.68384272,0.056273147,-4.5089305e-23,5.09619,1.4664201,0.001
194,0.052896418,5.8557774e-22,-2.2008241e-21,-0.31914127,5.1675353,1.4663397,0.050000001,0.67331362,0.071041442,1.8403417e-24,5.1675401,1.4663399,0.001
194,0.052290298,-1.580177e-20,1.2370957e-19,-0.27607796,5.2388878,1.46626,0.050000001,0.66511333,0.087198839,-8.8683762e-23,5.2388902,1.46626,0.001
194,0.051311467,-6.9522299e-22,-4.243065e-21,-0.21767168,5.3102446,1.4661797,0.050000001,0.65990585,0.1049445,3.5473698e-24,5.3102398,1.46618,0.001
194,0.049986742,8.3646184e-21,-6.2627078e-20,-0.15167755,5.3816023,1.4660995,0.050000001,0.65806639,0.12421634,4.4989271e-23,5.3815999,1.4661,0.001
194,0.048341915,-1.7304321e-20,6.5202163e-20,-0.085568577,5.4529581,1.4660263,0.050000001,0.65966058,0.1447295,-4.3675511e-23,5.45296,1.46603,0.001
194,0.0463994,4.821565e-20,-1.8565022e-19,-0.025313478,5.5243158,1.465952,0.050000001,0.66448927,0.1660558,1.1317014e-22,5.5243201,1.46595,0.001
194,0.044177629,8.4195154e-20,-3.0727128e-19,0.02514822,5.5956755,1.46588,0.050000001,0.67217904,0.18770953,1.8521189e-22,5.5956802,1.46588,0.001
194,0.041688092,2.0081864e-20,-5.995376e-20,0.063857116,5.6670356,1.4658083,0.050000001,0.68225729,0.20922276,3.1881801e-23,5.6670399,1.4658099,0.001
194,0.038937736,-2.3548003e-20,6.4416548e-20,0.090393305,5.7384,1.4657383,0.050000001,0.69423378,0.23019165,-2.6966948e-23,5.7384,1.46574,0.001
194,0.03592924,-2.4113066e-20,6.4241606e-20,0.10537094,5.8097644,1.4656702,0.050000001,0.70765764,0.25029957,-2.7066906e-23,5.8097601,1.46567,0.001
194,0.032660507,-2.4362225e-20,6.9094274e-20,0.10985332,5.8811274,1.4656003,0.050000001,0.72215158,0.26931831,-3.0130568e-23,5.8811302,1.4656,0.001
194,0.029125448,7.8872932e-21,1.4441844e-21,0.10501336,5.9524956,1.4655317,0.050000001,0.73743123,0.28708702,-2.0072779e-23,5.9524999,1.46553,0.001
194,0.025313755,3.178057e-21,1.8939615e-21,0.091824405,6.0238614,1.4654677,0.050000001,0.7533108,0.30348891,-8.8556863e-24,6.02386,1.46547,0.001
194,0.021208314,-5.7277902e-20,1.4299717e-19,0.070936933,6.0952296,1.4654052,0.050000001,0.76970166,0.31842476,-3.9274592e-23,6.0952301,1.46541,0.001
194,0.016786065,-2.8105688e-20,7.3228768e-20,0.042606737,6.1666017,1.4653457,0.050000001,0.78660196,0.33177358,-2.0306329e-23,6.1666002,1.46535,0.001
194,0.012016979,-6.4441751e-20,1.5134925e-19,0.006757258,6.237978,1.4652838,0.050000001,0.80408287,0.34336433,-1.5485977e-23,6.2379799,1.4652801,0.001
194,0.0068665389,-3.3698172e-20,7.2744001e-20,-0.036931582,6.30935,1.4652286,0.050000001,0.82226628,0.35294861,-7.4466253e-24,6.30935,1.46523,0.001
194,0.0012940624,6.6852246e-20,-1.5646886e-19,-0.088853218,6.380722,1.4651703,0.050000001,0.84130383,0.3601985,1.6348529e-24,6.3807201,1.46517,0.001
194,-0.0047410452,3.5741476e-20,-7.7763773e-20,-0.14927907,6.4520979,1.4651097,0.050000001,0.86135203,0.36469343,-6.3982469e-24,6.4520998,1.4651099,0.001
194,-0.01127256,3.616707e-20,-8.1366435e-20,-0.21819425,6.5234718,1.4650515,0.050000001,0.88253897,0.36593941,-1.7434329e-23,6.5234699,1.46505,0.001
194,-0.018320618,3.7693053e-20,-7.983259e-20,-0.29510045,6.5948515,1.4649998,0.050000001,0.90494585,0.36339799,-1.6907332e-23,6.5948501,1.465,0.001
194,-0.025882818,5.4896896e-21,6.2289968e-21,-0.37892425,6.6662297,1.4649483,0.050000001,0.92857653,0.35653487,1.9384427e-24,6.6662302,1.46495,0.001
194,-0.03392306,3.499015e-20,-8.5255225e-20,-0.46797591,6.7376075,1.4648895,0.050000001,0.95335436,0.34486353,-2.4213426e-23,6.7376099,1.46489,0.001
194,-0.042362813,3.0630918e-20,-9.0421323e-20,-0.56002361,6.80899,1.4648376,0.050000001,0.97911537,0.32799593,-2.5496822e-23,6.80899,1.4648401,0.001
194,-0.051077478,-6.3795568e-20,2.390096e-19,-0.65236789,6.8803697,1.4647897,0.050000001,1.0056123,0.30569586,1.1969884e-22,6.8803701,1.46479,0.001
194,-0.059893947,-5.7953153e-20,2.4615556e-19,-0.74194294,6.9517517,1.4647394,0.050000001,1.0325222,0.27790603,1.3416492e-22,6.9517498,1.46474,0.001
194,-0.068594016,3.0521023e-20,-9.0588704e-20,-0.82545269,7.023138,1.4646915,0.050000001,1.0594674,0.24477012,-3.2005762e-23,7.02314,1.46469,0.001
194,-0.076921932,4.1814914e-20,-1.4238235e-19,-0.89945161,7.094522,1.464648,0.050000001,1.086025,0.20664923,-8.514384e-23,7.0945201,1.46465,0.001
194,-0.084603637,8.3184473e-21,6.0086865e-20,-0.96028852,7.165906,1.4646,0.050000001,1.1117328,0.16411868,4.6764227e-23,7.1659098,1.4646,0.001
194,-0.091359675,1.249825e-21,1.115148e-19,-1.0042621,7.2372899,1.4645514,0.050000001,1.1360946,0.11796775,9.5016605e-23,7.2372899,1.46455,0.001
194,-0.096930094,2.2640129e-20,-9.905239e-20,-1.0277259,7.3086777,1.4645072,0.050000001,1.1585774,0.069190711,-7.281354e-23,7.3086801,1.46451,0.001
194,-0.10109676,1.4781541e-20,-1.0650436e-19,-1.0275555,7.3800659,1.464466,0.050000001,1.1786205,0.018987076,-7.0184993e-23,7.3800702,1.46447,0.001
194,-0.10370556,1.5000704e-20,1.134245e-19,-1.0017219,7.4514542,1.4644195,0.050000001,1.1956545,-0.031283095,9.5047301e-23,7.4514499,1.46442,0.001
194,-0.10468312,9.853075e-21,4.1224565e-21,-0.95010448,7.5228419,1.46438,0.050000001,1.2091472,-0.080183469,6.1143292e-25,7.52284,1.46438,0.001
194,-0.1040512,-1.43731e-20,-2.2309457e-19,-0.87519437,7.5942292,1.46434,0.050000001,1.2186673,-0.12629944,-1.7377057e-22,7.5942302,1.46434,0.001
194,-0.101925,-3.1524981e-20,-2.2835758e-19,-0.78180349,7.6656218,1.4642953,0.050000001,1.2239498,-0.16838162,-1.681143e-22,7.6656199,1.4643,0.001
194,-0.098497324,2.0708203e-20,1.1149893e-19,-0.67657548,7.7370138,1.4642552,0.050000001,1.2249473,-0.20546976,8.2788895e-23,7.73701,1.46426,0.001
194,-0.094014458,-3.7720898e-21,3.2236794e-21,-0.56697637,7.8084078,1.4642175,0.050000001,1.2218523,-0.23697579,7.7837213e-24,7.8084102,1.46422,0.001
194,-0.088748641,-7.2698002e-20,-3.3631701e-19,-0.46023864,7.8797975,1.4641823,0.050000001,1.2150698,-0.26271048,-2.2005847e-22,7.8797998,1.46418,0.001
194,-0.08296822,-3.8909764e-21,-7.6443277e-22,-0.36215308,7.9511895,1.464144,0.050000001,1.2051648,-0.28285754,9.146996e-24,7.95119,1.4641401,0.001
194,-0.078829445,5.3304268e-20,2.2713028e-19,-0.30362478,7.9999986,1.4641196,0.050000001,1.1967086,-0.29313108,1.3412506e-22,8,1.4641196,0.001
194,-0.18636513,1.455149e-20,-1.9230839e-19,-0.017809395,0.99999928,1.555318,0.050000001,1.2757245,0.021254068,-2.5715785e-22,1,1.5553163,0.001
194,-0.18732589,2.8201261e-21,6.776017e-19,-0.018588789,1.0329411,1.5552089,0.050000001,1.2770923,0.017150136,8.9644356e-22,1.03294,1.55521,0.001
194,-0.18945853,-3.6412484e-20,1.9090247e-18,-0.020101503,1.1041672,1.554975,0.050000001,1.2799323,0.0077723949,2.5247307e-21,1.10417,1.55498,0.001
194,-0.19160073,-2.405221e-20,4.9909467e-19,-0.021439789,1.1753894,1.5547478,0.050000001,1.2825797,-0.0021605885,6.4595884e-22,1.17539,1.55475,0.001
194,-0.19369476,-7.5744436e-21,-2.3077269e-19,-0.022556406,1.2466111,1.5545198,0.050000001,1.2849398,-0.012688293,-3.0886492e-22,1.24661,1.55452,0.001
194,-0.19567141,-1.0299743e-20,-2.425186e-19,-0.023378253,1.3178353,1.5542915,0.050000001,1.2869123,-0.023835203,-4.2753686e-22,1.31784,1.5542901,0.001
194,-0.19745354,-2.0254049e-20,-7.3814413e-19,-0.023890553,1.3890576,1.5540698,0.050000001,1.2883848,-0.035602853,-1.0760145e-21,1.38906,1.55407,0.001
194,-0.19896203,-1.1313718e-20,2.3525213e-19,-0.024034239,1.4602816,1.5538473,0.050000001,1.2892348,-0.047973502,3.6313128e-22,1.4602799,1.5538501,0.001
194,-0.20011479,-1.7295927e-20,6.1661504e-21,-0.0238497,1.5315076,1.5536275,0.050000001,1.2893498,-0.060910154,-2.5660927e-23,1.53151,1.55363,0.001
194,-0.20082963,-2.1064255e-21,-2.4357791e-19,-0.023344174,1.6027315,1.5534121,0.050000001,1.2886149,-0.074351981,-4.008331e-22,1.60273,1.5534101,0.001
194,-0.2010268,-3.6978457e-20,-4.7753685e-19,-0.022453209,1.6739597,1.5531977,0.050000001,1.2869148,-0.088218555,-7.1678552e-22,1.67396,1.5532,0.001
194,-0.20063306,-7.7419504e-20,-9.5380914e-19,-0.021254001,1.7451875,1.5529853,0.050000001,1.2841548,-0.10240804,-1.3155234e-21,1.74519,1.55299,0.001
194,-0.19958504,-7.1988424e-20,-7.2193791e-19,-0.019856973,1.8164194,1.5527782,0.050000001,1.2802473,-0.11680057,-9.8655455e-22,1.81642,1.55278,0.001
194,-0.19783109,3.4341773e-20,2.2350655e-19,-0.018287458,1.8876579,1.5525706,0.050000001,1.2751249,-0.13126124,2.8170107e-22,1.88766,1.55257,0.001
194,-0.19533309,2.5889459e-20,2.4464552e-19,-0.016578792,1.9588919,1.5523621,0.050000001,1.2687452,-0.14564066,3.3987043e-22,1.95889,1.5523601,0.001
194,-0.19206806,-2.245554e-20,-2.3260947e-19,-0.014790812,2.0301297,1.55216,0.050000001,1.2610776,-0.15978591,-3.2322226e-22,2.0301299,1.55216,0.001
194,-0.1880316,-3.2362944e-20,-2.3628326e-19,-0.013005048,2.1013758,1.551962,0.050000001,1.2521302,-0.17353976,-3.33425e-22,2.1013801,1.55196,0.001
194,-0.1832356,1.8047325e-20,-1.9424671e-20,-0.011280656,2.1726222,1.5517665,0.050000001,1.241935,-0.18674478,-8.9446123e-23,2.1726201,1.55177,0.001
194,-0.17770971,8.6906355e-20,4.5912546e-19,-0.0096471189,2.2438703,1.5515696,0.050000001,1.2305378,-0.19925444,6.0780574e-22,2.24387,1.5515701,0.001
194,-0.17149659,-8.0760474e-20,-4.4316822e-19,-0.0081572775,2.31512,1.5513815,0.050000001,1.2180154,-0.21092854,-5.3655794e-22,2.31512,1.55138,0.001
194,-0.1646529,-4.4044905e-20,-2.2922436e-19,-0.006828553,2.3863716,1.5511982,0.050000001,1.2044629,-0.22164616,-2.9769182e-22,2.3863699,1.5512,0.001
194,-0.15724882,-9.7781796e-20,-4.3688511e-19,-0.0056725848,2.4576299,1.5510143,0.050000001,1.189993,-0.23130438,-4.8475677e-22,2.4576299,1.55101,0.001
194,-0.14936087,4.6073278e-20,1.9676543e-19,-0.0047223205,2.5288899,1.5508341,0.050000001,1.1747305,-0.23981524,1.8065485e-22,2.5288899,1.55083,0.001
194,-0.14107148,1.7894658e-19,8.6409184e-19,-0.0038930746,2.600152,1.5506581,0.050000001,1.1588005,-0.24711615,9.0606287e-22,2.6001501,1.55066,0.001
194,-0.1324663,-5.0473608e-20,-2.115697e-19,-0.0031693936,2.6714201,1.5504818,0.050000001,1.1423404,-0.25316632,-2.5955165e-22,2.6714201,1.55048,0.001
194,-0.12363024,-4.816768e-20,-2.1352869e-19,-0.0026155568,2.7426903,1.550312,0.050000001,1.1254853,-0.25794005,-2.4099458e-22,2.7426901,1.55031,0.001
194,-0.11464667,-5.6151747e-20,-2.0995436e-19,-0.0021800471,2.8139622,1.5501482,0.050000001,1.1083579,-0.26143402,-2.4196078e-22,2.8139601,1.55015,0.001
194,-0.10559372,-9.8180859e-20,-4.1055143e-19,-0.001807418,2.885236,1.5499817,0.050000001,1.0910802,-0.26366243,-3.81394e-22,2.8852401,1.54998,0.001
194,-0.096543014,-8.9007678e-20,-4.0184377e-19,-0.0015343517,2.9565094,1.5498217,0.050000001,1.073768,-0.26464719,-3.1240909e-22,2.9565101,1.5498199,0.001
194,-0.087558553,-9.5491087e-20,-3.929081e-19,-0.0013388658,3.0277929,1.5496681,0.050000001,1.0565177,-0.26442492,-2.7875714e-22,3.0278001,1.54967,0.001
194,-0.078698374,-4.0064871e-20,-1.9501102e-19,-0.0011765808,3.0990794,1.5495093,0.050000001,1.039418,-0.263042,-9.5918733e-23,3.0990801,1.54951,0.001
194,-0.070009962,1.2507568e-20,9.6769863e-22,-0.0010627575,3.1703701,1.5493594,0.050000001,1.0225452,-0.26054519,5.129208e-23,3.1703701,1.54936,0.001
194,-0.061534029,9.6484124e-20,3.7207104e-19,-0.00097699487,3.2416577,1.5492163,0.050000001,1.0059649,-0.2569873,2.0310004e-22,3.2416601,1.54922,0.001
194,-0.053302892,9.5657221e-20,3.7218374e-19,-0.00091576035,3.3129473,1.5490677,0.050000001,0.98973161,-0.25242233,1.921315e-22,3.3129499,1.54907,0.001
194,-0.045340873,8.7396438e-22,2.1469398e-21,-0.00087920489,3.3842478,1.5489255,0.050000001,0.97389048,-0.24689972,0,3.3842499,1.54893,0.001
194,-0.037667245,-9.0956851e-20,-3.4904452e-19,-0.00086955115,3.45555,1.5487895,0.050000001,0.95847517,-0.24046923,-1.1423923e-22,3.45555,1.54879,0.001
194,-0.030294772,-5.2785455e-20,-1.7309464e-19,-0.00088419218,3.5268497,1.5486578,0.050000001,0.94351554,-0.23317608,-6.9491142e-23,3.52685,1.54866,0.001
194,-0.023231678,3.9072387e-20,1.7722803e-19,-0.00091319619,3.5981517,1.5485215,0.050000001,0.92903322,-0.22506292,4.4897542e-23,3.59815,1.54852,0.001
194,-0.016480966,4.270254e-20,1.6714244e-19,-0.00096955802,3.6694601,1.5483916,0.050000001,0.91504705,-0.21616358,2.5344619e-23,3.6694601,1.54839,0.001
194,-0.010043429,2.3340719e-21,2.5695059e-21,-0.0010432585,3.7407701,1.5482683,0.050000001,0.90157199,-0.20650896,1.0886796e-23,3.7407701,1.54827,0.001
194,-0.0039173965,-4.02865e-20,-1.6392566e-19,-0.0011389507,3.8120794,1.5481417,0.050000001,0.8886202,-0.19612585,-1.4408308e-23,3.8120799,1.54814,0.001
194,0.0019015559,-1.1963289e-22,-2.2991138e-22,-0.0012868908,3.8833976,1.5480195,0.050000001,0.87620533,-0.18503293,0,3.8834,1.54802,0.001
194,0.0074179973,-2.8848056e-20,-1.6241032e-19,-0.0014901638,3.9547179,1.5479017,0.050000001,0.86433995,-0.17324744,1.8412357e-23,3.95472,1.5479,0.001
194,0.012637281,-2.8611618e-20,-1.6135612e-19,-0.001767522,4.0260377,1.5477858,0.050000001,0.85303801,-0.1607817,1.8381442e-23,4.0260401,1.5477901,0.001
194,0.017564984,4.9589643e-20,3.0979214e-19,-0.0021856353,4.0973601,1.5476693,0.050000001,0.842314,-0.14764546,-7.4752131e-23,4.0973601,1.54767,0.001
194,0.022206433,2.3590622e-20,1.4975012e-19,-0.002826262,4.1686821,1.5475597,0.050000001,0.83218491,-0.13384475,-4.4028593e-23,4.1686802,1.54756,0.001
194,0.026565783,-6.0694688e-20,-3.815268e-19,-0.0038725249,4.2400074,1.5474492,0.050000001,0.82266724,-0.11938848,1.011946e-22,4.2400098,1.5474499,0.001
194,0.030645447,-2.9139062e-20,-2.2555434e-19,-0.0056746732,4.3113375,1.5473433,0.050000001,0.81377459,-0.1042935,7.847221e-23,4.3113399,1.54735,0.001
194,0.034446448,1.9267829e-21,-7.2250685e-20,-0.0088817514,4.3826704,1.5472393,0.050000001,0.80550671,-0.088592052,4.309188e-23,4.3826699,1.54724,0.001
194,0.037967741,3.6639557e-21,5.8310663e-21,-0.014629272,4.454,1.54714,0.050000001,0.7978422,-0.072343454,7.4435613e-24,4.454,1.54714,0.001
194,0.041205086,7.4419428e-21,7.0355782e-21,-0.024627203,4.5253358,1.54704,0.050000001,0.79070818,-0.055656683,1.2076282e-23,4.5253401,1.54704,0.001
194,0.044151355,7.4324432e-21,7.3880244e-20,-0.041075043,4.5966721,1.5469393,0.050000001,0.7839644,-0.038704302,-3.3664036e-23,4.5966702,1.54694,0.001
194,0.046796326,5.5883882e-21,1.4512508e-19,-0.066200376,4.6680098,1.5468478,0.050000001,0.77738798,-0.021723099,-7.6984077e-23,4.6680102,1.54685,0.001
194,0.049123581,-9.5615059e-21,7.9957159e-20,-0.10142913,4.7393517,1.5467583,0.050000001,0.77067524,-0.0050010746,-5.0697901e-23,4.7393498,1.54676,0.001
194,0.051116917,-1.2637362e-20,2.0676378e-19,-0.14646477,4.810698,1.5466638,0.050000001,0.76349682,0.011176453,-1.3692694e-22,4.8106999,1.5466599,0.001
194,0.052759852,-2.1240704e-21,-7.6018997e-20,-0.19850752,4.8820419,1.5465783,0.050000001,0.75558448,0.026597755,4.0118481e-23,4.88204,1.54658,0.001
194,0.054034263,2.6531992e-21,-2.1385456e-19,-0.25222945,4.9533873,1.5464902,0.050000001,0.74680597,0.041191947,1.3088982e-22,4.9533901,1.54649,0.001
194,0.05492698,6.8129907e-21,-8.4934589e-20,-0.30065843,5.0247378,1.5464017,0.050000001,0.73726541,0.055076461,4.974389e-23,5.0247402,1.5464,0.001
194,0.055428501,1.3414583e-20,-1.3924656e-19,-0.33669147,5.0960875,1.5463178,0.050000001,0.72733527,0.068552457,9.3804006e-23,5.0960898,1.54632,0.001
194,0.05553424,4.6566149e-21,-5.3683996e-20,-0.35484833,5.1674352,1.5462358,0.050000001,0.71761286,0.08204186,4.1204247e-23,5.1674399,1.54624,0.001
194,0.055247393,-1.1493482e-20,7.1815013e-20,-0.35261613,5.2387896,1.5461555,0.050000001,0.7088306,0.09599372,-4.8657108e-23,5.23879,1.54616,0.001
194,0.054577954,-1.0681501e-20,6.8221139e-20,-0.33088979,5.3101501,1.5460777,0.050000001,0.70172793,0.11078051,-4.65895e-23,5.3101501,1.54608,0.001
194,0.053541545,-3.8755425e-20,2.0303308e-19,-0.29345152,5.3815084,1.5459998,0.050000001,0.69693118,0.12661794,-1.3765408e-22,5.3815098,1.546,0.001
194,0.052156974,-5.5641467e-20,2.6026364e-19,-0.24590012,5.4528642,1.545926,0.050000001,0.69486129,0.14353332,-1.7702039e-22,5.4528599,1.54593,0.001
194,0.05044416,4.4572456e-20,-1.9021737e-19,-0.19429584,5.5242219,1.5458519,0.050000001,0.69570118,0.16137981,1.2175605e-22,5.52422,1.54585,0.001
194,0.048422251,6.3291324e-20,-2.5211646e-19,-0.1440852,5.5955815,1.5457798,0.050000001,0.69942129,0.17987956,1.607644e-22,5.5955801,1.5457799,0.001
194,0.046106599,2.105765e-20,-6.9138328e-20,-0.099487059,5.6669478,1.5457095,0.050000001,0.70581836,0.19868296,3.6796969e-23,5.6669502,1.54571,0.001
194,0.043508757,2.2499103e-20,-6.6697447e-20,-0.063277997,5.7383118,1.5456418,0.050000001,0.71458572,0.21742213,3.1805635e-23,5.7383099,1.54564,0.001
194,0.04063528,2.868898e-21,2.4036378e-21,-0.036912031,5.8096781,1.5455737,0.050000001,0.72537637,0.23575434,-6.7348203e-24,5.80968,1.54557,0.001
194,0.037488334,2.5160631e-20,-7.0825879e-20,-0.020925343,5.8810415,1.5455085,0.050000001,0.73785412,0.25337842,3.0580303e-23,5.8810401,1.5455101,0.001
194,0.034063771,4.632275e-22,4.8915021e-22,-0.015196243,5.9524097,1.545442,0.050000001,0.75172967,0.27004212,-1.1788328e-26,5.9524102,1.54544,0.001
194,0.030352827,-2.4114632e-20,7.0740428e-20,-0.019327696,6.0237775,1.5453795,0.050000001,0.7667861,0.2855255,-3.0517709e-23,6.0237799,1.54538,0.001
194,0.026339861,3.9306379e-21,2.8579664e-21,-0.032872591,6.0951476,1.5453198,0.050000001,0.78288174,0.29962772,-8.010974e-24,6.09515,1.54532,0.001
194,0.022003127,6.4103854e-20,-1.4746982e-19,-0.055490974,6.166522,1.5452579,0.050000001,0.79995245,0.31214041,2.0684818e-23,6.1665201,1.54526,0.001
194,0.017314825,4.7736186e-20,-1.1124236e-19,-0.086952366,6.237896,1.5451977,0.050000001,0.81800109,0.32282314,1.6130928e-23,6.2378998,1.5452,0.001
194,0.01224366,-6.0543947e-20,1.5670851e-19,-0.12711582,6.3092675,1.5451423,0.050000001,0.83707708,0.33138418,-2.2046521e-23,6.3092699,1.54514,0.001
194,0.0067554154,-1.844942e-20,3.4569345e-20,-0.17586057,6.3806415,1.5450842,0.050000001,0.85725945,0.33747602,-2.1999739e-24,6.38064,1.5450799,0.001
194,0.0008174564,2.9318538e-20,-8.2622942e-20,-0.23295304,6.4520202,1.5450281,0.050000001,0.87863004,0.34069216,7.2572332e-24,6.4520202,1.54503,0.001
194,-0.0055935369,1.4473001e-22,5.0729584e-23,-0.29789165,6.5233974,1.5449717,0.050000001,0.90124428,0.34058058,0,6.5233998,1.54497,0.001
194,-0.012484827,1.0608249e-22,-3.5241933e-22,-0.36979333,6.5947785,1.5449202,0.050000001,0.92511624,0.33666795,0,6.59478,1.54492,0.001
194,-0.019840335,-6.3329671e-20,1.7649128e-19,-0.44737017,6.6661582,1.5448685,0.050000001,0.95018941,0.32850492,5.029897e-23,6.6661601,1.54487,0.001
194,-0.027611069,-3.2551942e-20,8.7708403e-20,-0.52877569,6.7375379,1.5448095,0.050000001,0.97633559,0.315696,2.4848219e-23,6.7375398,1.5448101,0.001
194,-0.035708088,6.9811224e-21,7.3036413e-21,-0.61172718,6.8089175,1.544757,0.050000001,1.003351,0.2979438,8.2340741e-24,6.8089199,1.54476,0.001
194,-0.043999836,-2.4912252e-20,9.672822e-20,-0.69351661,6.8802977,1.5447115,0.050000001,1.0309522,0.27509463,4.6556223e-23,6.8803,1.54471,0.001
194,-0.052311555,1.8975396e-21,2.9959983e-21,-0.77109253,6.9516821,1.5446663,0.050000001,1.0587803,0.24716419,1.9934117e-23,6.9516802,1.54467,0.001
194,-0.060430914,9.6338826e-21,7.7791086e-21,-0.84113783,7.0230656,1.5446178,0.050000001,1.0864179,0.21435934,6.4562424e-24,7.0230699,1.54462,0.001
194,-0.068115495,8.0212213e-21,4.6985022e-21,-0.90002364,7.0944495,1.5445718,0.050000001,1.1133996,0.17708938,1.2707301e-23,7.09445,1.54457,0.001
194,-0.07511054,7.1829796e-21,4.3448841e-21,-0.94407624,7.1658378,1.5445282,0.050000001,1.1392053,0.13597669,1.0638498e-23,7.1658401,1.54453,0.001
194,-0.081165753,7.4383578e-21,1.1756245e-19,-0.96974528,7.2372217,1.5444795,0.050000001,1.1632745,0.091856733,6.8671528e-23,7.2372198,1.54448,0.001
194,-0.086057179,1.1201788e-20,1.1765212e-19,-0.97389901,7.3086104,1.5444355,0.050000001,1.1850151,0.045754716,7.7402432e-23,7.30861,1.54444,0.001
194,-0.089607581,1.4443084e-20,-1.047039e-19,-0.95438129,7.3800001,1.5443913,0.050000001,1.203827,-0.0011206229,-7.199517e-23,7.3800001,1.54439,0.001
194,-0.091704786,6.807543e-21,-1.1077026e-19,-0.91069371,7.4513903,1.544347,0.050000001,1.2191447,-0.047452874,-6.7311015e-23,7.4513898,1.54435,0.001
194,-0.092319451,7.1386664e-21,1.2470344e-21,-0.84460813,7.522778,1.5443075,0.050000001,1.2304848,-0.091907889,-2.2259271e-25,7.5227799,1.54431,0.001
194,-0.091506623,9.299246e-21,2.9531531e-21,-0.7601915,7.5941653,1.5442698,0.050000001,1.2375398,-0.133255,-1.2830655e-23,7.5941701,1.54427,0.001
194,-0.089399293,-1.1959294e-20,-1.1410145e-19,-0.66329628,7.6655579,1.5442272,0.050000001,1.2402047,-0.17048368,-8.0706447e-23,7.6655598,1.54423,0.001
194,-0.08619009,-1.7182957e-20,-1.1641148e-19,-0.56076533,7.7369518,1.5441875,0.050000001,1.2386073,-0.20289412,-6.8993996e-23,7.7369499,1.54419,0.001
194,-0.082107477,-4.4972958e-22,-6.7983896e-22,-0.45936087,7.8083482,1.5441517,0.050000001,1.2330997,-0.2301427,9.3937142e-25,7.8083501,1.54415,0.001
194,-0.077390954,3.8412629e-22,7.9381647e-22,-0.36480415,7.8797379,1.5441158,0.050000001,1.2242174,-0.25223044,-8.7367181e-24,7.8797402,1.54412,0.001
194,-0.072267815,-2.6891659e-20,-1.1220352e-19,-0.28117722,7.9511294,1.5440778,0.050000001,1.2126025,-0.26945239,-5.0194475e-23,7.9511299,1.54408,0.001
194,-0.06861756,1.0499097e-20,3.8757735e-20,-0.2328794,7.9999986,1.5440533,0.050000001,1.2032424,-0.27825123,2.7509501e-23,8,1.5440526,0.001
194,-0.17736235,-1.3470742e-20,6.5058076e-19,-0.0053900708,0.99999696,1.634955,0.050000001,1.2664956,0.018217599,8.5421999e-22,1,1.6349562,0.001
194,-0.17818213,-3.082685e-20,1.4189135e-18,-0.0056987558,1.0326259,1.6348573,0.050000001,1.2676623,0.014216059,1.8026881e-21,1.03263,1.63486,0.001
194,-0.17996667,-2.1101523e-20,1.8520172e-20,-0.0063371528,1.1038615,1.6346415,0.050000001,1.2700299,0.0050512138,-2.6227259e-23,1.10386,1.63464,0.001
194,-0.18170755,-1.0217589e-20,-9.4939127e-19,-0.006890045,1.1750953,1.6344258,0.050000001,1.272155,-0.0045805206,-1.2651079e-21,1.1751,1.63442,0.001
194,-0.1833566,6.6103575e-22,-4.8856761e-19,-0.0073881829,1.2463274,1.6342123,0.050000001,1.2739598,-0.014705749,-6.5091597e-22,1.24633,1.63421,0.001
194,-0.18485849,-8.9005028e-22,-9.4196e-21,-0.0077807815,1.3175596,1.633998,0.050000001,1.2753546,-0.025337992,-2.4379219e-23,1.31756,1.6339999,0.001
194,-0.18615222,4.8434797e-21,1.1221098e-20,-0.0080536501,1.3887895,1.6337813,0.050000001,1.2762475,-0.036474362,3.1114187e-24,1.38879,1.63378,0.001
194,-0.18717259,-4.4923636e-20,-9.482021e-19,-0.008217725,1.4600215,1.6335673,0.050000001,1.2765348,-0.048095357,-1.2743208e-21,1.4600199,1.63357,0.001
194,-0.18785308,-2.6770445e-20,-7.2906789e-19,-0.0082515292,1.5312576,1.6333575,0.050000001,1.2761273,-0.060164388,-9.6047907e-22,1.53126,1.63336,0.001
194,-0.18812793,2.5183128e-20,4.6338441e-19,-0.0081446366,1.6024897,1.633152,0.050000001,1.27493,-0.072625503,6.0542734e-22,1.6024899,1.63315,0.001
194,-0.18793368,1.8762343e-20,2.4284187e-19,-0.007904592,1.6737219,1.6329463,0.050000001,1.2728447,-0.085407302,2.9554935e-22,1.67372,1.6329499,0.001
194,-0.1872129,-1.0093464e-20,-2.3579008e-19,-0.0075549581,1.7449577,1.6327375,0.050000001,1.2697999,-0.098422192,-3.4970699e-22,1.74496,1.63274,0.001
194,-0.18591526,-2.1254369e-20,-2.4903893e-19,-0.0071146423,1.8161951,1.6325361,0.050000001,1.2657323,-0.11156674,-3.4561799e-22,1.8162,1.63254,0.001
194,-0.18400139,6.8186236e-20,7.0089903e-19,-0.0065926309,1.8874375,1.6323315,0.050000001,1.2605877,-0.12472586,9.6682611e-22,1.88744,1.6323299,0.001
194,-0.18144041,7.1303583e-20,7.180774e-19,-0.0060123489,1.9586799,1.6321316,0.050000001,1.2543303,-0.13777412,1.0074903e-21,1.95868,1.63213,0.001
194,-0.17821565,6.7188934e-20,4.713133e-19,-0.0054100063,2.0299218,1.6319386,0.050000001,1.2469425,-0.15058205,6.3351185e-22,2.0299201,1.63194,0.001
194,-0.17432517,6.3994072e-20,4.597217e-19,-0.0047784783,2.1011698,1.631742,0.050000001,1.2384328,-0.16301735,5.8964755e-22,2.1011701,1.63174,0.001
194,-0.1697792,1.4699442e-19,9.1173946e-19,-0.0041598263,2.1724198,1.6315495,0.050000001,1.2288328,-0.17494862,1.1365737e-21,2.17242,1.63155,0.001
194,-0.16460234,7.4816115e-20,4.6751426e-19,-0.0036015911,2.2436717,1.631359,0.050000001,1.218183,-0.18625066,5.5235011e-22,2.24367,1.6313601,0.001
194,-0.15882987,-1.0038259e-19,-6.824649e-19,-0.0030857639,2.3149278,1.631175,0.050000001,1.2065427,-0.19680622,-8.8706326e-22,2.31493,1.63118,0.001
194,-0.1525095,-7.1618603e-20,-4.5871384e-19,-0.002622077,2.3861856,1.6309983,0.050000001,1.1939976,-0.20651142,-5.8971631e-22,2.3861899,1.631,0.001
194,-0.14569828,-1.1370992e-19,-6.6985908e-19,-0.002204424,2.4574456,1.6308208,0.050000001,1.1806426,-0.21527541,-7.5676383e-22,2.4574499,1.63082,0.001
194,-0.13845946,8.8348271e-22,-1.5764702e-20,-0.0018427611,2.5287077,1.6306398,0.050000001,1.1665803,-0.22302286,-3.3227001e-23,2.5287099,1.63064,0.001
194,-0.13086063,3.153725e-20,2.1684405e-19,-0.0015585974,2.5999753,1.6304678,0.050000001,1.1519128,-0.22969505,2.2280673e-22,2.5999801,1.63047,0.001
194,-0.12297336,-5.011486e-20,-2.1558302e-19,-0.0013085173,2.6712453,1.630298,0.050000001,1.1367552,-0.23525155,-2.5304558e-22,2.6712501,1.6303,0.001
194,-0.11486944,8.4373553e-20,4.0590931e-19,-0.001094363,2.7425179,1.6301298,0.050000001,1.1212279,-0.23966698,3.106146e-22,2.7425201,1.6301301,0.001
194,-0.10661834,5.4969952e-21,3.2533254e-21,-0.00094280776,2.8137941,1.6299706,0.050000001,1.105433,-0.2429308,9.8757087e-24,2.8137901,1.62997,0.001
194,-0.098286271,-8.299054e-20,-4.1437708e-19,-0.00081829331,2.885072,1.6298102,0.050000001,1.0894754,-0.24504866,-3.4582453e-22,2.8850701,1.62981,0.001
194,-0.089935571,5.5662935e-20,1.9292174e-19,-0.0007240969,2.9563496,1.6296498,0.050000001,1.073458,-0.24603531,1.5037712e-22,2.9563501,1.62965,0.001
194,-0.081622444,6.3044875e-21,2.1839366e-21,-0.0006521818,3.0276351,1.6294982,0.050000001,1.0574678,-0.24591437,2.2124795e-23,3.0276401,1.6295,0.001
194,-0.073397651,-5.3128373e-21,2.143538e-21,-0.00058685528,3.0989254,1.6293478,0.050000001,1.0415852,-0.24471974,-1.4454538e-23,3.0989299,1.6293499,0.001
194,-0.065305002,-3.4208801e-21,8.6297677e-21,-0.00055492867,3.1702182,1.6291975,0.050000001,1.0258826,-0.24248904,2.3827807e-23,3.1702199,1.6292,0.001
194,-0.057381865,2.4854804e-21,4.3731798e-22,-0.00054679811,3.2415102,1.6290514,0.050000001,1.0104227,-0.23926304,1.8479232e-23,3.2415099,1.62905,0.001
194,-0.049658503,4.8042757e-20,1.9076229e-19,-0.00054054917,3.3128018,1.6289096,0.050000001,0.99525762,-0.23508373,1.2076343e-22,3.3127999,1.6289099,0.001
194,-0.042159304,8.3193684e-20,3.6808467e-19,-0.00053860067,3.3841021,1.6287718,0.050000001,0.98043352,-0.22999279,1.4018052e-22,3.3841,1.62877,0.001
194,-0.034903564,8.2046087e-20,3.6548973e-19,-0.0005616353,3.4554043,1.6286378,0.050000001,0.96598965,-0.22403088,1.2778287e-22,3.4554,1.6286401,0.001
194,-0.027905546,3.6864406e-20,1.7773431e-19,-0.0005864072,3.5267076,1.6285057,0.050000001,0.95195675,-0.21723796,3.7679979e-23,3.52671,1.62851,0.001
194,-0.021175412,3.6665918e-20,1.7754285e-19,-0.00062101911,3.5980158,1.6283758,0.050000001,0.93836218,-0.20964989,3.7763923e-23,3.5980201,1.6283799,0.001
194,-0.014719201,3.9058428e-20,1.6888023e-19,-0.00066665519,3.6693242,1.6282477,0.050000001,0.92522961,-0.20129842,2.2081523e-23,3.6693201,1.62825,0.001
194,-0.0085395379,1.7297853e-21,2.9814762e-21,-0.00072679721,3.7406359,1.6281215,0.050000001,0.9125784,-0.1922107,1.0551446e-23,3.7406399,1.6281199,0.001
194,-0.0026378573,-3.731921e-20,-1.6648239e-19,-0.00080224848,3.8119473,1.6279998,0.050000001,0.90042794,-0.18241145,-1.1592046e-23,3.81195,1.628,0.001
194,0.0029874137,1.9454809e-23,-2.1666175e-22,-0.00090568914,3.8832679,1.627882,0.050000001,0.88879603,-0.1719204,0,3.88327,1.62788,0.001
194,0.0083383154,-2.6759414e-20,-1.6455629e-19,-0.0010411952,3.9545879,1.6277683,0.050000001,0.87770098,-0.16075471,1.9305837e-23,3.9545901,1.6277699,0.001
194,0.013417556,-2.6962337e-20,-1.6444675e-19,-0.0012168169,4.0259075,1.6276495,0.050000001,0.86716032,-0.14892867,1.9336418e-23,4.0259099,1.62765,0.001
194,0.018228548,1.3559985e-20,7.7496652e-20,-0.0014788326,4.0972319,1.6275375,0.050000001,0.85719651,-0.13645203,-1.6851844e-23,4.09723,1.62754,0.001
194,0.022774465,-1.1913941e-20,-7.282197e-20,-0.0018564271,4.1685576,1.62743,0.050000001,0.84782964,-0.12333411,2.3494939e-23,4.16856,1.62743,0.001
194,0.027057627,-1.8255692e-20,-7.481689e-20,-0.0024394887,4.2398853,1.6273215,0.050000001,0.83908439,-0.10958403,1.2717526e-23,4.2398901,1.6273201,0.001
194,0.031079363,-2.9351632e-20,-2.2747653e-19,-0.0034066772,4.3112173,1.6272175,0.050000001,0.83098543,-0.095213823,7.9249478e-23,4.3112202,1.62722,0.001
194,0.034839787,-6.1444837e-20,-6.0897916e-19,-0.0050750934,4.3825521,1.6271152,0.050000001,0.8235513,-0.08024355,2.3375713e-22,4.3825498,1.62712,0.001
194,0.03833792,-1.3024014e-20,-1.505043e-19,-0.0080421343,4.4538879,1.627018,0.050000001,0.81679195,-0.064705975,6.1481402e-23,4.4538898,1.62702,0.001
194,0.041570291,1.6709449e-21,-7.0954842e-20,-0.013318339,4.5252242,1.6269202,0.050000001,0.81069332,-0.048662383,4.6640098e-23,4.5252199,1.62692,0.001
194,0.044532359,-3.9174749e-21,-1.4661334e-19,-0.022402635,4.5965619,1.6268193,0.050000001,0.80520058,-0.032211531,7.7161035e-23,4.59656,1.62682,0.001
194,0.047218677,8.9708828e-21,3.5817708e-21,-0.03719997,4.6679025,1.6267275,0.050000001,0.80020052,-0.015504566,1.0774094e-23,4.6679001,1.62673,0.001
194,0.049608205,8.5115492e-22,2.1655159e-19,-0.059685595,4.7392459,1.6266402,0.050000001,0.79550284,0.0012514305,-1.2589773e-22,4.7392502,1.62664,0.001
194,0.051688209,-1.2607182e-20,4.3697331e-19,-0.091294028,4.8105898,1.6265498,0.050000001,0.79085487,0.017811259,-2.6458064e-22,4.8105898,1.62655,0.001
194,0.053454079,-4.8588989e-21,-1.084537e-20,-0.13216163,4.881938,1.6264617,0.050000001,0.78597242,0.033926841,-4.2903253e-24,4.8819399,1.62646,0.001
194,0.05488766,1.6022719e-21,-1.5657906e-19,-0.18053392,4.9532838,1.6263783,0.050000001,0.78059447,0.049392965,8.7068787e-23,4.95328,1.62638,0.001
194,0.055974964,-1.010352e-20,1.1007036e-20,-0.23264644,5.0246339,1.626292,0.050000001,0.77456146,0.064108923,-5.2628567e-24,5.0246301,1.62629,0.001
194,0.056703858,9.0205007e-21,-1.3495865e-19,-0.28319144,5.0959854,1.6262097,0.050000001,0.76788867,0.078111112,9.3094738e-23,5.0959902,1.62621,0.001
194,0.057065085,1.6483456e-20,-1.4518439e-19,-0.32636413,5.167335,1.6261272,0.050000001,0.76079082,0.091573268,9.6260891e-23,5.1673398,1.62613,0.001
194,0.057054564,-9.4278508e-21,7.4485469e-20,-0.35715556,5.2386894,1.6260473,0.050000001,0.75367832,0.10477804,-4.8981854e-23,5.2386899,1.62605,0.001
194,0.05667308,1.7989583e-21,-1.5144905e-22,-0.37243527,5.31005,1.6259717,0.050000001,0.74709851,0.11805171,-2.443736e-25,5.31005,1.62597,0.001
194,0.055926096,4.8701839e-22,-5.9632573e-21,-0.3714968,5.3814101,1.6258978,0.050000001,0.74164915,0.13169004,2.9785321e-24,5.3814101,1.6259,0.001
194,0.054823261,-4.1800283e-20,2.0334933e-19,-0.35606915,5.4527702,1.6258215,0.050000001,0.73787826,0.14589763,-1.3465776e-22,5.4527702,1.62582,0.001
194,0.053377371,1.7300914e-20,-6.7607669e-20,-0.32965696,5.5241275,1.6257496,0.050000001,0.73622119,0.16075264,4.1855158e-23,5.5241299,1.6257499,0.001
194,0.051601864,3.2180308e-20,-1.3216374e-19,-0.29666719,5.59549,1.6256775,0.050000001,0.73694462,0.17620255,8.4468083e-23,5.59549,1.62568,0.001
194,0.049510546,-3.3065637e-20,1.4147786e-19,-0.26163596,5.6668582,1.6256095,0.050000001,0.74015313,0.192082,-8.9443138e-23,5.6668601,1.62561,0.001
194,0.047114715,-3.9042191e-20,1.3763317e-19,-0.22852981,5.7382221,1.625546,0.050000001,0.74580801,0.20814739,-7.9077607e-23,5.7382202,1.62555,0.001
194,0.044421669,-6.4332463e-22,-4.6756534e-21,-0.20042101,5.8095903,1.6254776,0.050000001,0.75376344,0.22411671,2.5349418e-24,5.8095899,1.6254801,0.001
194,0.041435763,6.8955708e-20,-2.115966e-19,-0.1794862,5.8809581,1.625414,0.050000001,0.76382685,0.23969194,9.9290937e-23,5.88096,1.62541,0.001
194,0.03815503,4.9958914e-20,-1.391251e-19,-0.16705343,5.9523215,1.6253498,0.050000001,0.77578902,0.25458133,5.7269257e-23,5.9523201,1.62535,0.001
194,0.034571681,2.6938167e-20,-7.5516536e-20,-0.16379826,6.0236917,1.6252875,0.050000001,0.78945917,0.26850614,2.3938088e-23,6.0236902,1.62529,0.001
194,0.030672846,2.902453e-20,-7.3296009e-20,-0.16998009,6.0950685,1.6252325,0.050000001,0.80468607,0.28119117,2.0318441e-23,6.0950699,1.62523,0.001
194,0.026440278,3.20221e-20,-7.4131539e-20,-0.18559615,6.16644,1.6251725,0.050000001,0.82136726,0.29235482,9.554961e-24,6.16644,1.62517,0.001
194,0.021850189,3.016781e-20,-7.6620777e-20,-0.21048921,6.237812,1.6251123,0.050000001,0.83944726,0.30169904,1.2467679e-23,6.2378101,1.62511,0.001
194,0.016876662,-4.2916618e-20,1.2042384e-19,-0.24438475,6.3091879,1.6250542,0.050000001,0.85890782,0.30889353,-1.9711323e-23,6.3091898,1.6250499,0.001
194,0.01149414,-4.4582007e-20,1.2030423e-19,-0.28689003,6.3805618,1.6249983,0.050000001,0.87975031,0.3135733,-1.5616701e-23,6.3805599,1.625,0.001
194,0.0056798249,2.6733694e-20,-8.7908284e-20,-0.33741623,6.4519401,1.6249419,0.050000001,0.90197337,0.31534624,5.7195618e-24,6.4519401,1.62494,0.001
194,-0.00057645427,2.6771426e-20,-8.7558832e-20,-0.39510202,6.5233202,1.6248903,0.050000001,0.92555845,0.31379348,5.7062924e-24,6.5233202,1.62489,0.001
194,-0.0072685964,-4.0016905e-26,3.9971674e-23,-0.45875773,6.5946999,1.6248385,0.050000001,0.95044219,0.30850348,0,6.5946999,1.62484,0.001
194,-0.014366019,-3.1469805e-22,2.6452567e-25,-0.52681381,6.66608,1.6247817,0.050000001,0.97650272,0.29909894,0,6.66608,1.6247801,0.001
194,-0.021806518,-1.5524389e-22,-2.360599e-22,-0.59726864,6.7374597,1.6247295,0.050000001,1.0035545,0.28526467,0,6.7374601,1.62473,0.001
194,-0.029491944,-2.4118898e-20,9.6661031e-20,-0.66767555,6.8088417,1.6246817,0.050000001,1.0313369,0.26679072,3.3723952e-23,6.8088398,1.62468,0.001
194,-0.037285663,-1.5745827e-20,1.05524e-19,-0.73523712,6.8802257,1.6246383,0.050000001,1.059518,0.24360125,2.8841992e-23,6.8802299,1.62464,0.001
194,-0.045014556,1.1546391e-20,1.0725131e-20,-0.7968452,6.9516077,1.6245903,0.050000001,1.0876826,0.21579263,9.211369e-25,6.9516101,1.62459,0.001
194,-0.052474227,3.2640999e-21,2.1360322e-21,-0.84911019,7.0229917,1.624542,0.050000001,1.1153669,0.18363579,1.8521855e-23,7.0229902,1.62454,0.001
194,-0.059441451,6.89915e-21,5.3847822e-21,-0.88850319,7.0943794,1.624498,0.050000001,1.1420449,0.1475967,1.0435458e-23,7.0943799,1.6245,0.001
194,-0.065688409,1.5231785e-20,-1.0483922e-19,-0.91166812,7.1657681,1.624452,0.050000001,1.1671299,0.10835477,-5.3153176e-23,7.1657701,1.62445,0.001
194,-0.070999026,4.6835944e-21,2.9963083e-22,-0.9156816,7.2371521,1.6244078,0.050000001,1.1900197,0.066777706,1.637862e-23,7.2371502,1.62441,0.001
194,-0.07519123,3.4636577e-21,2.2737856e-19,-0.89852142,7.3085399,1.6243663,0.050000001,1.210095,0.02390198,1.3020111e-22,7.3085399,1.62437,0.001
194,-0.078133516,1.5015632e-20,1.2020273e-19,-0.85953194,7.37993,1.6243194,0.050000001,1.2267696,-0.019102432,6.5690808e-23,7.37993,1.62432,0.001
194,-0.079758875,6.5659852e-21,-1.1018533e-19,-0.8000443,7.4513197,1.6242772,0.050000001,1.2395471,-0.061021041,-6.8328058e-23,7.4513202,1.62428,0.001
194,-0.080075473,1.5456934e-21,-1.1547353e-19,-0.72350317,7.5227098,1.6242373,0.050000001,1.2480721,-0.10069176,-6.1770264e-23,7.5227098,1.62424,0.001
194,-0.079162672,2.1537289e-20,1.1551893e-19,-0.63490397,7.5941019,1.6241975,0.050000001,1.2522022,-0.13711418,6.6665815e-23,7.5941,1.6242,0.001
194,-0.077159539,5.896023e-21,1.1186614e-21,-0.54028338,7.6654954,1.6241598,0.050000001,1.2520148,-0.16953608,-4.2789728e-24,7.6655002,1.6241601,0.001
194,-0.074247077,-3.1377927e-20,-2.3254477e-19,-0.44578978,7.7368875,1.6241217,0.050000001,1.2478098,-0.1975022,-1.2772035e-22,7.7368898,1.62412,0.001
194,-0.070625968,2.657798e-20,1.1134119e-19,-0.35679331,7.8082824,1.6240858,0.050000001,1.2400724,-0.22087131,4.373353e-23,7.80828,1.62409,0.001
194,-0.066497982,2.4388367e-20,1.1409077e-19,-0.27723461,7.8796754,1.6240473,0.050000001,1.2294073,-0.23977745,5.5439605e-23,7.8796802,1.62405,0.001
194,-0.062046949,-6.8725713e-20,-3.389499e-19,-0.20940819,7.9510694,1.6240115,0.050000001,1.2164775,-0.25456268,-1.5373068e-22,7.9510698,1.62401,0.001
194,-0.058882233,-3.0525911e-20,-1.4712357e-19,-0.17144634,7.9999986,1.6239885,0.050000001,1.2065029,-0.26219866,-7.3150794e-23,8,1.6239895,0.001
194,-0.16856471,-3.973747e-21,-3.250879e-19,-0.0013689583,0.99999881,1.7145878,0.050000001,1.2569692,0.015644271,-3.8384159e-22,1,1.7145907,0.001
194,-0.1692694,-1.4853553e-20,-1.811845e-21,-0.0014629591,1.0322995,1.7144972,0.050000001,1.2579473,0.011771865,5.919589e-24,1.0323,1.7145,0.001
194,-0.17077111,-6.8369046e-21,-7.3988527e-21,-0.0016948737,1.103547,1.7143,0.050000001,1.2598873,0.0028670114,-7.2905275e-23,1.10355,1.7143,0.001
194,-0.17218879,1.0312976e-20,-2.4723097e-19,-0.0019227673,1.1747894,1.7140981,0.050000001,1.2615497,-0.006427777,-3.3280148e-22,1.17479,1.7141,0.001
194,-0.17348371,1.0633609e-20,7.0505825e-19,-0.002105382,1.2460294,1.7138915,0.050000001,1.2628725,-0.016130267,8.6666041e-22,1.24603,1.71389,0.001
194,-0.17461011,-5.9717957e-21,-2.2859552e-19,-0.0022603758,1.3172715,1.7136873,0.050000001,1.2637799,-0.026247064,-3.105471e-22,1.31727,1.71369,0.001
194,-0.17551878,2.9688229e-21,-2.411141e-19,-0.0023743708,1.3885154,1.7134856,0.050000001,1.2641947,-0.036771525,-3.0969485e-22,1.38852,1.71349,0.001
194,-0.17615768,1.6623417e-21,-8.5343471e-21,-0.0024641734,1.4597555,1.7132795,0.050000001,1.2640349,-0.047682058,-1.6459068e-23,1.45976,1.71328,0.001
194,-0.17647287,4.7008855e-20,7.0281654e-19,-0.0025131954,1.5309956,1.7130775,0.050000001,1.2632223,-0.058943503,8.4671134e-22,1.531,1.71308,0.001
194,-0.17641196,-2.6701408e-20,-2.27805e-19,-0.0025006372,1.6022356,1.7128795,0.050000001,1.26168,-0.07050617,-2.7753361e-22,1.60224,1.71288,0.001
194,-0.17592448,8.9653203e-21,-7.8767216e-21,-0.0024691753,1.6734754,1.7126795,0.050000001,1.2593325,-0.082306497,-3.409929e-24,1.67348,1.71268,0.001
194,-0.1749645,5.099036e-20,6.9966116e-19,-0.0024143404,1.7447177,1.7124795,0.050000001,1.2561226,-0.094267756,8.7763792e-22,1.74472,1.7124799,0.001
194,-0.17349288,2.8846257e-20,2.3379464e-19,-0.0022848889,1.8159617,1.7122816,0.050000001,1.2519952,-0.10630129,2.5950808e-22,1.81596,1.71228,0.001
194,-0.17147771,1.5223933e-20,2.3432292e-19,-0.0021208641,1.8872073,1.7120878,0.050000001,1.2469075,-0.11830878,2.668855e-22,1.88721,1.71209,0.001
194,-0.16889662,-5.4696549e-20,-4.5961246e-19,-0.0019544025,1.9584558,1.7118958,0.050000001,1.2408375,-0.13018464,-5.2353985e-22,1.95846,1.7119,0.001
194,-0.1657382,4.3808894e-20,4.5391583e-19,-0.0017803161,2.0297055,1.7117038,0.050000001,1.2337728,-0.14181808,5.5982179e-22,2.0297101,1.7117,0.001
194,-0.16199991,4.6229393e-20,4.5757848e-19,-0.001598076,2.1009574,1.711516,0.050000001,1.2257175,-0.15309599,5.3239458e-22,2.10096,1.71152,0.001
194,-0.15769213,6.5990912e-20,4.5172111e-19,-0.001395423,2.1722095,1.7113276,0.050000001,1.2167028,-0.16390906,5.2753014e-22,2.17221,1.7113301,0.001
194,-0.15283471,7.6068324e-20,4.4977584e-19,-0.0012052169,2.2434652,1.7111435,0.050000001,1.2067651,-0.17415005,5.0906651e-22,2.24347,1.7111501,0.001
194,-0.14745873,4.6810968e-20,2.1234498e-19,-0.0010614746,2.3147278,1.7109635,0.050000001,1.1959552,-0.18371931,1.8576658e-22,2.3147299,1.71097,0.001
194,-0.14160341,8.0156994e-20,4.2978948e-19,-0.0009420304,2.3859897,1.7107878,0.050000001,1.1843429,-0.19252664,3.9944205e-22,2.3859899,1.71079,0.001
194,-0.13531512,1.0488509e-20,-1.0951688e-21,-0.00080023031,2.4572513,1.7106118,0.050000001,1.1720057,-0.20049278,-4.7224123e-23,2.4572501,1.71061,0.001
194,-0.12864648,-1.1723048e-19,-6.4577727e-19,-0.00065748865,2.5285194,1.7104375,0.050000001,1.1590304,-0.20755099,-6.6225502e-22,2.5285201,1.71044,0.001
194,-0.12165457,-1.7031154e-19,-8.5541663e-19,-0.00057745818,2.5997891,1.7102695,0.050000001,1.1455106,-0.21364838,-8.2660622e-22,2.5997901,1.71027,0.001
194,-0.11439835,-4.4406164e-20,-2.2270365e-19,-0.00051528978,2.6710629,1.710108,0.050000001,1.1315403,-0.21874554,-2.1270563e-22,2.6710701,1.7101099,0.001
194,-0.10693981,8.3762461e-20,4.1666783e-19,-0.00042031269,2.7423396,1.7099415,0.050000001,1.117218,-0.22281784,3.6907134e-22,2.7423401,1.70994,0.001
194,-0.099336743,-3.9098123e-20,-1.9788028e-19,-0.00037563845,2.8136199,1.7097815,0.050000001,1.1026379,-0.2258499,-1.4809502e-22,2.8136201,1.70978,0.001
194,-0.0916458,-8.0673148e-20,-4.1147482e-19,-0.0003600108,2.8849022,1.7096282,0.050000001,1.0878904,-0.2278403,-3.2039138e-22,2.8849001,1.70963,0.001
194,-0.083921351,4.9408147e-20,1.9503261e-19,-0.00032659169,2.9561858,1.7094719,0.050000001,1.0730652,-0.22879986,1.4950886e-22,2.9561901,1.70947,0.001
194,-0.07621289,-3.7045287e-20,-1.9262084e-19,-0.00031719901,3.0274694,1.7093217,0.050000001,1.0582429,-0.22874218,-1.0000133e-22,3.0274701,1.7093199,0.001
194,-0.068564579,2.278845e-21,-8.4934954e-21,-0.00029577623,3.0987616,1.7091783,0.050000001,1.043493,-0.22769091,-1.6346541e-23,3.0987599,1.70918,0.001
194,-0.061016299,1.3056307e-19,5.7870047e-19,-0.00027882683,3.1700575,1.7090319,0.050000001,1.0288852,-0.22567666,3.3398583e-22,3.1700599,1.70903,0.001
194,-0.053602386,-2.3230202e-21,1.0214019e-20,-0.00028266903,3.2413521,1.7088876,0.050000001,1.0144804,-0.22272983,2.2555423e-23,3.2413499,1.70889,0.001
194,-0.04635134,-5.2788995e-21,2.9462657e-21,-0.00030224168,3.31265,1.7087475,0.050000001,1.000329,-0.21888483,2.1503133e-24,3.31265,1.70875,0.001
194,-0.039286967,1.5307356e-19,7.3495359e-19,-0.00033766098,3.3839524,1.7086117,0.050000001,0.98647696,-0.21417525,2.5509177e-22,3.38395,1.7086101,0.001
194,-0.032428328,7.6114672e-20,3.7038739e-19,-0.0003591931,3.455256,1.70848,0.050000001,0.97296405,-0.20863552,1.2759877e-22,3.45526,1.70848,0.001
194,-0.025790999,-7.677168e-20,-3.5407324e-19,-0.0003835127,3.5265596,1.7083498,0.050000001,0.95982498,-0.20229994,-8.293532e-23,3.5265601,1.7083499,0.001
194,-0.019385617,-4.3196696e-21,-7.6027153e-22,-0.00042057678,3.5978699,1.7082212,0.050000001,0.94708908,-0.19519861,-1.3283859e-23,3.5978701,1.70822,0.001
194,-0.013220037,-3.2263711e-20,-1.7300269e-19,-0.00046155494,3.6691818,1.7080978,0.050000001,0.93478358,-0.1873599,-1.1367512e-23,3.6691799,1.7081,0.001
194,-0.007299406,-3.3606342e-20,-1.7440369e-19,-0.00051099126,3.7404954,1.707976,0.050000001,0.92293274,-0.17880917,-2.0969799e-23,3.7405,1.70798,0.001
194,-0.0016270367,3.6796439e-21,1.6278234e-21,-0.00057112094,3.8118093,1.707858,0.050000001,0.9115591,-0.1695704,1.4356439e-23,3.81181,1.70786,0.001
194,0.0037963914,-2.8434847e-20,-1.702344e-19,-0.00065001514,3.8831296,1.7077422,0.050000001,0.90068442,-0.15966222,3.0507955e-24,3.8831301,1.7077399,0.001
194,0.0089705568,4.0710243e-21,-2.5840456e-21,-0.00074982818,3.9544516,1.7076287,0.050000001,0.89033121,-0.14910236,5.2484028e-24,3.9544499,1.70763,0.001
194,0.013896263,2.8592273e-20,1.6221516e-19,-0.00086610671,4.0257754,1.7075118,0.050000001,0.88051999,-0.13790669,-1.8430558e-23,4.0257802,1.70751,0.001
194,0.018574884,2.599321e-21,5.4710307e-21,-0.001031858,4.0970993,1.7074018,0.050000001,0.87127787,-0.12608609,1.5005436e-23,4.0970998,1.7074,0.001
194,0.023007715,-9.3487921e-21,-8.0892952e-20,-0.0012655526,4.1684294,1.7072983,0.050000001,0.86262935,-0.11365192,2.1118551e-23,4.1684299,1.7072999,0.001
194,0.027195549,1.9822978e-20,1.5754479e-19,-0.0015975168,4.2397618,1.7071919,0.050000001,0.85460061,-0.10061628,-4.5647449e-23,4.2397599,1.70719,0.001
194,0.031138789,2.3149378e-20,3.1453576e-19,-0.0021246995,4.3110957,1.7070875,0.050000001,0.84722257,-0.08699014,-1.2049739e-22,4.3111,1.70709,0.001
194,0.034836292,-6.6567477e-21,2.0232777e-21,-0.0029965395,4.3824296,1.7069852,0.050000001,0.84052396,-0.072790265,-5.525973e-24,4.3824301,1.70699,0.001
194,0.038286585,-1.8599172e-20,-1.5645465e-19,-0.0044973348,4.4537702,1.7068897,0.050000001,0.83452982,-0.058038544,5.0543612e-23,4.4537702,1.70689,0.001
194,0.04148652,-4.0973329e-21,7.7487038e-22,-0.0071641337,4.5251107,1.7067938,0.050000001,0.82925683,-0.042771194,-5.1092896e-24,4.5251098,1.70679,0.001
194,0.044431176,-1.0818345e-20,-2.3215592e-19,-0.011858994,4.5964508,1.7066976,0.050000001,0.82470214,-0.027046613,1.0643323e-22,4.5964499,1.7067,0.001
194,0.047114089,-1.8854746e-21,-2.3013568e-19,-0.019841546,4.6677899,1.7066056,0.050000001,0.82082683,-0.010955678,1.1764135e-22,4.6677899,1.70661,0.001
194,0.049526583,3.8435521e-21,-7.5254701e-20,-0.032732446,4.7391319,1.7065175,0.050000001,0.81754053,0.0053692842,4.4302163e-23,4.73913,1.70652,0.001
194,0.051658172,-9.3969147e-21,2.981732e-19,-0.052253552,4.8104796,1.7064317,0.050000001,0.81469637,0.021753998,-1.7775351e-22,4.8104801,1.70643,0.001
194,0.053497013,5.5207444e-21,-3.079545e-21,-0.079771779,4.8818302,1.7063483,0.050000001,0.81208986,0.03799152,4.1098667e-24,4.8818302,1.70635,0.001
194,0.055030748,-4.3456087e-21,3.0815039e-21,-0.11578478,4.9531803,1.706262,0.050000001,0.80947673,0.053865362,-2.9080967e-24,4.9531798,1.70626,0.001
194,0.056247119,-3.8052234e-20,4.4872046e-19,-0.15939437,5.0245299,1.7061782,0.050000001,0.8066268,0.069189325,-2.8241685e-22,5.0245299,1.70618,0.001
194,0.057134468,-1.1425387e-20,7.1167686e-20,-0.20815007,5.0958819,1.706098,0.050000001,0.80337101,0.083844744,-4.9361318e-23,5.09588,1.7061,0.001
194,0.057682905,4.2075114e-20,-3.7311478e-19,-0.25829676,5.1672354,1.7060198,0.050000001,0.79965568,0.097808406,2.4168868e-22,5.1672401,1.70602,0.001
194,0.057885375,3.7951182e-20,-2.9813127e-19,-0.30540386,5.2385893,1.7059418,0.050000001,0.79558021,0.11115965,1.9419915e-22,5.2385898,1.70594,0.001
194,0.05773779,1.1857912e-20,-6.8508539e-20,-0.34523067,5.3099499,1.7058682,0.050000001,0.79140109,0.12406599,4.7391488e-23,5.3099499,1.70587,0.001
194,0.05723913,3.858773e-20,-2.1521721e-19,-0.37455413,5.38131,1.705792,0.050000001,0.78749329,0.13674186,1.4275852e-22,5.38131,1.70579,0.001
194,0.056392666,2.7848851e-20,-1.4536714e-19,-0.39179713,5.4526696,1.7057176,0.050000001,0.78431123,0.14940202,9.5045774e-23,5.4526701,1.7057199,0.001
194,0.055203546,3.1902204e-20,-1.3819668e-19,-0.39712164,5.5240293,1.70565,0.050000001,0.78231257,0.16221389,8.8645764e-23,5.5240302,1.70565,0.001
194,0.053678393,1.5126494e-20,-6.6942603e-20,-0.3922466,5.5953956,1.7055823,0.050000001,0.78189582,0.17526779,4.4363549e-23,5.5953999,1.70558,0.001
194,0.051826175,-5.3532897e-20,2.1109466e-19,-0.37999332,5.6667624,1.7055118,0.050000001,0.78337288,0.18855786,-1.2615831e-22,5.66676,1.70551,0.001
194,0.04965372,-3.7914563e-20,1.3967164e-19,-0.36365029,5.7381277,1.7054458,0.050000001,0.78694069,0.20198964,-7.9505182e-23,5.7381301,1.7054501,0.001
194,0.047166452,-4.0348049e-22,6.4845806e-21,-0.34648541,5.8094954,1.7053795,0.050000001,0.7926805,0.21539401,8.3779848e-25,5.8095002,1.70538,0.001
194,0.044368058,2.1651845e-20,-7.0411856e-20,-0.33140096,5.880868,1.70532,0.050000001,0.8005991,0.22854474,3.4445072e-23,5.8808699,1.70532,0.001
194,0.041256528,-2.3197151e-20,7.8581118e-20,-0.32071227,5.9522381,1.7052578,0.050000001,0.81063473,0.24118051,-3.2892376e-23,5.95224,1.70526,0.001
194,0.037826009,2.0182637e-21,-1.2078542e-21,-0.31613842,6.0236077,1.705196,0.050000001,0.82269484,0.2530176,-5.9124861e-24,6.0236101,1.7052,0.001
194,0.034066424,7.1790592e-20,-2.3454644e-19,-0.3188234,6.0949798,1.705138,0.050000001,0.83668029,0.26375535,8.8978575e-23,6.0949798,1.70514,0.001
194,0.029963288,1.0591263e-21,5.5931594e-21,-0.32940355,6.1663518,1.70508,0.050000001,0.85250098,0.27307767,8.6740502e-25,6.1663499,1.70508,0.001
194,0.025498407,-2.356117e-20,8.3590452e-20,-0.34813878,6.23773,1.7050225,0.050000001,0.87007821,0.28065327,-2.5487233e-23,6.23773,1.70502,0.001
194,0.020653933,2.4959589e-21,3.0960369e-21,-0.37495339,6.3091059,1.704964,0.050000001,0.88934833,0.28612861,-2.8656804e-24,6.3091102,1.70496,0.001
194,0.015414391,-2.7048076e-20,8.583988e-20,-0.40947136,6.3804793,1.70491,0.050000001,0.91025203,0.28913128,-1.0122007e-23,6.3804798,1.70491,0.001
194,0.0097690756,-2.9366521e-20,8.2696471e-20,-0.45101249,6.45186,1.7048583,0.050000001,0.93271476,0.28928307,-7.2663745e-24,6.45186,1.70486,0.001
194,0.0037209431,-4.5568364e-23,-1.3564722e-22,-0.49853131,6.5232401,1.7048014,0.050000001,0.95663881,0.28620294,7.4763268e-27,6.5232401,1.7048,0.001
194,-0.0027089645,-5.5659141e-29,5.0369003e-26,-0.55065191,6.5946198,1.7047495,0.050000001,0.98188818,0.27952957,0,6.5946202,1.7047499,0.001
194,-0.0094763748,0,0,-0.60560048,6.6659994,1.7046995,0.050000001,1.0082686,0.26895213,0,6.6659999,1.7047,0.001
194,-0.01650808,0,0,-0.66125095,6.7373819,1.7046498,0.050000001,1.0355246,0.25423491,0,6.73738,1.70465,0.001
194,-0.023698326,-2.1074896e-22,-2.4117578e-22,-0.71504134,6.8087678,1.7046018,0.050000001,1.0633273,0.23524667,0,6.8087702,1.7046,0.001
194,-0.030908613,-1.8815349e-20,1.0196158e-19,-0.76414621,6.8801522,1.7045583,0.050000001,1.0912801,0.21199362,3.4446451e-23,6.8801498,1.70456,0.001
194,-0.037972722,-1.5729158e-20,1.0545728e-19,-0.80553377,6.9515352,1.704512,0.050000001,1.1189123,0.18464564,4.0413783e-23,6.95154,1.70451,0.001
194,-0.044700779,1.8440219e-20,-1.0220587e-19,-0.83595562,7.0229197,1.7044637,0.050000001,1.1456968,0.1535418,-3.4454563e-23,7.0229201,1.70446,0.001
194,-0.050893612,3.2105434e-21,6.0259881e-20,-0.85243797,7.0943103,1.7044202,0.050000001,1.171055,0.11920647,2.9060771e-23,7.0943098,1.70442,0.001
194,-0.05635662,-1.9235645e-21,1.1611886e-19,-0.85246164,7.1656957,1.7043782,0.050000001,1.1943676,0.082354784,3.673221e-23,7.1657,1.70438,0.001
194,-0.060916241,1.303972e-20,-1.6465282e-19,-0.83420569,7.2370796,1.7043338,0.050000001,1.2150217,0.043861508,-7.9425539e-23,7.2370801,1.70433,0.001
194,-0.064432777,8.5889216e-21,1.1681766e-19,-0.79712158,7.3084698,1.7042919,0.050000001,1.2324345,0.0047239643,6.471168e-23,7.3084698,1.70429,0.001
194,-0.066819988,-1.7651437e-21,-8.8706245e-22,-0.74224591,7.3798594,1.7042495,0.050000001,1.2460995,-0.033983603,9.7682571e-24,7.3798599,1.70425,0.001
194,-0.068052508,1.4071791e-20,2.6958876e-21,-0.67241269,7.451252,1.7042098,0.050000001,1.2556571,-0.071208566,2.1966587e-24,7.4512501,1.70421,0.001
194,-0.068165019,1.4773892e-20,1.1900363e-19,-0.59194416,7.522646,1.7041675,0.050000001,1.2609297,-0.10600732,4.1419205e-23,7.5226498,1.70417,0.001
194,-0.067248248,-5.0807873e-21,-1.1653036e-19,-0.50593549,7.594038,1.7041278,0.050000001,1.2619523,-0.13762298,-5.4142364e-23,7.5940399,1.7041301,0.001
194,-0.065435335,-3.0709465e-20,-2.335813e-19,-0.4197357,7.6654296,1.704092,0.050000001,1.2589723,-0.16554385,-9.8340795e-23,7.6654301,1.70409,0.001
194,-0.062884882,-1.4680743e-20,-1.1806622e-19,-0.33806178,7.7368221,1.7040558,0.050000001,1.2524149,-0.18951944,-5.8916279e-23,7.7368202,1.70406,0.001
194,-0.059765343,4.7855727e-20,2.8733137e-19,-0.26450375,7.808218,1.7040178,0.050000001,1.2428348,-0.20954886,1.1810981e-22,7.8082199,1.70402,0.001
194,-0.056238137,-1.0578282e-21,2.305974e-21,-0.20127942,7.879612,1.7039818,0.050000001,1.2308526,-0.22582805,1.3044484e-24,7.8796101,1.70398,0.001
194,-0.052447002,-5.4565738e-20,-2.8240724e-19,-0.14917557,7.9510098,1.7039483,0.050000001,1.21709,-0.23869595,-1.1305233e-22,7.9510102,1.70395,0.001
194,-0.04974857,-1.7205564e-20,-8.9627624e-20,-0.12085059,7.9999986,1.7039233,0.050000001,1.2068168,-0.24547248,-3.5506068e-23,8,1.7039225,0.001
194,-0.16002266,9.5974812e-22,-3.8453975e-19,-0.00022976405,0.99999696,1.7942153,0.050000001,1.2475517,0.013487797,-4.529401e-22,1,1.7942152,0.001
194,-0.16063383,4.683102e-21,-7.02193e-19,-0.00024994934,1.0319663,1.7941309,0.050000001,1.2483625,0.0097616222,-8.071698e-22,1.03197,1.79413,0.001
194,-0.16190688,-8.0367334e-21,-5.8508815e-21,-0.00028417044,1.1032215,1.7939476,0.050000001,1.2499248,0.0011494393,-4.3963408e-24,1.10322,1.79395,0.001
194,-0.16306616,2.7338477e-21,2.299862e-19,-0.00036225861,1.1744775,1.7937573,0.050000001,1.2511948,-0.007788308,2.558261e-22,1.17448,1.7937599,0.001
194,-0.16407956,-1.4568135e-20,3.4426308e-21,-0.00043822464,1.2457271,1.7935656,0.050000001,1.2521123,-0.017061569,2.4625693e-23,1.24573,1.79357,0.001
194,-0.16491023,7.841131e-21,2.2628342e-19,-0.0005079761,1.3169773,1.7933718,0.050000001,1.2526175,-0.026671609,2.6280882e-22,1.31698,1.79337,0.001
194,-0.16551788,3.0271172e-20,9.3126444e-19,-0.0005414263,1.3882297,1.79318,0.050000001,1.2526449,-0.036608607,1.0565428e-21,1.38823,1.79318,0.001
194,-0.16586082,-1.8542234e-20,-2.3347212e-19,-0.00057883805,1.4594777,1.7929856,0.050000001,1.2521273,-0.046851002,-2.786187e-22,1.45948,1.79299,0.001
194,-0.16589671,3.0890814e-20,7.0270404e-19,-0.00062521483,1.5307213,1.7927896,0.050000001,1.2510051,-0.057365201,8.6574983e-22,1.53072,1.7927901,0.001
194,-0.16558214,-4.4257071e-21,6.3734997e-21,-0.0006447006,1.6019691,1.7925978,0.050000001,1.2492099,-0.06810686,-2.7177505e-23,1.60197,1.7926,0.001
194,-0.16487762,9.133381e-21,-1.2477291e-20,-0.00065751636,1.6732196,1.7924055,0.050000001,1.2466824,-0.079019494,-4.647658e-23,1.67322,1.79241,0.001
194,-0.16374758,4.13567e-21,2.3771201e-19,-0.00063123117,1.7444695,1.7922161,0.050000001,1.2433773,-0.090035692,2.8194068e-22,1.74447,1.79222,0.001
194,-0.1621609,-1.0237044e-20,-2.3968212e-19,-0.00058769749,1.81572,1.7920238,0.050000001,1.2392477,-0.10107906,-3.0844719e-22,1.81572,1.79202,0.001
194,-0.16009158,1.7093182e-20,2.3358254e-19,-0.00055280351,1.88697,1.7918363,0.050000001,1.2342623,-0.11206454,2.5365826e-22,1.88697,1.79184,0.001
194,-0.15752371,-6.7270496e-20,-6.8494065e-19,-0.00051229208,1.9582214,1.7916483,0.050000001,1.2284076,-0.12290267,-8.0674142e-22,1.95822,1.7916501,0.001
194,-0.15444893,-6.3713083e-20,-4.5364911e-19,-0.00047016962,2.0294774,1.7914616,0.050000001,1.2216703,-0.13349895,-4.8048642e-22,2.02948,1.79146,0.001
194,-0.15086633,-3.6370421e-20,-2.2817806e-19,-0.00043700947,2.1007378,1.7912798,0.050000001,1.2140577,-0.14375749,-2.1174603e-22,2.10074,1.79128,0.001
194,-0.1467851,1.0967429e-19,8.8716899e-19,-0.00038043212,2.1719978,1.7910973,0.050000001,1.2055951,-0.15358426,9.6955776e-22,2.1719999,1.7911,0.001
194,-0.14222291,1.7872235e-19,1.3402334e-18,-0.00032244824,2.2432551,1.790917,0.050000001,1.1963153,-0.16288754,1.396849e-21,2.2432599,1.79092,0.001
194,-0.13720535,3.1719152e-20,2.25458e-19,-0.00028080383,2.3145194,1.790741,0.050000001,1.1862655,-0.17158188,2.0753653e-22,2.3145199,1.79074,0.001
194,-0.13176493,3.2534632e-20,2.1045248e-19,-0.00024599547,2.3857877,1.7905695,0.050000001,1.1755028,-0.17958911,1.8641412e-22,2.3857901,1.79057,0.001
194,-0.12594114,1.0274605e-19,6.4752505e-19,-0.00022234314,2.4570553,1.7903998,0.050000001,1.1640878,-0.18684012,5.8583042e-22,2.4570601,1.7904,0.001
194,-0.11977818,-3.3864461e-20,-2.1114053e-19,-0.00020509762,2.5283253,1.7902294,0.050000001,1.1520978,-0.1932752,-2.4245641e-22,2.5283301,1.79023,0.001
194,-0.11332342,-1.3789501e-19,-8.5455486e-19,-0.0001906813,2.599597,1.7900678,0.050000001,1.1396154,-0.19884628,-7.7628068e-22,2.5996001,1.7900701,0.001
194,-0.10662717,-7.5846627e-20,-4.2899701e-19,-0.00016885054,2.6708775,1.7899103,0.050000001,1.1267178,-0.20351733,-3.8757708e-22,2.6708801,1.78991,0.001
194,-0.099741101,-8.9872253e-21,-4.8737066e-21,-0.00014093476,2.7421598,1.789748,0.050000001,1.1134878,-0.20726281,-2.4156077e-23,2.7421601,1.78975,0.001
194,-0.092715234,4.8570446e-21,4.3631798e-22,-0.00010740811,2.8134403,1.7895873,0.050000001,1.1000128,-0.2100665,2.0201658e-23,2.8134401,1.78959,0.001
194,-0.085598074,8.6386745e-21,7.5051005e-22,-0.00010997826,2.8847258,1.789438,0.050000001,1.0863726,-0.21192139,2.0203271e-23,2.8847301,1.78944,0.001
194,-0.078436971,5.1324744e-21,5.0497968e-22,-0.00011228103,2.956012,1.7892903,0.050000001,1.0726429,-0.21283244,1.8598019e-23,2.9560101,1.78929,0.001
194,-0.071274772,3.9193827e-20,1.982179e-19,-0.00011774074,3.0272996,1.7891418,0.050000001,1.0588979,-0.21280916,1.1920146e-22,3.0272999,1.78914,0.001
194,-0.064151101,6.645233e-20,3.9092905e-19,-0.0001343137,3.0985956,1.7889985,0.050000001,1.0452002,-0.21186733,1.7927428e-22,3.0985999,1.789,0.001
194,-0.057102192,2.7671043e-20,1.9189344e-19,-0.0001376315,3.1698916,1.7888583,0.050000001,1.0316155,-0.21002968,7.0194503e-23,3.1698899,1.78886,0.001
194,-0.05015872,3.2420585e-20,1.8852777e-19,-0.00015794793,3.2411895,1.7887177,0.050000001,1.0182003,-0.20732053,6.5130704e-23,3.24119,1.78872,0.001
194,-0.043347877,3.5452631e-20,1.8847646e-19,-0.00018091557,3.3124917,1.7885795,0.050000001,1.0050066,-0.20376721,7.3001636e-23,3.31249,1.7885799,0.001
194,-0.036692131,3.0184389e-20,1.8480423e-19,-0.00020276503,3.3837979,1.7884477,0.050000001,0.9920789,-0.19939676,4.4742285e-23,3.3838,1.78845,0.001
194,-0.030210923,-4.3233099e-20,-1.7591927e-19,-0.00021752529,3.455102,1.788318,0.050000001,0.97945386,-0.1942393,-4.9133141e-23,3.4551001,1.7883199,0.001
194,-0.02391929,-7.4178753e-20,-3.5903656e-19,-0.00024547294,3.5264096,1.78819,0.050000001,0.96717,-0.18832214,-8.9994363e-23,3.5264101,1.78819,0.001
194,-0.017829048,3.3188131e-20,1.7547118e-19,-0.00028271985,3.5977218,1.7880638,0.050000001,0.95525891,-0.18167196,2.4732069e-23,3.5977199,1.78807,0.001
194,-0.011949126,-2.461882e-21,4.3605904e-21,-0.000317937,3.6690378,1.7879393,0.050000001,0.94374877,-0.17431544,2.3651277e-24,3.66904,1.78794,0.001
194,-0.0062864944,2.3961938e-20,1.731863e-19,-0.00036262002,3.7403517,1.7878215,0.050000001,0.93266892,-0.16627461,-6.5897018e-24,3.74035,1.78782,0.001
194,-0.00084558944,3.1942171e-20,1.7269359e-19,-0.00040942457,3.8116693,1.787708,0.050000001,0.92204332,-0.15757161,1.1312665e-23,3.8116701,1.78771,0.001
194,0.0043707965,-2.8312845e-20,-1.7245714e-19,-0.0004652919,3.8829935,1.7875918,0.050000001,0.91189593,-0.14822584,-8.4591517e-25,3.8829999,1.78759,0.001
194,0.0093605136,2.0218334e-21,-1.9098199e-22,-0.00054156926,3.9543176,1.78748,0.050000001,0.90225339,-0.1382551,4.3174629e-24,3.95432,1.78748,0.001
194,0.014122578,2.6993521e-20,1.6460936e-19,-0.00062941131,4.0256414,1.7873701,0.050000001,0.89313924,-0.12767603,-1.9306935e-23,4.02564,1.78737,0.001
194,0.018657021,2.306946e-20,1.6747963e-19,-0.00074186042,4.0969696,1.7872617,0.050000001,0.88458079,-0.11650104,-2.3535927e-23,4.0969701,1.7872601,0.001
194,0.022963313,-2.345699e-21,2.6531541e-21,-0.00088922837,4.1682997,1.7871605,0.050000001,0.87660646,-0.10474405,1.6017007e-25,4.1683002,1.78716,0.001
194,0.02704099,1.6161962e-20,1.6145388e-19,-0.0010864818,4.2396359,1.7870586,0.050000001,0.86924374,-0.092418894,-4.863519e-23,4.2396402,1.78706,0.001
194,0.030889379,2.9685309e-20,3.1863287e-19,-0.0013829726,4.3109698,1.7869537,0.050000001,0.86252564,-0.079539321,-1.0714564e-22,4.3109698,1.78695,0.001
194,0.034506872,1.4824287e-20,2.3685503e-19,-0.001848345,4.3823051,1.7868556,0.050000001,0.85648644,-0.066119798,-9.4380126e-23,4.3823099,1.78686,0.001
194,0.037890818,-7.1177842e-21,-8.0409743e-20,-0.0026143091,4.4536438,1.78676,0.050000001,0.85115719,-0.052181408,2.7798584e-23,4.45364,1.78676,0.001
194,0.04103804,-3.3875047e-21,7.281795e-20,-0.0039326237,4.5249867,1.786666,0.050000001,0.84656841,-0.037748955,-4.9675612e-23,4.5249801,1.78667,0.001
194,0.043943256,-6.0411553e-21,-3.1618894e-19,-0.0062548555,4.5963302,1.7865692,0.050000001,0.8427422,-0.022861235,1.5219305e-22,4.5963302,1.78657,0.001
194,0.046597984,-1.0595606e-20,-4.680159e-19,-0.010284998,4.6676693,1.7864815,0.050000001,0.8396852,-0.007576257,2.2672751e-22,4.6676698,1.7864799,0.001
194,0.049005147,4.0816985e-21,-1.0502773e-21,-0.017062554,4.7390175,1.7863955,0.050000001,0.83737254,0.0080248732,4.6396894e-24,4.7390199,1.7864,0.001
194,0.051155895,-4.3491081e-21,1.5292957e-19,-0.027918663,4.8103681,1.7863097,0.050000001,0.83574235,0.023827733,-8.8416199e-23,4.81037,1.78631,0.001
194,0.053030159,1.5580921e-20,-1.5831746e-19,-0.044300627,4.8817182,1.7862285,0.050000001,0.83468425,0.039684352,9.6040237e-23,4.8817201,1.78623,0.001
194,0.054620467,9.2980642e-21,-1.5887447e-19,-0.067486465,4.9530702,1.7861418,0.050000001,0.83403659,0.05542101,8.8978758e-23,4.9530702,1.78614,0.001
194,0.055916939,-2.9963897e-20,3.9450379e-19,-0.09816125,5.0244198,1.7860595,0.050000001,0.83360946,0.070855118,-2.3298304e-22,5.0244198,1.78606,0.001
194,0.056908909,-2.6872878e-20,2.3493718e-19,-0.13606232,5.0957718,1.7859818,0.050000001,0.83320594,0.085819609,-1.4397675e-22,5.0957699,1.78598,0.001
194,0.05758664,-1.5705725e-20,7.9417636e-20,-0.17980544,5.16713,1.7859081,0.050000001,0.83266371,0.10019068,-4.9725844e-23,5.16713,1.78591,0.001
194,0.057942323,-8.0192309e-21,1.1382494e-20,-0.22696024,5.2384877,1.7858318,0.050000001,0.83189547,0.11390608,4.2348203e-25,5.2384901,1.78583,0.001
194,0.057969648,8.6712253e-21,-7.8752338e-20,-0.27436492,5.3098478,1.7857603,0.050000001,0.83092439,0.1269771,4.9209143e-23,5.3098502,1.78576,0.001
194,0.057664476,2.4413119e-20,-1.6504856e-19,-0.31873497,5.3812099,1.7856883,0.050000001,0.82988286,0.13948101,9.6947269e-23,5.3812099,1.7856899,0.001
194,0.05702595,2.7620336e-20,-1.5285785e-19,-0.3572377,5.45257,1.7856139,0.050000001,0.82901531,0.15153813,9.5180928e-23,5.45257,1.78561,0.001
194,0.056054018,1.4220745e-20,-7.2076932e-20,-0.38791838,5.5239296,1.7855486,0.050000001,0.82864487,0.16328278,4.7034377e-23,5.5239301,1.78555,0.001
194,0.054750383,-5.6820957e-22,6.3401889e-22,-0.41005924,5.5952973,1.7854803,0.050000001,0.82911664,0.17482981,0,5.5953002,1.78548,0.001
194,0.053118836,-1.7919231e-20,7.9139458e-20,-0.42408085,5.6666679,1.785412,0.050000001,0.83078134,0.18624562,-4.3377047e-23,5.6666698,1.78541,0.001
194,0.051161714,3.7686808e-20,-1.632226e-19,-0.43138662,5.7380319,1.785346,0.050000001,0.83394134,0.19753431,8.4209961e-23,5.73803,1.78535,0.001
194,0.048881046,3.6730929e-20,-1.6097904e-19,-0.43402755,5.8093991,1.7852795,0.050000001,0.83882934,0.20863162,8.5887761e-23,5.8094001,1.78528,0.001
194,0.046277706,2.7200722e-21,3.686412e-21,-0.4343003,5.8807716,1.78522,0.050000001,0.8456158,0.21940483,-5.8912014e-24,5.8807702,1.78522,0.001
194,0.043349046,-7.5120591e-22,-4.263795e-21,-0.4344672,5.952148,1.7851597,0.050000001,0.85439306,0.22966455,1.5460963e-24,5.9521499,1.7851599,0.001
194,0.040090889,-2.3510567e-20,7.3331888e-20,-0.4365508,6.02352,1.7850995,0.050000001,0.86519909,0.23917252,-3.4115044e-23,6.02352,1.7851,0.001
194,0.036495402,-2.258612e-20,8.9039317e-20,-0.44216472,6.0948896,1.7850415,0.050000001,0.87803143,0.24765359,-2.9535959e-23,6.0948901,1.78504,0.001
194,0.032552291,1.4636366e-21,3.2355634e-21,-0.45246735,6.1662655,1.7849855,0.050000001,0.89285851,0.25480264,-1.5596538e-24,6.1662698,1.78499,0.001
194,0.028250435,6.9201071e-20,-2.6269987e-19,-0.46819159,6.2376442,1.784928,0.050000001,0.90961874,0.26029307,7.2266475e-23,6.2376399,1.78493,0.001
194,0.023580402,3.5899542e-20,-1.3044854e-19,-0.48959318,6.30902,1.7848718,0.050000001,0.92824274,0.2637772,3.101979e-23,6.30902,1.78487,0.001
194,0.018537467,-1.008836e-20,4.6635742e-20,-0.51648539,6.3803954,1.7848197,0.050000001,0.94864118,0.26489586,-1.3157353e-23,6.3804002,1.78482,0.001
194,0.013124018,-2.6725839e-20,8.754614e-20,-0.54831833,6.4517775,1.78477,0.050000001,0.97068721,0.26329631,-5.7043041e-24,6.4517798,1.78477,0.001
194,0.0073562996,-2.6796022e-20,8.7639049e-20,-0.58412898,6.52316,1.7847178,0.050000001,0.99422282,0.2586385,-5.7095567e-24,6.52316,1.7847199,0.001
194,0.0012684658,4.0033585e-26,-3.9993569e-23,-0.62252003,6.5945401,1.7846657,0.050000001,1.0190408,0.25061712,0,6.5945401,1.78467,0.001
194,-0.0050835568,0,0,-0.66170508,6.6659222,1.784618,0.050000001,1.0448775,0.23898679,0,6.6659198,1.78462,0.001
194,-0.011618365,0,0,-0.69957972,6.737308,1.784568,0.050000001,1.0714103,0.22358489,0,6.7373099,1.78457,0.001
194,-0.018226907,-8.7984578e-26,1.0045335e-22,-0.73373646,6.8086896,1.7845197,0.050000001,1.0982397,0.20435867,0,6.8086901,1.78452,0.001
194,-0.024775164,9.0278532e-21,-5.1156859e-20,-0.76154327,6.8800759,1.784476,0.050000001,1.1249105,0.18138944,-1.4341521e-23,6.8800802,1.78448,0.001
194,-0.031108312,8.9987686e-21,-5.1402496e-20,-0.78033149,6.9514594,1.7844299,0.050000001,1.1508995,0.15491581,-1.4354023e-23,6.9514599,1.78443,0.001
194,-0.037059322,2.1562598e-22,-1.0052944e-22,-0.78755718,7.0228477,1.784386,0.050000001,1.1756377,0.12533051,0,7.02285,1.78439,0.001
194,-0.042459205,-1.2010874e-22,-3.7054897e-22,-0.78114778,7.0942383,1.7843398,0.050000001,1.1985248,0.093198009,-1.2552255e-26,7.0942402,1.78434,0.001
194,-0.047149707,-3.4193655e-21,1.1355197e-19,-0.75971252,7.1656218,1.7843,0.050000001,1.218962,0.059231963,4.6527486e-23,7.1656199,1.7843,0.001
194,-0.050999358,2.1982973e-21,1.1716551e-19,-0.72284931,7.2370095,1.7842603,0.050000001,1.2363871,0.024265554,4.0601191e-23,7.23701,1.78426,0.001
194,-0.053913109,6.6340499e-21,3.3314511e-21,-0.67147201,7.3084002,1.7842182,0.050000001,1.2503123,-0.010790166,4.365563e-24,7.3084002,1.78422,0.001
194,-0.055842869,-8.7126635e-21,-2.339243e-19,-0.60788089,7.3797898,1.784178,0.050000001,1.2603722,-0.045013696,-9.2123019e-23,7.3797898,1.78418,0.001
194,-0.056790914,1.6474397e-20,1.17177e-19,-0.53559709,7.4511857,1.7841382,0.050000001,1.2663798,-0.077553719,4.3311808e-23,7.45119,1.78414,0.001
194,-0.056807101,3.1814171e-20,3.5311655e-19,-0.4588905,7.5225801,1.7840958,0.050000001,1.2683347,-0.1076903,1.446312e-22,7.5225801,1.7841001,0.001
194,-0.055980902,-1.9917939e-20,-2.3333447e-19,-0.38213903,7.5939693,1.78406,0.050000001,1.2664273,-0.13489398,-9.4151584e-23,7.5939698,1.78406,0.001
194,-0.054429166,-4.1628494e-20,-3.5203158e-19,-0.30929527,7.6653624,1.7840242,0.050000001,1.2610248,-0.15884691,-1.4029346e-22,7.66536,1.7840199,0.001
194,-0.052282624,1.0035412e-20,5.6489321e-20,-0.24343057,7.7367578,1.783986,0.050000001,1.2526098,-0.17943922,1.9881418e-23,7.7367601,1.78399,0.001
194,-0.04967574,-1.9892459e-20,-1.1212433e-19,-0.18649933,7.8081517,1.7839497,0.050000001,1.2417401,-0.1967424,-2.0971093e-23,7.8081498,1.78395,0.001
194,-0.046733417,-7.0029539e-21,-5.9519031e-20,-0.13925242,7.87955,1.783914,0.050000001,1.2289901,-0.21096481,-2.0763477e-23,7.87955,1.78391,0.001
194,-0.043566126,-1.3151037e-21,2.6950219e-21,-0.10148449,7.9509482,1.7838802,0.050000001,1.2149024,-0.22240195,4.794979e-24,7.9509501,1.78388,0.001
194,-0.041299701,-2.2135352e-20,-1.1449979e-19,-0.081478201,8.000001,1.7838581,0.050000001,1.2046343,-0.22858015,-3.4094019e-23,8,1.7838594,0.001
194,-0.1517687,9.3686234e-21,-5.6216446e-19,8.058094e-05,0.9999969,1.8738441,0.050000001,1.2383858,0.011692313,-6.0584093e-22,1,1.8738455,0.001
194,-0.15230367,9.690866e-21,-4.6214353e-19,7.2512157e-05,1.0316262,1.8737677,0.050000001,1.2390548,0.0081242826,-5.0873486e-22,1.03163,1.87377,0.001
194,-0.15339346,-6.9189385e-21,-4.7139053e-19,5.7374076e-05,1.1028914,1.8735895,0.050000001,1.2402949,-0.00017399569,-5.4373958e-22,1.10289,1.87359,0.001
194,-0.1543465,-2.736332e-21,-4.4594902e-21,5.2656571e-05,1.1741576,1.8734093,0.050000001,1.2412324,-0.0087432135,-2.622978e-23,1.17416,1.87341,0.001
194,-0.15513724,-7.6307896e-21,-2.3519622e-19,3.5362467e-05,1.245417,1.8732293,0.050000001,1.2418175,-0.017587667,-2.9035398e-22,1.24542,1.87323,0.001
194,-0.15573566,-3.3020149e-21,-9.9762401e-21,2.0341283e-06,1.3166752,1.8730501,0.050000001,1.2419974,-0.026704473,-3.0342276e-24,1.31668,1.87305,0.001
194,-0.15610982,1.0481447e-20,7.0152816e-19,-8.9431687e-06,1.3879315,1.8728683,0.050000001,1.2417148,-0.036081467,7.8290691e-22,1.38793,1.87287,0.001
194,-0.15622623,-3.2336177e-20,-6.8883972e-19,-3.870255e-05,1.4591895,1.8726795,0.050000001,1.2409199,-0.045697961,-8.1283869e-22,1.45919,1.8726799,0.001
194,-0.15605058,-1.3435305e-20,-2.4611368e-19,-4.7886497e-05,1.5304456,1.8724912,0.050000001,1.2395626,-0.055522244,-2.7970261e-22,1.53045,1.87249,0.001
194,-0.15554813,3.2098288e-20,6.9163208e-19,-3.8873302e-05,1.6016974,1.872308,0.050000001,1.2375848,-0.065513134,7.8253755e-22,1.6016999,1.87231,0.001
194,-0.15468803,1.5386507e-21,4.7564735e-21,-5.8516322e-05,1.672956,1.8721218,0.050000001,1.2349401,-0.075621329,-9.2425458e-25,1.67296,1.87212,0.001
194,-0.15344173,1.1908553e-21,1.6706867e-21,-4.7407346e-05,1.7442119,1.87194,0.050000001,1.2315875,-0.085786812,1.6120885e-24,1.74421,1.87194,0.001
194,-0.15178439,-5.9175867e-21,-4.6203373e-21,-2.9434083e-05,1.8154677,1.8717583,0.050000001,1.227495,-0.095944196,-3.390474e-23,1.81547,1.87176,0.001
194,-0.14969786,-8.0957152e-21,-2.5887605e-21,-1.9545523e-05,1.8867258,1.8715715,0.050000001,1.2226402,-0.1060201,-3.3270796e-23,1.88673,1.87157,0.001
194,-0.14716859,-1.5989561e-20,-2.2134875e-19,-8.9110135e-06,1.9579817,1.8713897,0.050000001,1.2170103,-0.11593609,-2.5991912e-22,1.95798,1.87139,0.001
194,-0.14419061,-1.0414583e-19,-9.0205866e-19,-2.2364104e-05,2.0292392,1.8712097,0.050000001,1.2105953,-0.1256126,-9.7690252e-22,2.0292399,1.87121,0.001
194,-0.14076464,-3.1139822e-20,-2.3274657e-19,-2.0284768e-05,2.1005054,1.8710338,0.050000001,1.2034025,-0.13496786,-2.494693e-22,2.1005099,1.87104,0.001
194,-0.1368999,1.4851645e-20,2.2512728e-19,3.490233e-06,2.1717718,1.8708572,0.050000001,1.1954553,-0.14392014,2.9874089e-22,2.1717701,1.87086,0.001
194,-0.13261054,1.0739467e-19,8.8736338e-19,-9.7886714e-06,2.2430375,1.8706855,0.050000001,1.1867827,-0.15239067,9.0843192e-22,2.2430401,1.87069,0.001
194,-0.12791853,4.8289828e-20,4.475455e-19,-3.9211736e-06,2.3143053,1.8705156,0.050000001,1.1774226,-0.16030647,4.0579692e-22,2.3143101,1.87052,0.001
194,-0.12285233,-3.6583491e-20,-2.291754e-19,2.7624148e-05,2.3855777,1.8703477,0.050000001,1.1674252,-0.16759926,-2.8777727e-22,2.3855801,1.87035,0.001
194,-0.11744526,2.6819312e-20,2.095374e-19,2.2070266e-05,2.456852,1.8701818,0.050000001,1.156848,-0.17420787,1.7954084e-22,2.4568501,1.87018,0.001
194,-0.11173359,1.3524531e-20,-5.8783837e-21,6.3651032e-06,2.5281255,1.8700175,0.050000001,1.1457527,-0.18007937,-2.3100395e-23,2.5281301,1.87002,0.001
194,-0.10575818,9.811846e-21,-5.597492e-21,1.9219424e-05,2.5994015,1.8698575,0.050000001,1.134208,-0.1851708,-2.9666702e-23,2.5994,1.8698601,0.001
194,-0.099561341,-2.1871326e-21,-1.2704811e-20,2.0139265e-05,2.6706882,1.869702,0.050000001,1.1222802,-0.18944776,-7.4884521e-23,2.6706901,1.8697,0.001
194,-0.093187019,-3.863391e-20,-2.0869857e-19,-4.5298594e-07,2.7419701,1.8695483,0.050000001,1.1100453,-0.19288479,-1.7082152e-22,2.7419701,1.86955,0.001
194,-0.086678542,-6.7918882e-20,-4.1271194e-19,1.4830121e-05,2.8132517,1.8693916,0.050000001,1.0975754,-0.19546659,-2.8070147e-22,2.8132501,1.86939,0.001
194,-0.080077589,3.8867456e-20,2.0096834e-19,1.4238455e-05,2.8845396,1.8692415,0.050000001,1.0849453,-0.19718213,1.5057588e-22,2.8845401,1.86924,0.001
194,-0.073424973,7.3325878e-20,4.029067e-19,-9.5235046e-06,2.9558315,1.8690981,0.050000001,1.0722229,-0.19803189,2.593785e-22,2.9558301,1.8691,0.001
194,-0.06675873,7.4338218e-20,3.966603e-19,-9.6349995e-06,3.0271277,1.8689518,0.050000001,1.0594702,-0.19802314,2.4314329e-22,3.0271299,1.86895,0.001
194,-0.060114451,1.09119e-19,5.845354e-19,-2.8665603e-05,3.0984259,1.8688096,0.050000001,1.0467501,-0.1971651,2.9413427e-22,3.0984299,1.8688101,0.001
194,-0.05352461,-4.0348807e-20,-1.8633176e-19,-4.2222964e-05,3.169724,1.8686713,0.050000001,1.0341203,-0.1954743,-8.9528613e-23,3.1697199,1.86867,0.001
194,-0.047016699,-1.1354582e-19,-5.7616702e-19,-6.1486768e-05,3.2410257,1.8685398,0.050000001,1.0216351,-0.19296907,-2.6867976e-22,3.24103,1.86854,0.001
194,-0.040616568,-5.7176424e-21,1.1150332e-21,-9.0087982e-05,3.31233,1.8684077,0.050000001,1.0093428,-0.18967202,-7.8003126e-24,3.31233,1.86841,0.001
194,-0.034345534,-4.1653533e-20,-1.8269309e-19,-0.00010039201,3.3836381,1.8682778,0.050000001,0.99728513,-0.185606,-6.754352e-23,3.3836401,1.8682801,0.001
194,-0.028222144,-1.0429396e-19,-5.4959152e-19,-0.00011313358,3.4549456,1.8681498,0.050000001,0.9855026,-0.18079558,-1.501794e-22,3.4549501,1.86815,0.001
194,-0.022261498,-3.3906379e-20,-1.8765621e-19,-0.00014002174,3.526258,1.868021,0.050000001,0.97403324,-0.17526354,-5.6076424e-23,3.5262599,1.8680201,0.001
194,-0.016475996,6.3124621e-20,3.5661387e-19,-0.00017519889,3.5975718,1.8678998,0.050000001,0.96291,-0.16903345,5.2347144e-23,3.5975699,1.8679,0.001
194,-0.010875388,-2.747967e-20,-1.7784216e-19,-0.0002033362,3.6688876,1.8677793,0.050000001,0.95216209,-0.16212919,-1.2400984e-23,3.66889,1.86778,0.001
194,-0.0054673762,-2.8304156e-20,-1.8257007e-19,-0.00024204831,3.7402081,1.8676658,0.050000001,0.94181967,-0.15457094,-2.883611e-23,3.7402101,1.8676701,0.001
194,-0.00025815773,5.2970669e-20,3.4479804e-19,-0.00028144373,3.8115299,1.8675525,0.050000001,0.93190938,-0.14638087,-7.437682e-24,3.8115301,1.86755,0.001
194,0.0047481512,2.475421e-20,1.7204085e-19,-0.00032650761,3.8828518,1.8674402,0.050000001,0.92245829,-0.13757668,-8.2894301e-24,3.8828499,1.86744,0.001
194,0.0095484927,-8.7757343e-23,-2.7504778e-22,-0.0003804272,3.9541774,1.8673297,0.050000001,0.91349286,-0.12817615,0,3.95418,1.86733,0.001
194,0.014140415,-1.8901975e-20,-1.6818946e-19,-0.00045112355,4.0255079,1.867219,0.050000001,0.90503973,-0.11819619,3.0968338e-23,4.0255098,1.86722,0.001
194,0.018522065,-7.8648914e-21,-8.1532311e-20,-0.0005376006,4.0968404,1.8671155,0.050000001,0.89712769,-0.10765202,2.0780893e-23,4.0968399,1.86712,0.001
194,0.022691702,4.4880167e-20,4.1723525e-19,-0.00063158438,4.16817,1.867016,0.050000001,0.88978451,-0.096559815,-8.9526493e-23,4.16817,1.86702,0.001
194,0.026648093,2.1741332e-20,1.6591964e-19,-0.00076103455,4.239502,1.8669137,0.050000001,0.88304025,-0.084934488,-2.8572482e-23,4.2395,1.86691,0.001
194,0.030389676,-4.2220765e-22,3.5538038e-21,-0.00094120909,4.3108397,1.8668183,0.050000001,0.87692952,-0.07279031,9.0872043e-25,4.3108401,1.86682,0.001
194,0.033913985,1.5755254e-20,2.4699528e-19,-0.0011982061,4.3821774,1.8667197,0.050000001,0.87148529,-0.060145546,-8.2310555e-23,4.3821802,1.86672,0.001
194,0.037218012,-1.9330544e-21,2.3756157e-21,-0.0015996242,4.4535174,1.8666255,0.050000001,0.86674321,-0.047019918,-1.4401135e-24,4.4535198,1.86663,0.001
194,0.040298313,-7.8092459e-22,7.6969214e-20,-0.002257335,4.5248623,1.8665317,0.050000001,0.86273694,-0.033437047,-4.3444145e-23,4.5248599,1.8665299,0.001
194,0.043150749,-9.540458e-22,7.1341822e-23,-0.0033839988,4.5962081,1.8664415,0.050000001,0.85950214,-0.019426169,4.3360418e-27,4.59621,1.8664401,0.001
194,0.045769546,-7.6828091e-21,-7.879276e-20,-0.0053303731,4.667552,1.8663583,0.050000001,0.85706455,-0.0050301049,3.2159909e-23,4.6675501,1.8663599,0.001
194,0.048150796,-3.0365512e-21,7.7975919e-20,-0.0086694248,4.7389002,1.8662697,0.050000001,0.85543531,0.0096965237,-4.4176072e-23,4.7389002,1.8662699,0.001
194,0.050287031,3.7604075e-21,-8.4549032e-20,-0.014217751,4.8102498,1.8661858,0.050000001,0.85460806,0.024678778,3.9890112e-23,4.8102498,1.86619,0.001
194,0.052167527,1.3461577e-20,-2.3741893e-19,-0.023032101,4.8816023,1.8661015,0.050000001,0.85454118,0.039816227,1.3345169e-22,4.8815999,1.8661,0.001
194,0.05378332,4.576258e-21,-7.2380275e-20,-0.036300246,4.9529543,1.8660195,0.050000001,0.85515833,0.054984476,4.8678234e-23,4.95295,1.86602,0.001
194,0.055125147,-1.8655521e-20,2.369715e-19,-0.055125874,5.0243077,1.8659418,0.050000001,0.85634428,0.070038579,-1.4014031e-22,5.0243101,1.86594,0.001
194,0.056183122,1.9556093e-21,-4.9005811e-21,-0.080260694,5.0956597,1.8658683,0.050000001,0.85795426,0.084823519,-1.6888697e-24,5.0956602,1.86587,0.001
194,0.056948066,-1.5009435e-20,7.4857887e-20,-0.11187102,5.1670175,1.8657898,0.050000001,0.85983026,0.099193111,-5.2076814e-23,5.1670198,1.86579,0.001
194,0.057411861,-5.8335536e-20,3.9797022e-19,-0.14932556,5.2383795,1.8657178,0.050000001,0.86183596,0.11302316,-2.4241519e-22,5.23838,1.86572,0.001
194,0.057566985,-5.2338007e-21,4.3199096e-21,-0.19118899,5.309742,1.8656483,0.050000001,0.86387599,0.12623113,1.0578892e-24,5.3097401,1.8656501,0.001
194,0.057407826,4.7304113e-21,-7.973391e-20,-0.23543823,5.3811078,1.8655738,0.050000001,0.8659237,0.1387821,5.0019474e-23,5.3811102,1.8655699,0.001
194,0.056930792,1.2629106e-20,-8.6966823e-20,-0.27971795,5.4524698,1.8655083,0.050000001,0.86804408,0.15068546,4.7763982e-23,5.4524698,1.86551,0.001
194,0.056132756,1.3776974e-20,-7.9475029e-20,-0.32177833,5.5238295,1.8654405,0.050000001,0.87037337,0.16198784,4.8803454e-23,5.5238299,1.86544,0.001
194,0.055012655,-1.4834557e-20,8.5150728e-20,-0.35982624,5.5951972,1.8653719,0.050000001,0.87312138,0.17274964,-4.6297814e-23,5.5952001,1.86537,0.001
194,0.053570349,-3.4229144e-20,1.6500825e-19,-0.39269885,5.6665702,1.865308,0.050000001,0.87654662,0.18302384,-8.7493958e-23,5.6665702,1.86531,0.001
194,0.051805243,-1.5815016e-20,9.0468718e-20,-0.42004925,5.7379375,1.8652415,0.050000001,0.88091618,0.19283842,-4.5367586e-23,5.7379398,1.86524,0.001
194,0.04971686,1.9599221e-20,-7.267119e-20,-0.4422763,5.8093052,1.8651798,0.050000001,0.88649458,0.20217836,4.0820147e-23,5.80931,1.86518,0.001
194,0.047303643,2.1180082e-20,-8.4000437e-20,-0.46032071,5.8806777,1.8651201,0.050000001,0.89351112,0.21097678,3.6111051e-23,5.8806801,1.8651201,0.001
194,0.044562791,2.2052803e-20,-8.1813139e-20,-0.4754836,5.9520521,1.86506,0.050000001,0.90214825,0.21911319,3.4270361e-23,5.9520502,1.86506,0.001
194,0.041491099,-1.9761292e-20,8.3799167e-20,-0.48920116,6.023428,1.8650018,0.050000001,0.91254359,0.22641388,-3.8288219e-23,6.0234299,1.865,0.001
194,0.038083207,-4.5153189e-20,1.5857764e-19,-0.50283915,6.0947995,1.8649483,0.050000001,0.92478162,0.23265855,-6.5185034e-23,6.0948,1.8649499,0.001
194,0.034333531,1.4179007e-21,-5.2980211e-22,-0.51754093,6.1661754,1.864892,0.050000001,0.93889439,0.23758985,-5.9371478e-24,6.1661801,1.86489,0.001
194,0.030238563,4.8193365e-20,-1.6742192e-19,-0.53414667,6.237555,1.8648357,0.050000001,0.95487463,0.24091856,4.5082751e-23,6.2375598,1.86484,0.001
194,0.025797158,1.228195e-20,-4.3287027e-20,-0.55311173,6.3089314,1.8647795,0.050000001,0.97266561,0.24233739,8.8992598e-24,6.3089299,1.8647799,0.001
194,0.021014653,-1.0940965e-20,4.4691366e-20,-0.5744679,6.3803096,1.86473,0.050000001,0.99217421,0.24152781,-1.1908374e-23,6.3803101,1.86473,0.001
194,0.015905224,-8.9332591e-23,-8.3353208e-23,-0.59783345,6.4516916,1.8646801,0.050000001,1.0132529,0.23818237,0,6.4516902,1.8646801,0.001
194,0.010496451,3.572167e-23,-2.5022078e-26,-0.62243581,6.523078,1.8646297,0.050000001,1.0357099,0.23201486,0,6.5230799,1.86463,0.001
194,0.0048331362,0,0,-0.64710468,6.59446,1.8645798,0.050000001,1.0592873,0.22278319,0,6.59446,1.86458,0.001
194,-0.0010210648,-1.1199824e-23,6.2752941e-27,-0.67028451,6.665844,1.8645297,0.050000001,1.0836669,0.21030994,0,6.6658401,1.86453,0.001
194,-0.0069815638,-1.1189895e-23,6.2697309e-27,-0.69012821,6.7372303,1.8644817,0.050000001,1.1084745,0.19450368,0,6.7372298,1.86448,0.001
194,-0.012942259,0,0,-0.70470947,6.8086119,1.8644381,0.050000001,1.1332698,0.1753843,0,6.80861,1.86444,0.001
194,-0.018779686,8.9729634e-23,-6.2853651e-26,-0.71195221,6.8799977,1.8643914,0.050000001,1.1575544,0.15309866,0,6.8800001,1.86439,0.001
194,-0.024356842,8.9805049e-23,-6.2906474e-26,-0.7098996,6.9513817,1.8643501,0.050000001,1.1807868,0.12793204,0,6.9513798,1.86435,0.001
194,-0.0295339,4.1006253e-26,-6.5540583e-23,-0.69705164,7.0227718,1.8643039,0.050000001,1.2024016,0.10031172,0,7.0227699,1.8643,0.001
194,-0.034174267,7.9607127e-22,5.977191e-20,-0.67245096,7.094162,1.8642595,0.050000001,1.2218393,0.070796706,9.359288e-24,7.0941601,1.86426,0.001
194,-0.038158055,3.2654988e-21,-5.6245949e-20,-0.63590091,7.1655498,1.8642198,0.050000001,1.2385645,0.040060818,-1.8760005e-23,7.1655502,1.86422,0.001
194,-0.041390602,4.2795582e-21,6.6193154e-22,-0.58820492,7.2369399,1.86418,0.050000001,1.2521222,0.0088529969,1.2488485e-23,7.2369399,1.86418,0.001
194,-0.043813664,5.3880122e-21,1.1819246e-19,-0.53124517,7.3083301,1.86414,0.050000001,1.2621696,-0.022051184,3.3629219e-23,7.3083301,1.86414,0.001
194,-0.045407198,6.4692875e-21,1.1425848e-21,-0.46781009,7.3797216,1.8640997,0.050000001,1.2685021,-0.051910836,-6.4059375e-24,7.3797202,1.8641,0.001
194,-0.046188015,1.4275716e-20,1.1762816e-19,-0.40123782,7.451118,1.864062,0.050000001,1.2710947,-0.080077037,4.3193189e-23,7.4511199,1.86406,0.001
194,-0.046208315,3.809363e-21,1.9850515e-22,-0.33499238,7.5225101,1.864024,0.050000001,1.2700897,-0.10603162,7.8723924e-24,7.5225101,1.86402,0.001
194,-0.045546338,-5.5344042e-21,-1.1886709e-19,-0.27224505,7.5939021,1.863988,0.050000001,1.2657773,-0.12942272,-4.3860228e-23,7.5939002,1.8639899,0.001
194,-0.044298202,3.8418064e-21,-2.593753e-21,-0.21539533,7.665298,1.8639523,0.050000001,1.2585648,-0.15006769,-1.0452449e-23,7.6652999,1.86395,0.001
194,-0.04256694,2.0611357e-20,1.1346621e-19,-0.1660272,7.736692,1.863914,0.050000001,1.2489326,-0.16793314,3.4337446e-23,7.73669,1.86391,0.001
194,-0.040454574,-3.3715475e-20,-2.2932471e-19,-0.12484371,7.8080873,1.86388,0.050000001,1.23739,-0.18311207,-7.1136927e-23,7.8080902,1.86388,0.001
194,-0.038056415,-4.0161354e-20,-2.8706631e-19,-0.091717526,7.8794856,1.8638486,0.050000001,1.2244248,-0.19578859,-7.4954774e-23,7.8794899,1.86385,0.001
194,-0.035457328,-2.8467715e-20,-1.6491276e-19,-0.065949596,7.950882,1.8638117,0.050000001,1.2104827,-0.20619905,-2.86492e-23,7.9508801,1.8638099,0.001
194,-0.033579551,-9.7448177e-21,-5.217622e-20,-0.052594189,8.000001,1.8637899,0.050000001,1.2004832,-0.21197902,-1.3337334e-23,8,1.8637893,0.001
194,-0.14382465,9.3594258e-21,2.7519553e-20,0.00017124845,0.99999887,1.9534671,0.050000001,1.2295253,0.010205572,2.3705512e-23,1,1.9534646,0.001
194,-0.1442976,3.9099709e-21,2.348601e-19,0.00016916392,1.0312799,1.953396,0.050000001,1.230075,0.0068030055,2.5300317e-22,1.03128,1.95339,0.001
194,-0.14523943,-6.453088e-21,-1.137631e-18,0.0001368411,1.1025574,1.9532275,0.050000001,1.2310499,-0.0011685712,-1.1774972e-21,1.10256,1.95323,0.001
194,-0.14602843,-4.3499593e-22,-4.6703744e-19,0.00013520608,1.1738293,1.9530575,0.050000001,1.2317123,-0.0093643609,-4.8792221e-22,1.17383,1.95306,0.001
194,-0.14664418,-5.930282e-21,-2.333503e-21,0.00015768093,1.2450994,1.9528875,0.050000001,1.2320224,-0.01778521,-3.6419902e-24,1.2451,1.95289,0.001
194,-0.14706238,-7.1730639e-21,-2.2942454e-19,0.00016264089,1.3163654,1.9527155,0.050000001,1.2319398,-0.026425082,-2.5894714e-22,1.31637,1.95272,0.001
194,-0.14725727,-5.7110722e-21,-6.984558e-21,0.0001490313,1.3876271,1.9525417,0.050000001,1.231415,-0.035270452,-4.5839019e-23,1.38763,1.95254,0.001
194,-0.14720155,-2.4851018e-21,-2.3062705e-19,0.0001315,1.4588956,1.9523662,0.050000001,1.2304072,-0.044300772,-2.5992858e-22,1.4589,1.95237,0.001
194,-0.14686839,3.2429829e-22,-3.3023453e-21,0.00014169172,1.5301577,1.9521855,0.050000001,1.2288724,-0.053486172,-1.5834169e-24,1.53016,1.95219,0.001
194,-0.14623043,-1.0559029e-20,-7.2770018e-22,0.00016558597,1.6014173,1.9520078,0.050000001,1.2267649,-0.062789537,6.8044213e-25,1.60142,1.95201,0.001
194,-0.14526275,1.889208e-20,2.2107257e-19,0.00015107493,1.6726795,1.9518298,0.050000001,1.2240525,-0.072166398,2.0939029e-22,1.67268,1.95183,0.001
194,-0.14394286,3.9016962e-20,4.5736605e-19,0.00012383654,1.7439417,1.9516516,0.050000001,1.2206976,-0.081564531,4.5596463e-22,1.74394,1.95165,0.001
194,-0.14225116,-7.7680977e-20,-8.95316e-19,0.0001356166,1.8152076,1.9514782,0.050000001,1.2166724,-0.090926401,-9.1679814e-22,1.81521,1.95148,0.001
194,-0.14017409,-5.4335711e-20,-6.8724145e-19,0.00015196721,1.8864719,1.9512995,0.050000001,1.2119627,-0.10018824,-7.0945631e-22,1.88647,1.9513,0.001
194,-0.13770168,3.8157115e-20,4.5032281e-19,0.00016551904,1.9577355,1.9511259,0.050000001,1.2065599,-0.10928271,4.5217401e-22,1.9577399,1.95113,0.001
194,-0.1348304,-9.4886108e-20,-8.869623e-19,0.00014259177,2.0289972,1.9509518,0.050000001,1.2004603,-0.11814099,-8.787344e-22,2.029,1.95095,0.001
194,-0.13156137,-2.1733706e-21,-7.100335e-21,0.00012280312,2.1002674,1.9507796,0.050000001,1.1936651,-0.12669253,4.5735868e-25,2.10027,1.95078,0.001
194,-0.1279027,1.3006988e-20,2.316661e-19,0.00013963666,2.1715395,1.9506115,0.050000001,1.1861954,-0.13486655,2.2767109e-22,2.17154,1.95061,0.001
194,-0.12386706,-6.0255274e-20,-4.4077891e-19,0.0001368348,2.2428095,1.9504455,0.050000001,1.1780827,-0.14259541,-4.1789443e-22,2.24281,1.9504499,0.001
194,-0.11947401,-5.8871535e-21,7.6601658e-21,0.00011956936,2.3140814,1.9502792,0.050000001,1.1693554,-0.14981601,2.9357326e-23,2.31408,1.95028,0.001
194,-0.11474737,-8.7634054e-20,-6.4389538e-19,0.00010679338,2.3853595,1.9501178,0.050000001,1.1600553,-0.15646848,-5.6200041e-22,2.38536,1.95012,0.001
194,-0.10971555,-8.8213604e-20,-6.4669766e-19,0.00010803239,2.45664,1.9499558,0.050000001,1.1502352,-0.16249897,-5.4149745e-22,2.45664,1.94996,0.001
194,-0.10441002,6.7400279e-20,4.1060537e-19,0.00011117914,2.5279176,1.9497977,0.050000001,1.1399477,-0.16786082,3.0835616e-22,2.52792,1.9498,0.001
194,-0.098865002,6.9938799e-20,4.2537262e-19,0.00012444318,2.5991995,1.9496392,0.050000001,1.1292504,-0.17251496,3.5166392e-22,2.5992,1.94964,0.001
194,-0.093116328,-9.2713951e-20,-6.2256932e-19,0.00012153121,2.6704884,1.9494878,0.050000001,1.1182052,-0.17642865,-4.7043126e-22,2.67049,1.94949,0.001
194,-0.087202221,-1.3430882e-19,-8.3075719e-19,0.00010356418,2.7417717,1.94934,0.050000001,1.1068779,-0.17957814,-6.2250243e-22,2.74177,1.94934,0.001
194,-0.081159547,-1.0130232e-19,-6.1808554e-19,8.2270359e-05,2.8130591,1.94919,0.050000001,1.0953279,-0.18194692,-4.1139753e-22,2.81306,1.94919,0.001
194,-0.075024895,3.1102172e-20,2.0080617e-19,6.8752342e-05,2.8843534,1.9490417,0.050000001,1.0836226,-0.18352436,1.4318494e-22,2.8843601,1.9490401,0.001
194,-0.068833999,1.0034074e-19,6.0554837e-19,6.2635387e-05,2.9556475,1.9489,0.050000001,1.0718253,-0.18430723,3.7178454e-22,2.9556501,1.9489,0.001
194,-0.06262029,-2.7295217e-21,7.3926642e-21,6.0525359e-05,3.0269477,1.9487578,0.050000001,1.0599902,-0.18429846,1.2918178e-23,3.0269499,1.94876,0.001
194,-0.056415532,-4.0190531e-20,-1.9576055e-19,5.8833204e-05,3.0982502,1.9486192,0.050000001,1.0481752,-0.18350439,-1.144272e-22,3.0982499,1.94862,0.001
194,-0.050248533,-7.2531571e-20,-3.834488e-19,3.8286005e-05,3.1695499,1.9484875,0.050000001,1.0364327,-0.18193628,-1.7881226e-22,3.1695499,1.94849,0.001
194,-0.044145204,-1.0683065e-19,-5.7239487e-19,3.1722204e-05,3.2408519,1.9483581,0.050000001,1.0248153,-0.17960924,-2.41113e-22,3.24085,1.94836,0.001
194,-0.038128745,-3.5143715e-20,-1.8890988e-19,2.5604744e-05,3.3121595,1.9482278,0.050000001,1.0133703,-0.17654079,-6.4057954e-23,3.31216,1.94823,0.001
194,-0.032219678,-2.8988971e-20,-1.8534187e-19,-1.1393707e-05,3.3834693,1.9480995,0.050000001,1.0021348,-0.17274919,-4.604595e-23,3.3834701,1.9481,0.001
194,-0.026435569,-6.1962452e-20,-3.7146613e-19,-3.6406382e-05,3.4547815,1.9479783,0.050000001,0.99114943,-0.16825503,-1.018194e-22,3.4547801,1.94798,0.001
194,-0.020791253,-1.1695543e-19,-7.3292292e-19,-5.4347925e-05,3.5260978,1.947854,0.050000001,0.9804526,-0.16307923,-1.3584417e-22,3.5260999,1.94785,0.001
194,-0.015299347,-2.8466241e-20,-1.8814144e-19,-8.3679013e-05,3.5974157,1.947736,0.050000001,0.97007793,-0.15724088,-4.4402667e-23,3.59742,1.94774,0.001
194,-0.0099705597,-8.6379991e-22,5.6016671e-21,-0.00010969239,3.6687341,1.9476178,0.050000001,0.96005559,-0.15076241,1.1153354e-23,3.66873,1.94762,0.001
194,-0.0048127184,-8.2647732e-20,-5.3045878e-19,-0.00014082737,3.7400579,1.947504,0.050000001,0.95041525,-0.14366245,-3.0514194e-23,3.7400601,1.9475,0.001
194,0.00016687566,1.2761311e-22,-2.0483297e-22,-0.0001777367,3.8113821,1.9473917,0.050000001,0.94118637,-0.135961,6.1896261e-27,3.8113799,1.94739,0.001
194,0.0049630571,2.4306602e-20,1.7605283e-19,-0.00022235612,3.8827078,1.9472817,0.050000001,0.93239677,-0.12767591,-5.8276636e-25,3.88271,1.94728,0.001
194,0.0095712254,9.8181807e-21,8.629501e-20,-0.0002659976,3.9540336,1.9471785,0.050000001,0.92407465,-0.11882518,-9.7743471e-24,3.95403,1.94718,0.001
194,0.013988423,-1.8413099e-20,-1.6781199e-19,-0.00031391333,4.0253682,1.9470695,0.050000001,0.916246,-0.1094261,3.4430604e-23,4.0253701,1.94707,0.001
194,0.018211441,-3.5860726e-20,-3.3523901e-19,-0.00037579756,4.0967002,1.9469672,0.050000001,0.90894133,-0.099495448,6.8491712e-23,4.0967002,1.94697,0.001
194,0.022237651,1.0392471e-20,8.486917e-20,-0.0004504353,4.1680322,1.9468697,0.050000001,0.9021886,-0.089050144,-1.3548579e-23,4.1680298,1.94687,0.001
194,0.026064985,-2.7033914e-21,-7.9078363e-20,-0.00054439367,4.2393675,1.9467698,0.050000001,0.89601856,-0.078106403,3.6697456e-23,4.2393699,1.94677,0.001
194,0.029690729,-1.8815493e-21,2.1557892e-21,-0.00065826473,4.310708,1.9466717,0.050000001,0.89046443,-0.066681862,-1.576555e-24,4.31071,1.9466701,0.001
194,0.033111967,1.5009152e-20,1.6437142e-19,-0.00081009202,4.3820477,1.9465796,0.050000001,0.88556027,-0.054795653,-4.8002164e-23,4.38205,1.9465801,0.001
194,0.0363256,-6.5816819e-21,-1.669821e-19,-0.0010303278,4.4533896,1.9464898,0.050000001,0.8813408,-0.042468805,5.945307e-23,4.4533901,1.94649,0.001
194,0.039327934,-2.0141959e-21,-8.4858488e-20,-0.0013745918,4.524734,1.9464003,0.050000001,0.87784219,-0.029725265,2.9052236e-23,4.5247302,1.9464,0.001
194,0.042115018,5.44996e-22,7.6388598e-20,-0.0019247162,4.5960798,1.9463122,0.050000001,0.87510127,-0.016592566,-4.2586804e-23,4.5960798,1.94631,0.001
194,0.044681665,-4.7339433e-21,2.3920368e-19,-0.0028471821,4.6674304,1.946228,0.050000001,0.87315166,-0.0031055822,-1.252367e-22,4.6674299,1.9462301,0.001
194,0.047022555,-9.6785431e-21,1.5740023e-19,-0.0044280002,4.73878,1.9461392,0.050000001,0.87202245,0.010692459,-9.130196e-23,4.73878,1.9461401,0.001
194,0.049130861,1.1460772e-20,-4.8897272e-19,-0.0070932121,4.8101296,1.9460553,0.050000001,0.87173438,0.024746414,2.4332689e-22,4.8101301,1.9460599,0.001
194,0.05099893,2.603201e-21,-2.4311815e-19,-0.011467198,4.8814821,1.9459778,0.050000001,0.87228841,0.038985837,1.1850732e-22,4.8814802,1.94598,0.001
194,0.052618902,-1.4974693e-20,2.4060898e-19,-0.018357061,4.9528379,1.9459003,0.050000001,0.8736639,0.053322911,-1.3417869e-22,4.9528399,1.9459,0.001
194,0.053982154,6.8935213e-21,-8.3676873e-20,-0.028684426,5.0241919,1.9458218,0.050000001,0.87581319,0.067649193,4.4650215e-23,5.0241899,1.94582,0.001
194,0.055079646,4.1278962e-20,-4.0857749e-19,-0.043360319,5.0955472,1.945748,0.050000001,0.87865776,0.081842721,2.3313589e-22,5.0955501,1.94575,0.001
194,0.055902869,7.3578031e-21,-7.5892102e-20,-0.063116051,5.1669049,1.9456693,0.050000001,0.88209379,0.09577217,4.7040394e-23,5.1669102,1.94567,0.001
194,0.056443788,-4.9875647e-20,4.1663717e-19,-0.088293619,5.2382693,1.9455996,0.050000001,0.88601035,0.10930635,-2.3461016e-22,5.2382698,1.9456,0.001
194,0.056694269,-2.9295871e-20,1.6659923e-19,-0.11874166,5.309638,1.9455322,0.050000001,0.89029574,0.12232903,-9.5459112e-23,5.3096399,1.9455301,0.001
194,0.056647748,-2.3302313e-20,8.1955026e-20,-0.15375187,5.3810024,1.9454595,0.050000001,0.8948642,0.13474521,-4.6704276e-23,5.381,1.94546,0.001
194,0.056299202,5.0361211e-20,-3.4000959e-19,-0.19210468,5.4523683,1.9453936,0.050000001,0.89967716,0.14648995,1.8819145e-22,5.4523702,1.94539,0.001
194,0.055643626,6.8756674e-20,-4.1936708e-19,-0.23229375,5.5237293,1.9453303,0.050000001,0.90474671,0.15752734,2.3507517e-22,5.5237298,1.94533,0.001
194,0.054677926,1.6149083e-20,-8.6465706e-20,-0.27270836,5.5950975,1.9452617,0.050000001,0.91014409,0.1678455,4.4681214e-23,5.5950999,1.94526,0.001
194,0.053399801,3.2801592e-20,-1.7595366e-19,-0.31183556,5.6664724,1.9452002,0.050000001,0.91600019,0.17744312,8.8418225e-23,5.6664701,1.9452,0.001
194,0.051806901,1.5700064e-20,-9.4615671e-20,-0.34853595,5.7378421,1.9451405,0.050000001,0.922481,0.18631856,4.3343076e-23,5.7378402,1.94514,0.001
194,0.049897637,-1.9825366e-20,8.18717e-20,-0.38208795,5.8092093,1.9450803,0.050000001,0.92978084,0.19445303,-4.0316866e-23,5.8092098,1.94508,0.001
194,0.04766985,3.789906e-20,-1.7788632e-19,-0.4122408,5.8805819,1.94502,0.050000001,0.9380976,0.20180026,7.6500809e-23,5.8805799,1.94502,0.001
194,0.045121014,3.5277718e-20,-1.806877e-19,-0.43916076,5.9519577,1.94496,0.050000001,0.94761294,0.20827833,7.9997419e-23,5.9519601,1.94496,0.001
194,0.042249843,1.8598289e-20,-9.8128494e-20,-0.46329486,6.0233321,1.9449015,0.050000001,0.95848799,0.21376166,3.2038551e-23,6.0233302,1.9449,0.001
194,0.03905385,4.1113584e-20,-1.7972421e-19,-0.48527473,6.0947094,1.9448478,0.050000001,0.97084308,0.21808645,6.4709383e-23,6.0947099,1.94485,0.001
194,0.035532553,-1.97042e-20,9.2825026e-20,-0.50571126,6.16609,1.9447937,0.050000001,0.98474747,0.22105353,-3.2826809e-23,6.16609,1.94479,0.001
194,0.031689014,-4.4928961e-20,1.7757122e-19,-0.52511382,6.2374678,1.944742,0.050000001,1.0002263,0.22243215,-5.0488947e-23,6.2374701,1.9447401,0.001
194,0.027529743,1.591617e-20,-1.0649135e-19,-0.54382223,6.3088455,1.9446875,0.050000001,1.0172458,0.22197528,2.2379697e-23,6.3088498,1.94469,0.001
194,0.023069056,1.9993101e-20,-9.5996391e-20,-0.56189835,6.380228,1.944638,0.050000001,1.0357202,0.21942717,2.356582e-23,6.3802299,1.94464,0.001
194,0.018330108,-1.9489907e-20,9.8204401e-20,-0.57908159,6.4516101,1.9445902,0.050000001,1.0554974,0.21454379,-1.999501e-23,6.4516101,1.94459,0.001
194,0.013348449,-1.1255134e-22,-1.399775e-22,-0.59475744,6.5229921,1.94454,0.050000001,1.0763721,0.20710768,0,6.5229902,1.94454,0.001
194,0.0081748078,-1.2551778e-26,1.2539223e-23,-0.60808355,6.594378,1.9444895,0.050000001,1.0980722,0.19694602,0,6.5943799,1.94449,0.001
194,0.0028756966,-7.1219928e-21,5.385117e-20,-0.61795092,6.6657619,1.9444417,0.050000001,1.1202543,0.18395156,-1.79005e-24,6.66576,1.94444,0.001
194,-0.0024667827,-7.1158164e-21,5.3779474e-20,-0.6230185,6.7371483,1.944398,0.050000001,1.1425226,0.16810094,-1.7884997e-24,6.7371502,1.9444,0.001
194,-0.0077554714,1.4108002e-26,-1.2526337e-23,-0.62197495,6.8085322,1.9443517,0.050000001,1.1644317,0.14947645,0,6.8085299,1.94435,0.001
194,-0.012881645,0,0,-0.61357296,6.87992,1.9443101,0.050000001,1.1854947,0.12826659,0,6.87992,1.9443099,0.001
194,-0.017731106,0,0,-0.59683377,6.9513102,1.9442685,0.050000001,1.2051924,0.10478339,0,6.9513102,1.94427,0.001
194,-0.022191251,1.7206908e-25,-1.9645363e-22,-0.57123727,7.0226979,1.944222,0.050000001,1.2230171,0.07945168,0,7.0226998,1.9442199,0.001
194,-0.026157398,-2.9871316e-21,1.156448e-19,-0.53679311,7.0940857,1.94418,0.050000001,1.2384973,0.052790813,2.8049799e-23,7.09409,1.94418,0.001
194,-0.029542977,2.5861382e-22,3.0781817e-22,-0.49429023,7.1654754,1.94414,0.050000001,1.2512097,0.025396513,9.4096507e-27,7.1654801,1.94414,0.001
194,-0.032283179,5.9792153e-21,1.5362844e-21,-0.44518393,7.2368679,1.9440998,0.050000001,1.2608347,-0.0021006891,-3.2962115e-24,7.2368698,1.9441,0.001
194,-0.034343258,1.016558e-20,2.3552533e-19,-0.3915987,7.30826,1.9440595,0.050000001,1.2671772,-0.029079236,5.9370801e-23,7.30826,1.94406,0.001
194,-0.035719123,4.5377371e-21,9.0381962e-22,-0.33611301,7.379652,1.9440219,0.050000001,1.2701772,-0.054972239,9.4055349e-24,7.3796501,1.94402,0.001
194,-0.036432616,2.9452652e-21,-5.9061756e-20,-0.28127894,7.4510484,1.9439886,0.050000001,1.2699273,-0.079305224,-1.358821e-23,7.4510498,1.94399,0.001
194,-0.036530312,-3.5034593e-21,-5.9611256e-20,-0.22943106,7.5224404,1.9439501,0.050000001,1.2666473,-0.10171765,-2.249053e-23,7.52244,1.9439501,0.001
194,-0.036074992,9.8255882e-21,5.6119849e-20,-0.18243308,7.593832,1.9439119,0.050000001,1.2606651,-0.12197916,9.9551777e-24,7.5938301,1.94391,0.001
194,-0.035140224,2.0733734e-20,1.7333097e-19,-0.14150707,7.6652298,1.9438781,0.050000001,1.2523699,-0.139984,4.2830048e-23,7.6652298,1.94388,0.001
194,-0.033804957,2.5812365e-20,1.695602e-19,-0.10718561,7.7366281,1.9438418,0.050000001,1.2421875,-0.15573105,3.7828597e-23,7.73663,1.94384,0.001
194,-0.032145403,1.9726865e-20,1.1296786e-19,-0.079371937,7.808022,1.9438102,0.050000001,1.2305475,-0.16930151,3.0207109e-23,7.8080201,1.94381,0.001
194,-0.030233271,-1.5303313e-20,-1.1546277e-19,-0.057579629,7.8794198,1.9437808,0.050000001,1.217845,-0.18083954,-3.3394502e-23,7.8794198,1.9437799,0.001
194,-0.028133415,-1.070644e-20,-5.8352319e-20,-0.041011844,7.9508181,1.9437441,0.050000001,1.2044251,-0.19051994,-2.4205301e-23,7.95082,1.94374,0.001
194,-0.026595313,-1.5191778e-20,-9.2865771e-20,-0.032562681,7.9999967,1.9437206,0.050000001,1.1948919,-0.19603556,-1.5349028e-23,8,1.9437193,0.001
194,-0.13980609,-6.0374612e-21,2.3662528e-19,0.00019358641,1.0310751,2.0000012,0.050000001,1.2250235,0.0061850534,2.4277706e-22,1.0310751,2,0.001
194,-0.13936956,7.1864123e-22,1.4761396e-19,0.0001921786,0.99999911,1.9999996,0.050000001,1.2245401,0.009490109,1.5715951e-22,1,2,0.001
194,-0.14066291,1.0334907e-21,-1.0054044e-18,0.00017837547,1.102358,1.9999987,0.050000001,1.2258505,-0.0015924787,-1.0398613e-21,1.1023604,2,0.001
194,-0.14135954,3.9539601e-21,-6.4003061e-20,0.00017824686,1.1736337,1.9999986,0.050000001,1.2263621,-0.0095700296,-8.2659503e-23,1.1736355,2,0.001
194,-0.14187807,-8.3356372e-21,-1.3441399e-19,0.00018795537,1.2449079,1.9999987,0.050000001,1.2265218,-0.017746229,-1.4736606e-22,1.2449107,2,0.001
194,-0.14219716,-5.9926485e-21,-2.3165749e-19,0.00019350718,1.3161781,1.9999954,0.050000001,1.2262955,-0.026113421,-2.3677836e-22,1.3161801,2,0.001
194,-0.14229307,7.8431909e-21,2.6883556e-19,0.00018064928,1.3874437,1.9999989,0.050000001,1.2256382,-0.034657314,2.5844464e-22,1.3874453,2,0.001
194,-0.14214334,-6.4801008e-22,-9.133687e-20,0.0001724223,1.4587139,1.9999983,0.050000001,1.2245141,-0.043357119,-1.0604594e-22,1.4587147,2,0.001
194,-0.14172311,-3.0917107e-21,-1.3230725e-19,0.00018052015,1.5299799,1.9999979,0.050000001,1.2228827,-0.052183956,-1.3196271e-22,1.5299799,2,0.001
194,-0.1410092,-3.2614533e-20,-5.5036333e-19,0.00019487385,1.601244,1.9999987,0.050000001,1.2207037,-0.061102454,-5.457834e-22,1.6012454,2,0.001
194,-0.13998009,3.7017744e-20,4.9017808e-19,0.00019092621,1.672509,1.9999996,0.050000001,1.2179512,-0.07007058,4.8973661e-22,1.6725107,2,0.001
194,-0.13861649,3.7605204e-20,5.9972973e-19,0.00016801937,1.7437754,2.0000005,0.050000001,1.2145925,-0.079039708,5.9286605e-22,1.7437762,2,0.001
194,-0.13690238,-1.0032236e-19,-1.3041286e-18,0.00016653567,1.8150445,1.9999992,0.050000001,1.2106006,-0.087956242,-1.3255725e-21,1.8150456,2,0.001
194,-0.13482486,-4.0222329e-20,-5.5258364e-19,0.00017402644,1.8863115,1.9999994,0.050000001,1.2059653,-0.096760996,-5.6420422e-22,1.8863112,2,0.001
194,-0.13237728,1.468943e-20,1.8145281e-19,0.00018897957,1.9575788,1.9999993,0.050000001,1.2006812,-0.10539273,2.0521896e-22,1.9575806,2,0.001
194,-0.12955673,-9.9861593e-20,-1.0187097e-18,0.00018320479,2.028846,1.9999994,0.050000001,1.1947473,-0.11378767,-9.7873884e-22,2.0288463,2,0.001
194,-0.12636499,-4.2057197e-20,-4.183915e-19,0.0001608247,2.1001194,2.0000012,0.050000001,1.1881654,-0.12188105,-3.7597706e-22,2.1001217,2,0.001
194,-0.12281097,3.5829606e-20,3.6203907e-19,0.00016566363,2.1713924,2.0000005,0.050000001,1.1809528,-0.12960903,3.6235653e-22,2.1713912,2,0.001
194,-0.11890646,-3.6726506e-20,-2.9591647e-19,0.00017833029,2.2426655,1.999997,0.050000001,1.1731416,-0.13690966,-2.6397861e-22,2.242667,2,0.001
194,-0.11466863,-3.6146542e-20,-2.6684361e-19,0.00016621107,2.3139405,1.9999985,0.050000001,1.1647594,-0.14372353,-2.26934e-22,2.3139429,2,0.001
194,-0.11012065,-8.2011559e-20,-6.433466e-19,0.00015636333,2.3852208,1.9999992,0.050000001,1.1558449,-0.14999717,-5.3415006e-22,2.3852224,2,0.001
194,-0.10528795,-1.0292309e-20,-1.1541934e-19,0.00015922118,2.4565017,1.9999996,0.050000001,1.1464443,-0.15568039,-1.0691735e-22,2.456502,2,0.001
194,-0.10019983,9.9398462e-20,6.8618695e-19,0.00015552597,2.5277815,1.9999992,0.050000001,1.1366078,-0.16073057,5.3714566e-22,2.5277815,2,0.001
194,-0.094886981,-8.2583337e-21,-1.0170663e-19,0.00015241916,2.599067,1.9999983,0.050000001,1.1263877,-0.16511095,-5.6501033e-23,2.5990674,2,0.001
194,-0.089382887,-1.067426e-19,-7.5525509e-19,0.00014768066,2.6703563,1.9999977,0.050000001,1.1158421,-0.16879183,-5.4139779e-22,2.670357,2,0.001
194,-0.083721802,-6.4832756e-20,-4.3819541e-19,0.00014214349,2.7416449,2.0000012,0.050000001,1.1050316,-0.17174935,-3.2844414e-22,2.741643,2,0.001
194,-0.077937894,-5.8146538e-20,-3.5159467e-19,0.00011943694,2.8129358,1.9999989,0.050000001,1.0940127,-0.17396814,-2.2518329e-22,2.8129389,2,0.001
194,-0.072064675,-1.2661402e-20,-5.6787435e-20,0.00010805052,2.8842294,1.9999977,0.050000001,1.0828469,-0.1754372,-2.5097637e-23,2.8842323,2,0.001
194,-0.066135064,5.4717229e-20,3.4708426e-19,0.000109244,2.9555271,1.9999985,0.050000001,1.0715915,-0.17615299,2.1219339e-22,2.9555285,2,0.001
194,-0.060179949,-3.7983789e-22,3.1965981e-21,0.00010589301,3.0268283,2.0000005,0.050000001,1.0603001,-0.17611603,4.6233418e-24,3.0268281,2,0.001
194,-0.054228857,-1.4580554e-20,-6.9417688e-20,0.00010409045,3.0981302,1.9999998,0.050000001,1.0490251,-0.17533235,-4.0761342e-23,3.0981276,2,0.001
194,-0.04830851,-4.4765251e-20,-2.5984979e-19,7.5640681e-05,3.1694336,1.9999992,0.050000001,1.0378188,-0.17381126,-1.0856748e-22,3.1694338,2,0.001
194,-0.042443339,-7.6622923e-20,-4.4918534e-19,6.1432016e-05,3.2407391,1.9999993,0.050000001,1.0267289,-0.17156516,-1.7033679e-22,3.2407401,2,0.001
194,-0.036655348,-1.4436938e-20,-6.6569253e-20,6.9096961e-05,3.312048,2.0000005,0.050000001,1.0158011,-0.16860963,-2.860704e-23,3.3120499,2,0.001
194,-0.030964119,1.0286795e-20,5.6064712e-20,3.318016e-05,3.3833606,1.9999996,0.050000001,1.0050757,-0.16496122,1.7640194e-23,3.3833594,2,0.001
194,-0.025386531,-5.1289846e-23,-1.1163924e-20,2.9287418e-07,3.4546747,1.9999995,0.050000001,0.99458808,-0.1606386,-1.3564981e-23,3.4546757,2,0.001
194,-0.019937169,-5.8172898e-20,-3.7165595e-19,-1.1535885e-05,3.5259893,2.0000014,0.050000001,0.98437655,-0.15566039,-6.3204615e-23,3.5259888,2,0.001
194,-0.014628394,-4.5283234e-20,-3.039279e-19,-3.5566267e-05,3.5973084,1.9999995,0.050000001,0.97447455,-0.1500459,-4.7201495e-23,3.5973086,2,0.001
194,-0.0094707031,3.6252182e-20,2.3713782e-19,-6.1211271e-05,3.6686316,1.999999,0.050000001,0.96491265,-0.14381462,2.8181459e-23,3.6686316,2,0.001
194,-0.0044726213,-9.5727803e-21,-6.1527852e-20,-8.8602465e-05,3.739954,2.0000014,0.050000001,0.95572144,-0.13698512,7.8034436e-24,3.7399549,2,0.001
194,0.00035862744,-3.0056932e-20,-2.3076579e-19,-0.00012241941,3.8112803,1.9999992,0.050000001,0.9469294,-0.12957653,8.4869979e-24,3.8112812,2,0.001
194,0.0050172922,2.7612934e-20,2.3469872e-19,-0.00016295063,3.8826106,1.9999998,0.050000001,0.93856531,-0.1216066,-1.2079434e-23,3.882611,2,0.001
194,0.0094984081,1.7682582e-20,1.4528166e-19,-0.00020443475,3.9539387,1.9999995,0.050000001,0.93065625,-0.11309408,-6.5698368e-24,3.9539375,2,0.001
194,0.013798164,-2.5370712e-20,-2.2987954e-19,-0.00024483973,4.02527,1.9999985,0.050000001,0.92323059,-0.1040554,2.8313578e-23,4.0252705,2,0.001
194,0.017913215,-1.3211347e-20,-1.1121701e-19,-0.00029578852,4.0966015,1.9999975,0.050000001,0.91631699,-0.09450832,2.36512e-23,4.0966005,2,0.001
194,0.021840503,-2.4884408e-21,-2.5961637e-20,-0.00036037699,4.1679373,2.0000014,0.050000001,0.90994436,-0.084470086,9.6691438e-24,4.1679368,2,0.001
194,0.025577253,-6.1671497e-21,-8.2241799e-20,-0.00043582215,4.2392755,2.0000029,0.050000001,0.90414304,-0.073958643,2.5816245e-23,4.2392769,2,0.001
194,0.02912055,-7.3593371e-21,-1.113956e-19,-0.00052679557,4.3106155,1.9999992,0.050000001,0.89894456,-0.062993005,3.3769558e-23,4.3106165,2,0.001
194,0.032467276,-4.2004135e-21,-1.1407825e-19,-0.00064493954,4.3819566,1.9999985,0.050000001,0.89438248,-0.051593076,3.6766873e-23,4.3819561,2,0.001
194,0.035614137,-9.2714789e-21,-2.225927e-19,-0.00080601126,4.453301,1.9999999,0.050000001,0.89049101,-0.03978052,7.9454973e-23,4.4533029,2,0.001
194,0.038557407,-3.7005641e-21,-8.423365e-20,-0.0010453361,4.5246463,2.0000014,0.050000001,0.88730609,-0.027580263,2.8025887e-23,4.5246496,2,0.001
194,0.041292973,9.7177455e-22,2.3582008e-20,-0.0014132652,4.5959921,1.9999994,0.050000001,0.88486284,-0.015020903,-1.3934964e-23,4.5959926,2,0.001
194,0.043815874,-1.7491225e-21,7.4471064e-20,-0.0020151127,4.6673436,2.0000005,0.050000001,0.88319701,-0.0021347711,-4.5373752e-23,4.6673427,2,0.001
194,0.046120889,-4.0483092e-21,1.0485696e-19,-0.0030271499,4.7386975,1.9999994,0.050000001,0.88234127,0.011038143,-5.7969235e-23,4.738699,2,0.001
194,0.048201647,4.3544205e-21,-2.6824126e-19,-0.0047231023,4.8100491,1.9999967,0.050000001,0.88232243,0.02444805,1.337482e-22,4.8100491,2,0.001
194,0.050051298,-3.4801177e-21,-7.7970032e-20,-0.0075224871,4.8814006,1.9999992,0.050000001,0.88315588,0.038034838,3.453427e-23,4.8813992,2,0.001
194,0.051662646,-7.6853181e-21,1.3444376e-19,-0.011985726,4.9527583,2.0000029,0.050000001,0.88484222,0.051725317,-7.2032764e-23,4.9527588,2,0.001
194,0.053027853,5.3711943e-21,-8.1458394e-20,-0.018802617,5.0241146,1.9999988,0.050000001,0.88736147,0.065429442,4.4972373e-23,5.0241151,2,0.001
194,0.054138549,1.8429159e-20,-1.8756609e-19,-0.028736759,5.0954709,1.9999965,0.050000001,0.8906703,0.079043955,1.061721e-22,5.0954752,2,0.001
194,0.054986473,-3.2524845e-21,3.1969962e-20,-0.042490337,5.1668301,1.9999993,0.050000001,0.89470536,0.092454024,-1.6552154e-23,5.1668353,2,0.001
194,0.055564214,-3.5182974e-20,3.0167448e-19,-0.060581658,5.2381945,1.9999995,0.050000001,0.8993836,0.10554046,-1.7161254e-22,5.2381949,2,0.001
194,0.055863753,-2.6371974e-20,1.6819036e-19,-0.083240569,5.3095632,1.9999999,0.050000001,0.90461671,0.11818775,-9.4842172e-23,5.3095651,2,0.001
194,0.055878125,-2.6915876e-20,1.4463832e-19,-0.11029352,5.3809271,2.0000002,0.050000001,0.91032487,0.13028915,-7.7130774e-23,5.3809247,2,0.001
194,0.055601962,3.0825923e-20,-2.235567e-19,-0.14115179,5.4522943,2.0000024,0.050000001,0.91645062,0.14175716,1.2404982e-22,5.4522948,2,0.001
194,0.055029813,5.7886474e-20,-3.6480759e-19,-0.17492604,5.5236597,1.9999989,0.050000001,0.92296493,0.15252417,2.0189628e-22,5.5236616,2,0.001
194,0.054157522,2.5102768e-20,-1.4607096e-19,-0.21046534,5.5950294,2.0000017,0.050000001,0.92988926,0.16253906,7.5872964e-23,5.5950313,2,0.001
194,0.05298223,4.1909493e-20,-2.3749485e-19,-0.24656172,5.6664023,1.9999999,0.050000001,0.93727952,0.17176598,1.1758896e-22,5.6664014,2,0.001
194,0.051500998,3.9044266e-20,-2.0897633e-19,-0.28211126,5.7377734,2.0000017,0.050000001,0.94523561,0.18017203,1.0262877e-22,5.7377715,2,0.001
194,0.049711946,4.8276385e-21,-3.5630188e-20,-0.31620082,5.809144,2.0000026,0.050000001,0.9538852,0.18771844,1.704531e-23,5.8091412,2,0.001
194,0.047613245,2.2700322e-20,-1.1875531e-19,-0.34820265,5.880517,1.9999987,0.050000001,0.96336854,0.19435185,5.1499418e-23,5.880518,2,0.001
194,0.045203391,9.5702398e-21,-5.4872221e-20,-0.37778798,5.9518919,2.0000002,0.050000001,0.97382861,0.19999336,2.797001e-23,5.9518909,2,0.001
194,0.042482384,1.8883682e-20,-9.4131267e-20,-0.40487516,6.0232668,2,0.050000001,0.98539633,0.20453523,3.26328e-23,6.0232682,2,0.001
194,0.039450403,2.5555962e-20,-1.1825863e-19,-0.42959028,6.094646,1.9999961,0.050000001,0.99817199,0.20784098,4.4583238e-23,6.0946479,2,0.001
194,0.036110081,-1.954363e-20,9.2680224e-20,-0.45208547,6.166028,1.9999996,0.050000001,1.0122218,0.20974293,-3.288143e-23,6.1660275,2,0.001
194,0.032468054,-2.723602e-20,1.2123061e-19,-0.47253475,6.2374072,1.9999993,0.050000001,1.0275635,0.2100528,-3.1891157e-23,6.2374077,2,0.001
194,0.028535591,1.7944223e-20,-1.0096829e-19,-0.49104336,6.3087845,2.0000002,0.050000001,1.0441695,0.20856577,2.0741649e-23,6.3087878,2,0.001
194,0.024331234,3.1445332e-20,-1.6748621e-19,-0.50754172,6.380167,2.0000002,0.050000001,1.0619515,0.2050762,3.6102967e-23,6.3801675,2,0.001
194,0.019882165,-1.9240358e-20,9.8505243e-20,-0.5217697,6.4515505,1.9999988,0.050000001,1.0807599,0.19938943,-2.0014545e-23,6.4515476,2,0.001
194,0.015226951,-1.1845112e-20,7.1200205e-20,-0.5332104,6.5229335,2.0000002,0.050000001,1.100391,0.19133668,-1.2500387e-23,6.5229344,2,0.001
194,0.010417564,9.5967357e-26,-8.3814515e-23,-0.54120529,6.5943184,1.9999995,0.050000001,1.1205736,0.18079627,0,6.5943174,2,0.001
194,0.0055183158,-2.1502231e-21,1.6376081e-20,-0.5449667,6.6657038,1.9999979,0.050000001,1.1409733,0.16770928,-5.4452125e-25,6.6657043,2,0.001
194,0.00060698565,-2.1533842e-21,1.639246e-20,-0.54356736,6.7370882,2.0000007,0.050000001,1.1612055,0.1520925,-5.4531967e-25,6.7370872,2,0.001
194,-0.0042279395,5.3844972e-27,-3.8116939e-24,-0.53612828,6.808475,1.9999992,0.050000001,1.1808478,0.13405724,0,6.8084745,2,0.001
194,-0.0088898903,0,0,-0.52195519,6.8798642,2.0000029,0.050000001,1.1994501,0.11381081,0,6.8798642,2,0.001
194,-0.013280518,0,0,-0.50066364,6.9512539,2.000001,0.050000001,1.2165443,0.091665551,0,6.9512544,2,0.001
194,-0.017304195,5.1973608e-26,-5.9338976e-23,-0.47224361,7.0226417,2.0000007,0.050000001,1.2316909,0.068021618,0,7.022644,2,0.001
194,-0.020875756,-9.9625807e-22,3.4760688e-20,-0.43715808,7.0940309,2,0.050000001,1.2444916,0.04335637,8.4584774e-24,7.0940342,2,0.001
194,-0.023925368,9.5656329e-22,1.2250898e-19,-0.39648566,7.1654229,1.9999999,0.050000001,1.2546171,0.018195935,1.6049572e-23,7.1654243,2,0.001
194,-0.026403833,3.9450223e-21,1.2336513e-19,-0.35178319,7.236815,1.9999998,0.050000001,1.2618384,-0.0069173248,2.0811913e-23,7.236814,2,0.001
194,-0.028286241,9.1952798e-21,1.5346979e-19,-0.3049559,7.3082094,2.0000012,0.050000001,1.2660451,-0.031461958,3.7621363e-23,7.3082108,2,0.001
194,-0.029572481,4.1708224e-21,9.28116e-23,-0.25811499,7.3796015,1.9999994,0.050000001,1.2672498,-0.054971475,-8.0937923e-25,7.379601,2,0.001
194,-0.030282881,-6.3461256e-21,-1.8240457e-19,-0.21317945,7.4509964,1.9999995,0.050000001,1.2655858,-0.077064931,-3.5446635e-23,7.450994,2,0.001
194,-0.030457078,1.2853207e-21,-1.8812784e-20,-0.17178617,7.5223913,2.000001,0.050000001,1.2612876,-0.097458728,-6.6240382e-24,7.5223908,2,0.001
194,-0.030148331,1.107631e-20,9.7317166e-20,-0.13509315,7.5937829,1.9999993,0.050000001,1.2546704,-0.11597399,1.6450481e-23,7.593781,2,0.001
194,-0.029416552,7.8107781e-21,5.0587881e-20,-0.10375648,7.6651807,2.0000007,0.050000001,1.2460923,-0.13253111,1.1987895e-23,7.6651807,2,0.001
194,-0.028326688,1.0819554e-22,-2.9659798e-20,-0.077944882,7.7365785,2.0000002,0.050000001,1.2359272,-0.14713223,1.7748917e-24,7.7365808,2,0.001
194,-0.026941707,-8.0678092e-21,-8.5432907e-20,-0.057336111,7.8079753,2,0.050000001,1.2245404,-0.15984352,-6.5867704e-24,7.8079777,2,0.001
194,-0.025320893,2.349438e-20,1.6113023e-19,-0.041381478,7.8793736,1.9999993,0.050000001,1.2122673,-0.1707778,2.0331191e-23,7.8793707,2,0.001
194,-0.023517532,2.8061236e-21,2.3692454e-20,-0.029392032,7.9507713,2.0000026,0.050000001,1.1993943,-0.18007123,3.4655275e-24,7.9507709,2,0.001
194,-0.022181543,-3.1132106e-20,-2.0198501e-19,-0.023326594,7.999999,2.000001,0.050000001,1.190276,-0.18545064,-2.9941553e-23,8,2,0.001
